0 0 0
1 0 0
2 0 0
3 0 0
4 0 0
5 0 0
6 0 0
7 0 50
8 0 66
9 0 50
10 0 50
11 0 50
12 0 60
13 0 66
14 0 57
15 0 57
16 0 57
17 0 50
18 0 44
19 0 40
20 0 40
21 0 40
22 0 45
23 0 45
24 0 45
25 0 41
26 0 38
27 0 42
28 0 42
29 0 42
30 0 42
31 0 40
32 0 37
33 0 37
34 0 35
35 0 35
36 0 35
37 0 35
38 0 33
39 0 33
40 0 33
41 0 31
42 0 35
43 0 33
44 0 33
45 0 33
46 0 33
47 0 33
48 0 31
49 0 31
50 0 31
51 0 31
52 0 30
53 0 33
54 0 36
55 0 36
56 0 34
57 0 33
58 0 32
59 0 31
60 0 31
61 0 30
62 0 30
63 0 32
64 0 32
65 0 32
66 0 32
67 0 32
68 0 32
69 0 31
70 0 30
71 0 29
72 0 29
73 0 31
74 0 30
75 0 29
76 0 29
77 0 28
78 0 28
79 0 28
80 0 27
81 0 27
82 0 26
83 0 26
84 0 26
85 0 26
86 0 26
87 0 25
88 0 25
89 1 25
90 1 25
91 1 27
92 1 28
93 1 28
94 1 28
95 1 28
96 1 28
97 1 27
98 1 27
99 1 27
100 1 27
101 1 27
102 1 27
103 1 27
104 1 26
105 1 26
106 1 26
107 1 26
108 1 26
109 1 26
110 1 26
111 1 25
112 1 25
113 1 25
114 1 24
115 1 24
116 1 23
117 1 23
118 1 23
119 1 23
120 1 22
121 1 22
122 1 22
123 1 22
124 1 22
125 1 22
126 1 21
127 1 21
128 1 22
129 1 22
130 1 22
131 2 23
132 2 23
133 2 23
134 2 23
135 2 23
136 2 23
137 2 22
138 2 22
139 2 22
140 2 22
141 2 22
142 2 21
143 2 21
144 2 22
145 2 22
146 2 22
147 2 22
148 2 21
149 2 21
150 2 21
151 2 21
152 2 22
153 2 22
154 2 22
155 2 23
156 2 23
157 2 23
158 2 23
159 2 23
160 2 22
161 2 22
162 2 22
163 2 22
164 2 23
165 2 23
166 2 23
167 3 23
168 3 23
169 3 23
170 3 23
171 3 23
172 3 23
173 3 23
174 3 23
175 3 22
176 3 22
177 3 22
178 3 22
179 3 22
180 3 22
181 3 23
182 3 23
183 3 23
184 3 22
185 3 22
186 3 22
187 3 22
188 3 22
189 3 23
190 3 23
191 3 23
192 3 23
193 3 23
194 3 24
195 3 24
196 3 25
197 4 25
198 4 25
199 4 25
200 4 25
201 4 25
202 4 25
203 4 25
204 4 25
205 4 25
206 4 25
207 4 25
208 4 25
209 4 25
210 4 25
211 4 25
212 4 25
213 4 25
214 4 24
215 4 25
216 4 25
217 4 25
218 4 25
219 4 25
220 4 25
221 4 25
222 4 25
223 4 26
224 4 27
225 4 27
226 4 27
227 4 26
228 5 26
229 5 26
230 5 27
231 5 27
232 5 27
233 5 27
234 5 28
235 5 28
236 5 28
237 5 28
238 5 28
239 5 28
240 5 28
241 5 28
242 5 28
243 5 28
244 5 28
245 5 28
246 5 28
247 5 28
248 5 28
249 5 28
250 5 28
251 5 28
252 5 28
253 5 28
254 5 28
255 5 27
256 5 27
257 5 27
258 5 28
259 5 28
260 5 28
261 6 29
262 6 29
263 6 29
264 6 29
265 6 30
266 6 30
267 6 30
268 6 30
269 6 30
270 6 30
271 6 30
272 6 31
273 6 31
274 6 31
275 6 31
276 6 30
277 6 30
278 6 31
279 6 31
280 6 31
281 6 31
282 6 31
283 6 31
284 6 31
285 6 31
286 6 31
287 6 31
288 6 31
289 6 31
290 6 31
291 6 31
292 7 31
293 7 31
294 7 31
295 7 32
296 7 32
297 7 33
298 7 33
299 7 33
300 7 33
301 7 33
302 7 33
303 7 33
304 7 33
305 7 33
306 7 33
307 7 33
308 7 34
309 7 34
310 8 34
311 8 35
312 8 35
313 8 35
314 8 36
315 8 36
316 8 36
317 8 36
318 8 36
319 8 36
320 8 36
321 8 37
322 8 37
323 8 37
324 8 37
325 8 37
326 8 38
327 8 38
328 8 38
329 9 38
330 9 38
331 9 38
332 9 38
333 9 39
334 9 39
335 9 39
336 9 40
337 9 40
338 10 40
339 10 40
340 10 40
341 10 41
342 10 41
343 10 41
344 10 41
345 10 41
346 10 42
347 10 42
348 11 41
349 11 41
350 11 42
351 11 42
352 11 42
353 11 43
354 11 43
355 11 43
356 11 43
357 11 43
358 11 44
359 11 44
360 11 44
361 11 44
362 11 44
363 11 44
364 12 44
365 12 45
366 12 45
367 12 45
368 12 44
369 12 45
370 12 44
371 12 44
372 12 45
373 12 45
374 12 45
375 12 45
376 12 45
377 12 45
378 13 45
379 13 46
380 13 45
381 13 45
382 13 46
383 13 46
384 13 46
385 13 46
386 13 46
387 13 46
388 13 46
389 13 46
390 13 46
391 13 46
392 14 46
393 14 46
394 14 47
395 14 47
396 14 47
397 14 47
398 15 48
399 15 48
400 15 48
401 15 48
402 16 49
403 16 49
404 16 49
405 16 49
406 16 50
407 17 50
408 17 50
409 17 50
410 18 50
411 18 51
412 18 51
413 19 51
414 19 51
415 19 51
416 19 51
417 20 51
418 20 51
419 21 51
420 21 51
421 21 51
422 21 52
423 21 51
424 21 52
425 21 52
426 23 52
427 23 52
428 24 52
429 26 53
430 27 53
431 27 53
432 28 53
433 28 53
434 28 53
435 29 53
436 30 54
437 30 54
438 30 54
439 31 54
440 31 54
441 31 54
442 31 55
443 32 55
444 34 55
445 39 55
446 48 55
447 65 55
448 100 56
