0 0 0
1 0 0
2 0 0
3 0 100
4 0 100
5 0 100
6 0 100
7 0 100
8 0 100
9 0 100
10 0 100
11 0 100
12 0 100
13 0 100
14 0 100
15 0 100
16 0 100
17 0 100
18 0 100
19 0 100
20 0 100
21 0 100
22 0 100
23 0 100
24 0 100
25 0 100
26 0 100
27 0 92
28 0 92
29 0 92
30 0 92
31 0 92
32 0 93
33 0 93
34 0 93
35 0 94
36 0 94
37 0 94
38 0 94
39 0 94
40 0 94
41 0 94
42 0 95
43 0 90
44 0 90
45 0 90
46 0 90
47 0 90
48 0 90
49 0 90
50 0 90
51 0 91
52 0 91
53 0 91
54 0 92
55 0 92
56 0 92
57 0 92
58 0 92
59 0 92
60 0 93
61 0 90
62 0 90
63 0 90
64 0 90
65 0 90
66 0 90
67 0 90
68 0 90
69 0 87
70 0 85
71 0 85
72 0 85
73 0 85
74 0 83
75 0 83
76 0 83
77 0 84
78 0 84
79 0 84
80 0 84
81 0 85
82 0 85
83 0 83
84 0 83
85 0 83
86 0 83
87 0 83
88 0 83
89 1 83
90 1 83
91 1 81
92 1 80
93 1 80
94 1 80
95 1 80
96 1 80
97 1 78
98 1 78
99 1 78
100 1 78
101 1 77
102 1 77
103 1 77
104 1 77
105 1 77
106 1 77
107 1 77
108 1 77
109 1 78
110 1 78
111 1 78
112 1 78
113 1 79
114 1 77
115 1 77
116 1 77
117 1 78
118 1 78
119 1 78
120 1 78
121 1 78
122 1 79
123 1 77
124 1 77
125 1 77
126 1 78
127 1 78
128 1 77
129 1 77
130 1 77
131 2 77
132 2 78
133 2 78
134 2 76
135 2 76
136 2 76
137 2 77
138 2 76
139 2 76
140 2 76
141 2 76
142 2 76
143 2 76
144 2 75
145 2 76
146 2 76
147 2 76
148 2 76
149 2 76
150 2 77
151 2 77
152 2 77
153 2 77
154 2 77
155 2 77
156 2 76
157 2 76
158 2 76
159 2 76
160 2 77
161 2 77
162 2 77
163 2 77
164 2 77
165 2 77
166 2 78
167 3 78
168 3 78
169 3 78
170 3 78
171 3 78
172 3 78
173 3 78
174 3 77
175 3 77
176 3 77
177 3 77
178 3 77
179 3 76
180 3 76
181 3 76
182 3 76
183 3 76
184 3 77
185 3 76
186 3 76
187 3 76
188 3 76
189 3 75
190 3 75
191 3 74
192 3 74
193 3 73
194 3 73
195 3 72
196 3 72
197 4 72
198 4 72
199 4 72
200 4 72
201 4 72
202 4 72
203 4 72
204 4 71
205 4 71
206 4 71
207 4 71
208 4 71
209 4 70
210 4 70
211 4 70
212 4 70
213 4 70
214 4 69
215 4 69
216 4 69
217 4 69
218 4 68
219 4 68
220 4 68
221 4 68
222 4 68
223 4 68
224 4 68
225 4 68
226 4 68
227 4 67
228 5 66
229 5 66
230 5 65
231 5 66
232 5 66
233 5 66
234 5 65
235 5 65
236 5 64
237 5 64
238 5 65
239 5 65
240 5 65
241 5 65
242 5 65
243 5 64
244 5 64
245 5 64
246 5 64
247 5 64
248 5 63
249 5 63
250 5 63
251 5 62
252 5 62
253 5 62
254 5 61
255 5 61
256 5 61
257 5 61
258 5 61
259 5 61
260 5 60
261 6 60
262 6 60
263 6 59
264 6 59
265 6 58
266 6 58
267 6 58
268 6 58
269 6 58
270 6 57
271 6 58
272 6 58
273 6 58
274 6 57
275 6 57
276 6 57
277 6 56
278 6 56
279 6 56
280 6 56
281 6 56
282 6 56
283 6 56
284 6 56
285 6 56
286 6 56
287 6 55
288 6 55
289 6 55
290 6 55
291 6 55
292 7 55
293 7 55
294 7 54
295 7 54
296 7 54
297 7 54
298 7 53
299 7 53
300 7 53
301 7 53
302 7 53
303 7 52
304 7 52
305 7 52
306 7 52
307 7 52
308 7 51
309 7 51
310 8 51
311 8 51
312 8 51
313 8 50
314 8 50
315 8 50
316 8 50
317 8 49
318 8 49
319 8 49
320 8 49
321 8 49
322 8 49
323 8 48
324 8 48
325 8 48
326 8 48
327 8 48
328 8 48
329 9 48
330 9 48
331 9 48
332 9 48
333 9 47
334 9 48
335 9 47
336 9 47
337 9 47
338 10 47
339 10 48
340 10 47
341 10 48
342 10 48
343 10 47
344 10 47
345 10 47
346 10 47
347 10 47
348 11 47
349 11 46
350 11 46
351 11 46
352 11 46
353 11 45
354 11 45
355 11 45
356 11 45
357 11 44
358 11 44
359 11 44
360 11 44
361 11 44
362 11 44
363 11 44
364 12 43
365 12 43
366 12 43
367 12 43
368 12 43
369 12 43
370 12 42
371 12 42
372 12 42
373 12 42
374 12 42
375 12 42
376 12 42
377 12 42
378 13 42
379 13 42
380 13 41
381 13 41
382 13 41
383 13 41
384 13 41
385 13 41
386 13 41
387 13 41
388 13 40
389 13 40
390 13 40
391 13 40
392 14 40
393 14 39
394 14 39
395 14 39
396 14 39
397 14 39
398 15 38
399 15 38
400 15 38
401 15 38
402 16 38
403 16 38
404 16 37
405 16 37
406 16 37
407 17 37
408 17 37
409 17 37
410 18 36
411 18 36
412 18 36
413 19 36
414 19 36
415 19 36
416 19 36
417 20 36
418 20 36
419 21 36
420 21 36
421 21 36
422 21 36
423 21 35
424 21 35
425 21 35
426 23 35
427 23 35
428 24 35
429 26 34
430 27 34
431 27 34
432 28 34
433 28 34
434 28 34
435 29 34
436 30 34
437 30 34
438 30 34
439 31 33
440 31 33
441 31 33
442 31 33
443 32 33
444 34 33
445 39 33
446 48 32
447 65 32
448 100 32
