0 0 0
1 0 0
2 0 0
3 0 0
4 0 0
5 0 0
6 0 0
7 0 0
8 0 33
9 0 25
10 0 25
11 0 25
12 0 40
13 0 33
14 0 28
15 0 28
16 0 28
17 0 25
18 0 33
19 0 30
20 0 30
21 0 30
22 0 36
23 0 36
24 0 36
25 0 41
26 0 46
27 0 50
28 0 50
29 0 50
30 0 50
31 0 53
32 0 56
33 0 56
34 0 58
35 0 58
36 0 58
37 0 58
38 0 61
39 0 61
40 0 61
41 0 63
42 0 65
43 0 66
44 0 66
45 0 66
46 0 66
47 0 66
48 0 63
49 0 63
50 0 63
51 0 63
52 0 65
53 0 66
54 0 68
55 0 68
56 0 69
57 0 70
58 0 71
59 0 72
60 0 72
61 0 73
62 0 73
63 0 74
64 0 74
65 0 74
66 0 74
67 0 74
68 0 74
69 0 71
70 0 72
71 0 73
72 0 73
73 0 74
74 0 75
75 0 75
76 0 75
77 0 76
78 0 74
79 0 74
80 0 75
81 0 75
82 0 73
83 0 73
84 0 71
85 0 71
86 0 71
87 0 72
88 0 72
89 1 72
90 1 72
91 1 72
92 1 73
93 1 73
94 1 73
95 1 73
96 1 71
97 1 70
98 1 70
99 1 70
100 1 68
101 1 68
102 1 68
103 1 68
104 1 67
105 1 67
106 1 67
107 1 67
108 1 67
109 1 68
110 1 68
111 1 66
112 1 66
113 1 67
114 1 66
115 1 64
116 1 63
117 1 63
118 1 62
119 1 62
120 1 63
121 1 62
122 1 62
123 1 62
124 1 61
125 1 61
126 1 60
127 1 60
128 1 60
129 1 61
130 1 60
131 2 60
132 2 60
133 2 60
134 2 60
135 2 60
136 2 60
137 2 60
138 2 59
139 2 59
140 2 59
141 2 60
142 2 60
143 2 60
144 2 61
145 2 61
146 2 61
147 2 61
148 2 61
149 2 61
150 2 60
151 2 60
152 2 59
153 2 59
154 2 59
155 2 58
156 2 58
157 2 57
158 2 57
159 2 57
160 2 58
161 2 58
162 2 58
163 2 57
164 2 56
165 2 56
166 2 57
167 3 57
168 3 57
169 3 57
170 3 57
171 3 57
172 3 57
173 3 57
174 3 57
175 3 56
176 3 56
177 3 55
178 3 55
179 3 55
180 3 55
181 3 54
182 3 54
183 3 54
184 3 54
185 3 53
186 3 53
187 3 53
188 3 52
189 3 52
190 3 51
191 3 51
192 3 51
193 3 51
194 3 51
195 3 52
196 3 51
197 4 51
198 4 51
199 4 51
200 4 51
201 4 51
202 4 50
203 4 50
204 4 50
205 4 50
206 4 50
207 4 50
208 4 50
209 4 49
210 4 49
211 4 50
212 4 50
213 4 50
214 4 49
215 4 49
216 4 48
217 4 48
218 4 48
219 4 48
220 4 47
221 4 47
222 4 47
223 4 47
224 4 47
225 4 47
226 4 47
227 4 47
228 5 46
229 5 46
230 5 46
231 5 46
232 5 46
233 5 46
234 5 46
235 5 45
236 5 45
237 5 45
238 5 45
239 5 45
240 5 45
241 5 45
242 5 45
243 5 45
244 5 44
245 5 44
246 5 44
247 5 44
248 5 43
249 5 43
250 5 43
251 5 42
252 5 42
253 5 42
254 5 42
255 5 42
256 5 42
257 5 42
258 5 41
259 5 41
260 5 41
261 6 41
262 6 41
263 6 40
264 6 40
265 6 40
266 6 40
267 6 39
268 6 39
269 6 39
270 6 39
271 6 39
272 6 38
273 6 38
274 6 38
275 6 38
276 6 38
277 6 37
278 6 38
279 6 38
280 6 38
281 6 38
282 6 37
283 6 37
284 6 37
285 6 37
286 6 37
287 6 38
288 6 37
289 6 37
290 6 37
291 6 37
292 7 37
293 7 37
294 7 37
295 7 36
296 7 36
297 7 37
298 7 37
299 7 37
300 7 37
301 7 37
302 7 37
303 7 37
304 7 37
305 7 37
306 7 36
307 7 36
308 7 36
309 7 36
310 8 36
311 8 36
312 8 36
313 8 36
314 8 36
315 8 36
316 8 36
317 8 36
318 8 36
319 8 36
320 8 36
321 8 36
322 8 36
323 8 36
324 8 36
325 8 36
326 8 36
327 8 36
328 8 36
329 9 36
330 9 36
331 9 35
332 9 35
333 9 36
334 9 36
335 9 35
336 9 35
337 9 35
338 10 35
339 10 35
340 10 35
341 10 35
342 10 35
343 10 35
344 10 35
345 10 35
346 10 35
347 10 35
348 11 34
349 11 34
350 11 34
351 11 34
352 11 34
353 11 34
354 11 33
355 11 33
356 11 33
357 11 33
358 11 33
359 11 32
360 11 32
361 11 32
362 11 32
363 11 32
364 12 32
365 12 32
366 12 32
367 12 32
368 12 32
369 12 31
370 12 31
371 12 31
372 12 31
373 12 31
374 12 31
375 12 31
376 12 31
377 12 31
378 13 31
379 13 31
380 13 31
381 13 31
382 13 30
383 13 30
384 13 30
385 13 30
386 13 30
387 13 30
388 13 30
389 13 30
390 13 30
391 13 29
392 14 29
393 14 29
394 14 29
395 14 29
396 14 29
397 14 29
398 15 28
399 15 28
400 15 28
401 15 28
402 16 28
403 16 28
404 16 28
405 16 28
406 16 28
407 17 28
408 17 28
409 17 27
410 18 28
411 18 28
412 18 28
413 19 27
414 19 27
415 19 27
416 19 27
417 20 27
418 20 27
419 21 27
420 21 27
421 21 27
422 21 27
423 21 27
424 21 27
425 21 27
426 23 27
427 23 26
428 24 26
429 26 26
430 27 26
431 27 26
432 28 26
433 28 26
434 28 26
435 29 26
436 30 26
437 30 26
438 30 26
439 31 26
440 31 26
441 31 26
442 31 25
443 32 26
444 34 26
445 39 26
446 48 25
447 65 25
448 100 26
