0 0 0
1 0 0
2 0 0
3 0 0
4 0 0
5 0 0
6 0 0
7 0 0
8 0 0
9 0 0
10 0 0
11 0 0
12 0 0
13 0 0
14 0 0
15 0 0
16 0 0
17 0 0
18 0 0
19 0 0
20 0 0
21 0 0
22 0 0
23 0 0
24 0 0
25 0 0
26 0 0
27 0 0
28 0 0
29 0 0
30 0 0
31 0 0
32 0 0
33 0 0
34 0 0
35 0 0
36 0 0
37 0 0
38 0 0
39 0 0
40 0 0
41 0 0
42 0 0
43 0 0
44 0 0
45 0 0
46 0 0
47 0 0
48 0 0
49 0 0
50 0 0
51 0 0
52 0 0
53 0 0
54 0 0
55 0 0
56 0 0
57 0 0
58 0 0
59 0 0
60 0 0
61 0 0
62 0 0
63 0 0
64 0 0
65 0 0
66 0 0
67 0 0
68 0 0
69 0 0
70 0 0
71 0 0
72 0 0
73 0 0
74 0 0
75 0 0
76 0 0
77 0 0
78 0 0
79 0 0
80 0 0
81 0 0
82 0 0
83 0 0
84 0 0
85 0 0
86 0 0
87 0 0
88 0 0
89 1 0
90 1 0
91 1 0
92 1 0
93 1 0
94 1 0
95 1 0
96 1 0
97 1 0
98 1 0
99 1 0
100 1 0
101 1 0
102 1 0
103 1 0
104 1 0
105 1 0
106 1 0
107 1 0
108 1 0
109 1 0
110 1 0
111 1 0
112 1 0
113 1 0
114 1 0
115 1 0
116 1 0
117 1 0
118 1 0
119 1 0
120 1 0
121 1 0
122 1 0
123 1 0
124 1 0
125 1 0
126 1 0
127 1 0
128 1 0
129 1 0
130 1 0
131 2 0
132 2 0
133 2 0
134 2 0
135 2 0
136 2 0
137 2 0
138 2 0
139 2 0
140 2 0
141 2 0
142 2 1
143 2 1
144 2 1
145 2 1
146 2 1
147 2 1
148 2 1
149 2 1
150 2 2
151 2 2
152 2 3
153 2 3
154 2 3
155 2 5
156 2 5
157 2 6
158 2 6
159 2 6
160 2 6
161 2 6
162 2 6
163 2 6
164 2 6
165 2 6
166 2 6
167 3 6
168 3 6
169 3 6
170 3 6
171 3 6
172 3 6
173 3 6
174 3 6
175 3 6
176 3 6
177 3 5
178 3 5
179 3 5
180 3 5
181 3 6
182 3 6
183 3 6
184 3 8
185 3 7
186 3 7
187 3 7
188 3 7
189 3 7
190 3 7
191 3 7
192 3 7
193 3 7
194 3 7
195 3 7
196 3 7
197 4 7
198 4 7
199 4 7
200 4 7
201 4 8
202 4 8
203 4 8
204 4 8
205 4 8
206 4 8
207 4 8
208 4 8
209 4 8
210 4 8
211 4 8
212 4 8
213 4 8
214 4 7
215 4 7
216 4 8
217 4 8
218 4 8
219 4 8
220 4 8
221 4 8
222 4 8
223 4 8
224 4 8
225 4 8
226 4 8
227 4 8
228 5 8
229 5 8
230 5 8
231 5 8
232 5 8
233 5 8
234 5 8
235 5 8
236 5 8
237 5 8
238 5 9
239 5 9
240 5 9
241 5 9
242 5 9
243 5 9
244 5 9
245 5 10
246 5 11
247 5 11
248 5 10
249 5 10
250 5 10
251 5 10
252 5 10
253 5 10
254 5 10
255 5 10
256 5 10
257 5 10
258 5 11
259 5 11
260 5 12
261 6 12
262 6 12
263 6 12
264 6 12
265 6 13
266 6 13
267 6 13
268 6 13
269 6 13
270 6 14
271 6 14
272 6 14
273 6 14
274 6 14
275 6 14
276 6 14
277 6 14
278 6 14
279 6 14
280 6 14
281 6 14
282 6 14
283 6 14
284 6 14
285 6 14
286 6 14
287 6 14
288 6 14
289 6 14
290 6 15
291 6 15
292 7 15
293 7 15
294 7 15
295 7 16
296 7 17
297 7 17
298 7 18
299 7 18
300 7 18
301 7 18
302 7 18
303 7 18
304 7 18
305 7 18
306 7 19
307 7 18
308 7 18
309 7 19
310 8 19
311 8 20
312 8 20
313 8 20
314 8 21
315 8 21
316 8 21
317 8 21
318 8 21
319 8 21
320 8 21
321 8 21
322 8 22
323 8 22
324 8 22
325 8 22
326 8 23
327 8 23
328 8 23
329 9 24
330 9 24
331 9 24
332 9 24
333 9 25
334 9 25
335 9 26
336 9 26
337 9 26
338 10 26
339 10 26
340 10 26
341 10 27
342 10 27
343 10 27
344 10 27
345 10 27
346 10 28
347 10 28
348 11 28
349 11 28
350 11 28
351 11 28
352 11 29
353 11 29
354 11 30
355 11 29
356 11 30
357 11 30
358 11 31
359 11 31
360 11 31
361 11 31
362 11 31
363 11 32
364 12 32
365 12 32
366 12 32
367 12 32
368 12 33
369 12 33
370 12 33
371 12 33
372 12 34
373 12 34
374 12 34
375 12 34
376 12 34
377 12 34
378 13 34
379 13 34
380 13 34
381 13 34
382 13 35
383 13 35
384 13 35
385 13 35
386 13 35
387 13 35
388 13 36
389 13 36
390 13 36
391 13 36
392 14 37
393 14 37
394 14 37
395 14 38
396 14 38
397 14 38
398 15 38
399 15 38
400 15 38
401 15 38
402 16 39
403 16 39
404 16 39
405 16 40
406 16 40
407 17 40
408 17 40
409 17 41
410 18 41
411 18 41
412 18 41
413 19 42
414 19 42
415 19 42
416 19 42
417 20 42
418 20 42
419 21 42
420 21 42
421 21 42
422 21 42
423 21 43
424 21 43
425 21 43
426 23 43
427 23 43
428 24 44
429 26 44
430 27 44
431 27 44
432 28 44
433 28 44
434 28 45
435 29 45
436 30 45
437 30 45
438 30 46
439 31 46
440 31 46
441 31 46
442 31 46
443 32 47
444 34 47
445 39 47
446 48 47
447 65 47
448 100 48
