0 0 0
1 0 0
2 0 0
3 0 0
4 0 0
5 0 0
6 0 0
7 0 0
8 0 0
9 0 0
10 0 0
11 0 0
12 0 0
13 0 0
14 0 0
15 0 0
16 0 0
17 0 0
18 0 0
19 0 0
20 0 0
21 0 0
22 0 0
23 0 0
24 0 0
25 0 0
26 0 0
27 0 0
28 0 0
29 0 0
30 0 0
31 0 0
32 0 0
33 0 0
34 0 0
35 0 0
36 0 0
37 0 0
38 0 0
39 0 0
40 0 0
41 0 0
42 0 0
43 0 0
44 0 0
45 0 0
46 0 0
47 0 0
48 0 0
49 0 0
50 0 0
51 0 0
52 0 0
53 0 0
54 0 0
55 0 0
56 0 0
57 0 0
58 0 0
59 0 0
60 0 0
61 0 0
62 0 0
63 0 0
64 0 0
65 0 0
66 0 0
67 0 0
68 0 0
69 0 0
70 0 0
71 0 0
72 0 0
73 0 0
74 0 0
75 0 0
76 0 0
77 0 0
78 0 0
79 0 0
80 0 0
81 0 0
82 0 0
83 0 0
84 0 0
85 0 0
86 0 0
87 0 0
88 0 0
89 0 0
90 0 0
91 0 0
92 0 0
93 0 0
94 0 0
95 0 0
96 0 0
97 0 0
98 0 0
99 0 0
100 0 0
101 0 0
102 0 0
103 0 0
104 0 0
105 0 0
106 0 0
107 0 0
108 0 0
109 0 0
110 0 0
111 0 0
112 0 0
113 0 0
114 0 0
115 0 0
116 0 0
117 0 0
118 0 0
119 0 0
120 0 0
121 0 0
122 0 0
123 0 0
124 0 0
125 0 0
126 0 0
127 0 0
128 0 0
129 0 0
130 0 0
131 0 0
132 0 0
133 0 0
134 0 0
135 0 0
136 0 0
137 0 0
138 0 0
139 0 0
140 0 0
141 0 0
142 0 0
143 0 0
144 0 0
145 0 0
146 0 0
147 0 0
148 0 0
149 0 0
150 0 0
151 0 0
152 0 0
153 0 0
154 0 0
155 0 0
156 0 0
157 0 0
158 0 0
159 0 0
160 0 0
161 0 0
162 0 0
163 0 0
164 0 0
165 0 0
166 0 0
167 0 0
168 0 0
169 0 0
170 0 0
171 0 0
172 0 0
173 0 0
174 0 0
175 0 0
176 0 0
177 0 0
178 0 0
179 0 0
180 0 0
181 0 0
182 0 0
183 0 0
184 0 0
185 0 0
186 0 0
187 0 0
188 0 0
189 0 0
190 0 0
191 0 0
192 0 0
193 0 0
194 0 0
195 0 0
196 0 0
197 0 0
198 0 0
199 0 0
200 0 0
201 0 0
202 0 0
203 0 0
204 0 0
205 0 0
206 0 0
207 0 0
208 0 0
209 0 0
210 0 0
211 0 0
212 0 0
213 0 0
214 0 0
215 0 0
216 0 0
217 0 0
218 0 0
219 0 0
220 0 0
221 0 0
222 0 0
223 0 0
224 0 0
225 0 0
226 0 0
227 0 0
228 0 0
229 0 0
230 0 0
231 0 0
232 0 0
233 0 2
234 0 2
235 0 2
236 0 2
237 0 2
238 0 2
239 0 2
240 0 2
241 0 1
242 0 1
243 0 1
244 0 1
245 0 1
246 0 1
247 0 1
248 0 1
249 0 1
250 0 1
251 0 1
252 0 1
253 0 1
254 0 1
255 0 1
256 0 1
257 0 1
258 0 1
259 0 1
260 0 1
261 0 1
262 0 1
263 0 1
264 0 1
265 0 1
266 0 1
267 0 1
268 0 1
269 0 1
270 0 1
271 0 1
272 0 1
273 0 1
274 0 1
275 0 1
276 0 1
277 0 1
278 0 1
279 0 1
280 0 1
281 0 1
282 0 1
283 0 1
284 0 1
285 0 1
286 0 1
287 0 1
288 0 1
289 0 1
290 0 1
291 0 1
292 0 1
293 0 1
294 0 1
295 0 1
296 0 1
297 0 1
298 0 1
299 0 1
300 0 1
301 0 1
302 0 1
303 0 1
304 0 1
305 0 1
306 0 1
307 0 1
308 0 1
309 0 1
310 0 1
311 0 1
312 0 1
313 0 1
314 0 1
315 0 1
316 0 1
317 0 1
318 0 1
319 0 1
320 0 1
321 0 1
322 0 1
323 0 1
324 0 1
325 0 1
326 0 1
327 0 1
328 0 1
329 0 1
330 0 1
331 0 1
332 0 1
333 0 1
334 0 1
335 0 1
336 0 1
337 0 1
338 0 1
339 0 1
340 0 1
341 0 1
342 0 1
343 0 2
344 0 2
345 0 2
346 0 2
347 0 2
348 0 2
349 0 2
350 0 2
351 0 2
352 0 2
353 0 2
354 0 2
355 0 2
356 0 2
357 0 2
358 0 2
359 0 2
360 0 2
361 0 2
362 0 2
363 0 1
364 0 1
365 0 1
366 0 2
367 0 2
368 0 2
369 0 2
370 0 2
371 0 2
372 0 2
373 0 2
374 0 2
375 0 2
376 0 2
377 0 2
378 0 2
379 0 2
380 0 2
381 0 2
382 0 2
383 0 2
384 0 2
385 0 2
386 0 2
387 0 2
388 0 2
389 0 2
390 0 2
391 0 2
392 0 2
393 0 2
394 0 2
395 0 2
396 0 2
397 0 2
398 0 2
399 0 2
400 0 2
401 0 2
402 0 2
403 0 2
404 0 2
405 0 2
406 0 2
407 0 2
408 0 2
409 0 2
410 0 2
411 0 2
412 0 3
413 0 3
414 0 3
415 0 3
416 0 3
417 0 3
418 0 3
419 0 3
420 0 3
421 0 3
422 0 3
423 0 3
424 0 3
425 0 3
426 0 3
427 0 3
428 0 3
429 0 3
430 0 3
431 0 3
432 0 3
433 0 3
434 0 3
435 0 3
436 0 3
437 0 3
438 0 3
439 0 3
440 0 3
441 0 3
442 0 3
443 0 3
444 0 3
445 0 3
446 0 3
447 0 3
448 0 3
449 0 2
450 0 2
451 0 2
452 0 2
453 0 2
454 0 2
455 0 2
456 0 2
457 0 2
458 0 2
459 0 2
460 0 2
461 0 2
462 0 2
463 0 2
464 0 2
465 0 2
466 0 2
467 0 2
468 0 2
469 0 2
470 0 2
471 0 2
472 0 2
473 1 2
474 1 2
475 1 2
476 1 2
477 1 2
478 1 2
479 1 2
480 1 2
481 1 2
482 1 2
483 1 2
484 1 2
485 1 2
486 1 2
487 1 2
488 1 2
489 1 2
490 1 2
491 1 2
492 1 2
493 1 2
494 1 2
495 1 2
496 1 2
497 1 2
498 1 2
499 1 2
500 1 2
501 1 2
502 1 2
503 1 2
504 1 2
505 1 2
506 1 2
507 1 2
508 1 2
509 1 2
510 1 2
511 1 2
512 1 2
513 1 2
514 1 2
515 1 2
516 1 2
517 1 2
518 1 2
519 1 2
520 1 2
521 1 2
522 1 2
523 1 2
524 1 2
525 1 2
526 1 2
527 1 2
528 1 2
529 1 2
530 1 2
531 1 2
532 1 2
533 1 2
534 1 2
535 1 2
536 1 2
537 1 2
538 1 2
539 1 2
540 1 2
541 1 2
542 1 2
543 1 2
544 1 2
545 1 2
546 1 2
547 1 2
548 1 2
549 1 2
550 1 2
551 1 2
552 1 2
553 1 2
554 1 2
555 1 2
556 1 2
557 1 2
558 1 2
559 1 2
560 1 2
561 1 2
562 1 2
563 1 2
564 1 2
565 1 2
566 1 2
567 1 2
568 1 2
569 1 2
570 1 2
571 1 2
572 1 2
573 1 2
574 1 2
575 1 2
576 1 2
577 1 2
578 1 2
579 1 2
580 1 2
581 1 2
582 1 2
583 1 2
584 1 2
585 1 2
586 1 2
587 1 2
588 1 2
589 1 2
590 1 2
591 1 2
592 1 2
593 1 2
594 1 2
595 1 2
596 1 2
597 1 2
598 1 2
599 1 2
600 1 2
601 1 2
602 1 2
603 1 2
604 1 2
605 1 2
606 1 2
607 1 2
608 1 3
609 1 3
610 1 3
611 1 3
612 1 3
613 1 3
614 1 3
615 1 3
616 1 3
617 1 3
618 1 3
619 1 3
620 1 3
621 1 3
622 1 3
623 1 2
624 1 2
625 1 2
626 1 2
627 1 2
628 1 2
629 1 2
630 1 2
631 1 3
632 1 3
633 1 3
634 1 3
635 1 3
636 1 3
637 1 3
638 1 3
639 1 3
640 1 3
641 1 3
642 1 3
643 1 3
644 1 3
645 1 3
646 1 3
647 1 3
648 1 3
649 1 3
650 1 3
651 1 3
652 1 3
653 1 3
654 1 3
655 1 3
656 1 3
657 1 3
658 1 3
659 1 3
660 1 3
661 1 3
662 1 3
663 1 3
664 1 3
665 1 3
666 1 3
667 1 3
668 1 3
669 1 3
670 1 3
671 1 3
672 1 3
673 1 3
674 1 3
675 1 3
676 1 3
677 1 3
678 1 3
679 1 3
680 1 3
681 1 3
682 1 3
683 1 3
684 1 3
685 1 3
686 1 3
687 1 3
688 1 3
689 1 3
690 1 3
691 1 3
692 1 3
693 1 3
694 1 3
695 1 3
696 1 3
697 1 3
698 1 3
699 1 3
700 1 3
701 1 3
702 1 3
703 1 3
704 1 3
705 1 3
706 1 3
707 1 3
708 1 3
709 1 3
710 1 3
711 1 3
712 1 3
713 1 3
714 1 3
715 1 3
716 1 3
717 1 3
718 1 3
719 1 3
720 1 3
721 1 3
722 1 3
723 1 3
724 1 3
725 1 3
726 1 3
727 1 3
728 1 3
729 1 3
730 1 3
731 1 3
732 1 4
733 1 4
734 1 4
735 1 4
736 1 4
737 1 4
738 1 4
739 1 4
740 1 4
741 1 4
742 1 4
743 1 4
744 1 4
745 1 4
746 1 4
747 1 4
748 1 4
749 1 4
750 1 4
751 1 4
752 1 4
753 1 4
754 1 4
755 1 4
756 1 4
757 1 5
758 1 5
759 1 5
760 1 5
761 1 5
762 1 5
763 1 5
764 1 5
765 1 5
766 1 5
767 1 5
768 1 5
769 1 5
770 1 5
771 1 5
772 1 5
773 1 5
774 1 5
775 1 5
776 1 5
777 1 5
778 1 5
779 1 5
780 1 5
781 1 5
782 1 5
783 1 5
784 1 5
785 1 5
786 1 6
787 1 6
788 1 6
789 1 6
790 1 6
791 1 6
792 1 6
793 1 6
794 1 7
795 1 7
796 1 7
797 1 7
798 1 7
799 1 7
800 1 7
801 1 7
802 1 7
803 1 7
804 1 7
805 1 7
806 1 7
807 1 7
808 1 7
809 1 8
810 1 8
811 1 8
812 1 8
813 1 8
814 1 8
815 1 8
816 1 9
817 1 9
818 1 9
819 1 9
820 1 9
821 1 9
822 1 9
823 2 9
824 2 9
825 2 9
826 2 9
827 2 9
828 2 9
829 2 9
830 2 9
831 2 10
832 2 10
833 2 10
834 2 10
835 2 10
836 2 10
837 2 10
838 2 10
839 2 10
840 2 10
841 2 10
842 2 10
843 2 10
844 2 10
845 2 10
846 2 10
847 2 10
848 2 10
849 2 10
850 2 10
851 2 11
852 2 11
853 2 11
854 2 11
855 2 11
856 2 11
857 2 11
858 2 11
859 2 11
860 2 11
861 2 11
862 2 11
863 2 11
864 2 12
865 2 12
866 2 12
867 2 12
868 2 12
869 2 12
870 2 12
871 2 12
872 2 13
873 2 13
874 2 13
875 2 13
876 2 13
877 2 13
878 2 13
879 2 13
880 2 13
881 2 13
882 2 13
883 2 13
884 2 13
885 2 13
886 2 13
887 2 13
888 2 13
889 2 14
890 2 14
891 2 14
892 2 14
893 2 14
894 2 14
895 2 14
896 2 14
897 2 14
898 2 14
899 2 15
900 2 15
901 2 15
902 2 15
903 2 15
904 2 15
905 2 15
906 2 15
907 2 16
908 2 16
909 2 16
910 2 16
911 2 16
912 2 16
913 2 16
914 2 16
915 2 16
916 2 16
917 2 16
918 2 16
919 2 17
920 2 17
921 2 17
922 2 17
923 2 17
924 2 17
925 2 17
926 2 17
927 2 17
928 2 17
929 2 17
930 2 17
931 2 17
932 2 18
933 2 18
934 2 18
935 2 18
936 2 18
937 2 18
938 2 18
939 2 18
940 2 18
941 2 18
942 2 18
943 2 18
944 2 18
945 2 18
946 2 18
947 2 18
948 2 19
949 2 19
950 2 19
951 2 19
952 2 19
953 2 19
954 2 19
955 2 19
956 2 19
957 2 19
958 2 19
959 2 19
960 2 19
961 2 20
962 2 20
963 2 20
964 2 20
965 2 20
966 2 20
967 2 20
968 2 20
969 2 20
970 2 20
971 2 20
972 2 20
973 2 20
974 2 21
975 2 21
976 2 21
977 2 21
978 2 21
979 2 21
980 2 21
981 2 21
982 2 21
983 2 21
984 2 21
985 2 21
986 2 21
987 2 21
988 2 22
989 2 22
990 3 22
991 3 22
992 3 22
993 3 22
994 3 22
995 3 23
996 3 23
997 3 23
998 3 23
999 3 23
1000 3 23
1001 3 23
1002 3 24
1003 3 24
1004 3 24
1005 3 24
1006 3 24
1007 3 24
1008 3 24
1009 3 24
1010 3 24
1011 3 24
1012 3 24
1013 3 24
1014 3 25
1015 3 25
1016 3 25
1017 3 25
1018 3 25
1019 3 25
1020 3 25
1021 3 25
1022 3 25
1023 3 25
1024 3 26
1025 3 26
1026 3 26
1027 3 26
1028 3 26
1029 3 26
1030 3 26
1031 3 26
1032 3 27
1033 3 27
1034 3 27
1035 3 27
1036 3 27
1037 3 27
1038 3 27
1039 3 27
1040 3 27
1041 3 27
1042 3 27
1043 3 27
1044 3 27
1045 3 27
1046 3 28
1047 3 28
1048 3 28
1049 3 28
1050 3 28
1051 3 28
1052 3 28
1053 3 28
1054 3 28
1055 3 29
1056 3 29
1057 3 29
1058 3 29
1059 3 29
1060 3 29
1061 3 29
1062 3 29
1063 3 29
1064 3 30
1065 3 30
1066 3 30
1067 3 30
1068 3 30
1069 3 30
1070 3 30
1071 3 30
1072 3 30
1073 3 30
1074 3 30
1075 3 31
1076 3 31
1077 3 31
1078 3 31
1079 3 31
1080 3 31
1081 3 31
1082 3 31
1083 3 31
1084 3 31
1085 3 31
1086 3 31
1087 3 31
1088 3 31
1089 3 31
1090 3 32
1091 3 32
1092 3 32
1093 3 32
1094 3 32
1095 3 32
1096 3 32
1097 3 32
1098 3 32
1099 3 33
1100 3 33
1101 3 33
1102 3 33
1103 3 33
1104 3 33
1105 3 33
1106 3 33
1107 3 34
1108 3 34
1109 3 34
1110 3 34
1111 3 34
1112 3 34
1113 3 34
1114 3 34
1115 3 34
1116 3 35
1117 3 35
1118 3 35
1119 3 35
1120 3 35
1121 3 35
1122 3 35
1123 3 35
1124 3 35
1125 4 35
1126 4 35
1127 4 35
1128 4 35
1129 4 36
1130 4 36
1131 4 36
1132 4 36
1133 4 36
1134 4 36
1135 4 36
1136 4 36
1137 4 36
1138 4 36
1139 4 36
1140 4 36
1141 4 36
1142 4 36
1143 4 36
1144 4 36
1145 4 37
1146 4 37
1147 4 37
1148 4 37
1149 4 37
1150 4 37
1151 4 37
1152 4 37
1153 4 37
1154 4 37
1155 4 37
1156 4 37
1157 4 37
1158 4 37
1159 4 37
1160 4 37
1161 4 38
1162 4 38
1163 4 38
1164 4 38
1165 4 38
1166 4 38
1167 4 38
1168 4 38
1169 4 38
1170 4 38
1171 4 38
1172 4 38
1173 4 38
1174 4 38
1175 4 39
1176 4 39
1177 4 39
1178 4 39
1179 4 39
1180 4 39
1181 4 39
1182 4 39
1183 4 39
1184 4 39
1185 4 39
1186 4 39
1187 4 39
1188 4 39
1189 4 39
1190 4 40
1191 4 40
1192 4 40
1193 4 40
1194 4 40
1195 4 40
1196 4 40
1197 4 40
1198 4 40
1199 4 40
1200 4 40
1201 4 40
1202 4 40
1203 4 41
1204 4 41
1205 4 41
1206 5 41
1207 5 41
1208 5 41
1209 5 41
1210 5 41
1211 5 41
1212 5 41
1213 5 41
1214 5 41
1215 5 41
1216 5 41
1217 5 41
1218 5 42
1219 5 42
1220 5 42
1221 5 42
1222 5 42
1223 5 42
1224 5 42
1225 5 42
1226 5 42
1227 5 42
1228 5 42
1229 5 42
1230 5 42
1231 6 42
1232 6 43
1233 6 43
1234 6 43
1235 6 43
1236 6 43
1237 6 43
1238 6 43
1239 6 43
1240 6 43
1241 6 43
1242 6 43
1243 6 43
1244 6 43
1245 6 43
1246 6 43
1247 6 43
1248 6 43
1249 6 43
1250 6 43
1251 6 43
1252 6 44
1253 6 44
1254 6 44
1255 6 44
1256 6 44
1257 6 44
1258 6 44
1259 6 44
1260 6 44
1261 6 44
1262 6 44
1263 6 44
1264 6 44
1265 6 44
1266 6 45
1267 6 45
1268 7 45
1269 7 45
1270 7 45
1271 7 45
1272 7 45
1273 7 45
1274 7 45
1275 7 45
1276 7 45
1277 7 45
1278 7 45
1279 7 45
1280 7 45
1281 7 45
1282 7 46
1283 7 46
1284 7 46
1285 7 46
1286 7 46
1287 7 46
1288 7 46
1289 7 46
1290 7 46
1291 7 46
1292 7 46
1293 7 46
1294 7 46
1295 7 46
1296 7 46
1297 7 46
1298 7 46
1299 8 46
1300 8 47
1301 8 47
1302 8 47
1303 8 47
1304 8 47
1305 8 47
1306 8 47
1307 8 47
1308 8 47
1309 8 47
1310 8 47
1311 9 47
1312 9 47
1313 9 47
1314 9 47
1315 9 47
1316 9 47
1317 9 47
1318 9 47
1319 9 47
1320 9 47
1321 10 47
1322 10 47
1323 10 47
1324 10 48
1325 10 48
1326 11 48
1327 11 48
1328 11 48
1329 11 48
1330 11 48
1331 11 48
1332 12 48
1333 12 48
1334 12 48
1335 12 48
1336 12 48
1337 13 48
1338 13 48
1339 13 48
1340 13 49
1341 13 49
1342 14 49
1343 14 49
1344 14 49
1345 14 49
1346 14 49
1347 14 49
1348 14 49
1349 14 49
1350 16 49
1351 17 49
1352 17 49
1353 18 49
1354 18 49
1355 18 49
1356 18 49
1357 18 49
1358 18 50
1359 18 50
1360 18 50
1361 20 50
1362 22 50
1363 22 50
1364 24 50
1365 29 50
1366 29 50
1367 32 50
1368 34 50
1369 34 50
1370 36 50
1371 36 50
1372 36 50
1373 36 50
1374 39 50
1375 99 51
1376 99 51
1377 100 51
