0 0 0
1 0 0
2 0 0
3 0 0
4 0 0
5 0 0
6 0 0
7 0 0
8 0 0
9 0 0
10 0 0
11 0 0
12 0 0
13 0 0
14 0 0
15 0 0
16 0 0
17 0 0
18 0 0
19 0 0
20 0 0
21 0 0
22 0 0
23 0 0
24 0 0
25 0 0
26 0 0
27 0 0
28 0 0
29 0 0
30 0 0
31 0 0
32 0 0
33 0 0
34 0 0
35 0 0
36 0 0
37 0 0
38 0 0
39 0 0
40 0 0
41 0 0
42 0 0
43 0 0
44 0 0
45 0 0
46 0 0
47 0 0
48 0 0
49 0 0
50 0 0
51 0 0
52 0 0
53 0 0
54 0 0
55 0 0
56 0 0
57 0 0
58 0 0
59 0 0
60 0 0
61 0 0
62 0 0
63 0 0
64 0 0
65 0 0
66 0 0
67 0 0
68 0 0
69 0 0
70 0 0
71 0 0
72 0 0
73 0 0
74 0 0
75 0 0
76 0 0
77 0 0
78 0 0
79 0 0
80 0 0
81 0 0
82 0 0
83 0 0
84 0 0
85 0 0
86 0 0
87 0 0
88 0 0
89 0 0
90 0 0
91 0 0
92 0 0
93 0 0
94 0 0
95 0 0
96 0 0
97 0 0
98 0 0
99 0 0
100 0 0
101 0 0
102 0 0
103 0 0
104 0 0
105 0 0
106 0 0
107 0 0
108 0 0
109 0 0
110 0 0
111 0 0
112 0 0
113 0 0
114 0 0
115 0 0
116 0 0
117 0 0
118 0 0
119 0 0
120 0 0
121 0 0
122 0 0
123 0 0
124 0 0
125 0 0
126 0 0
127 0 0
128 0 0
129 0 0
130 0 0
131 0 0
132 0 0
133 0 0
134 0 0
135 0 0
136 0 0
137 0 0
138 0 0
139 0 0
140 0 0
141 0 0
142 0 0
143 0 0
144 0 0
145 0 0
146 0 0
147 0 0
148 0 0
149 0 0
150 0 0
151 0 0
152 0 0
153 0 0
154 0 0
155 0 0
156 0 0
157 0 0
158 0 0
159 0 0
160 0 0
161 0 0
162 0 0
163 0 0
164 0 0
165 0 0
166 0 0
167 0 0
168 0 0
169 0 0
170 0 0
171 0 0
172 0 0
173 0 0
174 0 0
175 0 0
176 0 0
177 0 0
178 0 0
179 0 0
180 0 0
181 0 0
182 0 0
183 0 0
184 0 0
185 0 0
186 0 0
187 0 0
188 0 0
189 0 0
190 0 0
191 0 0
192 0 0
193 0 0
194 0 0
195 0 0
196 0 0
197 0 0
198 0 0
199 0 0
200 0 0
201 0 0
202 0 0
203 0 0
204 0 0
205 0 0
206 0 0
207 0 0
208 0 0
209 0 0
210 0 0
211 0 0
212 0 0
213 0 0
214 0 0
215 0 0
216 0 0
217 0 0
218 0 0
219 0 0
220 0 0
221 0 0
222 0 0
223 0 0
224 0 0
225 0 0
226 0 0
227 0 0
228 0 0
229 0 0
230 0 0
231 0 0
232 0 0
233 0 2
234 0 2
235 0 2
236 0 2
237 0 2
238 0 2
239 0 2
240 0 2
241 0 1
242 0 1
243 0 1
244 0 1
245 0 1
246 0 1
247 0 1
248 0 1
249 0 1
250 0 1
251 0 1
252 0 1
253 0 1
254 0 1
255 0 1
256 0 1
257 0 1
258 0 1
259 0 1
260 0 1
261 0 1
262 0 1
263 0 1
264 0 1
265 0 1
266 0 1
267 0 1
268 0 1
269 0 3
270 0 5
271 0 5
272 0 5
273 0 5
274 0 5
275 0 5
276 0 5
277 0 5
278 0 4
279 0 4
280 0 4
281 0 4
282 0 4
283 0 4
284 0 4
285 0 4
286 0 4
287 0 4
288 0 4
289 0 4
290 0 4
291 0 4
292 0 4
293 0 4
294 0 4
295 0 4
296 0 4
297 0 4
298 0 4
299 0 4
300 0 4
301 0 4
302 0 4
303 0 4
304 0 4
305 0 4
306 0 4
307 0 4
308 0 4
309 0 4
310 0 4
311 0 4
312 0 4
313 0 4
314 0 4
315 0 4
316 0 4
317 0 4
318 0 4
319 0 3
320 0 3
321 0 3
322 0 3
323 0 3
324 0 3
325 0 3
326 0 3
327 0 3
328 0 3
329 0 3
330 0 3
331 0 3
332 0 3
333 0 3
334 0 3
335 0 3
336 0 3
337 0 3
338 0 3
339 0 3
340 0 3
341 0 3
342 0 3
343 0 4
344 0 4
345 0 4
346 0 4
347 0 4
348 0 4
349 0 4
350 0 4
351 0 4
352 0 4
353 0 4
354 0 4
355 0 4
356 0 4
357 0 4
358 0 4
359 0 4
360 0 4
361 0 4
362 0 4
363 0 3
364 0 3
365 0 3
366 0 4
367 0 4
368 0 4
369 0 4
370 0 4
371 0 4
372 0 4
373 0 4
374 0 4
375 0 4
376 0 4
377 0 4
378 0 4
379 0 4
380 0 4
381 0 4
382 0 4
383 0 4
384 0 4
385 0 4
386 0 4
387 0 4
388 0 4
389 0 4
390 0 4
391 0 4
392 0 4
393 0 4
394 0 4
395 0 4
396 0 4
397 0 4
398 0 4
399 0 4
400 0 4
401 0 4
402 0 4
403 0 4
404 0 4
405 0 4
406 0 4
407 0 4
408 0 4
409 0 4
410 0 4
411 0 4
412 0 4
413 0 4
414 0 4
415 0 4
416 0 4
417 0 4
418 0 4
419 0 4
420 0 4
421 0 4
422 0 4
423 0 4
424 0 4
425 0 4
426 0 4
427 0 4
428 0 4
429 0 4
430 0 4
431 0 4
432 0 4
433 0 4
434 0 4
435 0 4
436 0 4
437 0 4
438 0 4
439 0 4
440 0 4
441 0 4
442 0 4
443 0 4
444 0 4
445 0 4
446 0 4
447 0 4
448 0 4
449 0 4
450 0 4
451 0 4
452 0 4
453 0 4
454 0 4
455 0 4
456 0 4
457 0 4
458 0 4
459 0 4
460 0 4
461 0 4
462 0 4
463 0 4
464 0 4
465 0 4
466 0 4
467 0 4
468 0 4
469 0 4
470 0 4
471 0 4
472 0 4
473 1 4
474 1 4
475 1 4
476 1 4
477 1 4
478 1 4
479 1 4
480 1 4
481 1 3
482 1 3
483 1 3
484 1 4
485 1 4
486 1 4
487 1 4
488 1 4
489 1 5
490 1 5
491 1 5
492 1 5
493 1 5
494 1 5
495 1 5
496 1 4
497 1 4
498 1 4
499 1 4
500 1 4
501 1 4
502 1 4
503 1 4
504 1 4
505 1 4
506 1 4
507 1 4
508 1 4
509 1 4
510 1 4
511 1 4
512 1 4
513 1 4
514 1 4
515 1 4
516 1 4
517 1 4
518 1 4
519 1 4
520 1 4
521 1 4
522 1 4
523 1 4
524 1 4
525 1 4
526 1 4
527 1 4
528 1 4
529 1 4
530 1 4
531 1 4
532 1 4
533 1 4
534 1 4
535 1 4
536 1 4
537 1 4
538 1 4
539 1 4
540 1 4
541 1 4
542 1 4
543 1 4
544 1 4
545 1 4
546 1 4
547 1 4
548 1 4
549 1 4
550 1 4
551 1 4
552 1 4
553 1 4
554 1 4
555 1 4
556 1 4
557 1 4
558 1 4
559 1 4
560 1 4
561 1 4
562 1 4
563 1 4
564 1 4
565 1 4
566 1 4
567 1 4
568 1 4
569 1 4
570 1 4
571 1 4
572 1 4
573 1 4
574 1 4
575 1 3
576 1 3
577 1 3
578 1 3
579 1 3
580 1 3
581 1 3
582 1 3
583 1 3
584 1 3
585 1 3
586 1 3
587 1 3
588 1 3
589 1 3
590 1 3
591 1 3
592 1 3
593 1 3
594 1 3
595 1 3
596 1 3
597 1 3
598 1 3
599 1 3
600 1 3
601 1 3
602 1 3
603 1 3
604 1 3
605 1 3
606 1 3
607 1 3
608 1 4
609 1 4
610 1 4
611 1 4
612 1 4
613 1 4
614 1 4
615 1 4
616 1 4
617 1 4
618 1 4
619 1 5
620 1 5
621 1 5
622 1 5
623 1 5
624 1 5
625 1 5
626 1 5
627 1 5
628 1 5
629 1 5
630 1 5
631 1 5
632 1 5
633 1 5
634 1 5
635 1 5
636 1 5
637 1 5
638 1 5
639 1 5
640 1 5
641 1 5
642 1 5
643 1 5
644 1 5
645 1 5
646 1 5
647 1 5
648 1 5
649 1 5
650 1 5
651 1 5
652 1 5
653 1 5
654 1 6
655 1 6
656 1 6
657 1 6
658 1 6
659 1 6
660 1 6
661 1 6
662 1 6
663 1 6
664 1 6
665 1 6
666 1 6
667 1 6
668 1 6
669 1 6
670 1 6
671 1 6
672 1 6
673 1 6
674 1 6
675 1 6
676 1 6
677 1 6
678 1 6
679 1 7
680 1 7
681 1 7
682 1 7
683 1 8
684 1 8
685 1 8
686 1 8
687 1 8
688 1 8
689 1 8
690 1 8
691 1 8
692 1 8
693 1 8
694 1 8
695 1 8
696 1 8
697 1 8
698 1 8
699 1 8
700 1 8
701 1 8
702 1 8
703 1 8
704 1 8
705 1 8
706 1 8
707 1 9
708 1 9
709 1 9
710 1 9
711 1 9
712 1 9
713 1 9
714 1 9
715 1 9
716 1 9
717 1 9
718 1 9
719 1 9
720 1 9
721 1 9
722 1 9
723 1 9
724 1 9
725 1 9
726 1 9
727 1 9
728 1 9
729 1 9
730 1 9
731 1 9
732 1 9
733 1 9
734 1 9
735 1 9
736 1 9
737 1 9
738 1 9
739 1 9
740 1 9
741 1 9
742 1 10
743 1 9
744 1 9
745 1 9
746 1 10
747 1 10
748 1 10
749 1 10
750 1 10
751 1 10
752 1 10
753 1 10
754 1 10
755 1 10
756 1 10
757 1 10
758 1 10
759 1 10
760 1 10
761 1 10
762 1 10
763 1 10
764 1 10
765 1 10
766 1 10
767 1 10
768 1 10
769 1 10
770 1 11
771 1 11
772 1 11
773 1 11
774 1 11
775 1 11
776 1 11
777 1 11
778 1 11
779 1 11
780 1 11
781 1 11
782 1 11
783 1 11
784 1 11
785 1 11
786 1 11
787 1 12
788 1 12
789 1 12
790 1 12
791 1 11
792 1 11
793 1 11
794 1 11
795 1 11
796 1 11
797 1 12
798 1 12
799 1 12
800 1 12
801 1 12
802 1 12
803 1 12
804 1 12
805 1 12
806 1 12
807 1 12
808 1 12
809 1 12
810 1 12
811 1 12
812 1 12
813 1 12
814 1 12
815 1 12
816 1 12
817 1 12
818 1 12
819 1 12
820 1 13
821 1 13
822 1 13
823 2 13
824 2 13
825 2 13
826 2 13
827 2 13
828 2 13
829 2 13
830 2 13
831 2 14
832 2 14
833 2 13
834 2 14
835 2 14
836 2 14
837 2 14
838 2 14
839 2 14
840 2 14
841 2 14
842 2 15
843 2 15
844 2 15
845 2 15
846 2 15
847 2 15
848 2 15
849 2 15
850 2 15
851 2 15
852 2 15
853 2 15
854 2 15
855 2 15
856 2 15
857 2 15
858 2 15
859 2 15
860 2 15
861 2 15
862 2 16
863 2 16
864 2 16
865 2 16
866 2 16
867 2 16
868 2 16
869 2 16
870 2 17
871 2 17
872 2 17
873 2 17
874 2 17
875 2 17
876 2 17
877 2 17
878 2 17
879 2 17
880 2 17
881 2 17
882 2 17
883 2 17
884 2 17
885 2 17
886 2 18
887 2 18
888 2 18
889 2 18
890 2 18
891 2 18
892 2 18
893 2 18
894 2 18
895 2 19
896 2 19
897 2 19
898 2 19
899 2 19
900 2 19
901 2 19
902 2 19
903 2 19
904 2 19
905 2 19
906 2 19
907 2 19
908 2 19
909 2 19
910 2 19
911 2 19
912 2 19
913 2 19
914 2 20
915 2 20
916 2 20
917 2 20
918 2 20
919 2 20
920 2 21
921 2 21
922 2 21
923 2 21
924 2 21
925 2 21
926 2 21
927 2 21
928 2 21
929 2 21
930 2 21
931 2 21
932 2 21
933 2 21
934 2 21
935 2 22
936 2 22
937 2 22
938 2 22
939 2 22
940 2 22
941 2 22
942 2 22
943 2 22
944 2 22
945 2 22
946 2 23
947 2 23
948 2 23
949 2 23
950 2 23
951 2 23
952 2 23
953 2 23
954 2 23
955 2 23
956 2 23
957 2 23
958 2 23
959 2 23
960 2 23
961 2 23
962 2 23
963 2 23
964 2 23
965 2 23
966 2 23
967 2 23
968 2 23
969 2 23
970 2 24
971 2 24
972 2 24
973 2 24
974 2 24
975 2 24
976 2 24
977 2 24
978 2 25
979 2 25
980 2 25
981 2 25
982 2 25
983 2 25
984 2 25
985 2 25
986 2 25
987 2 25
988 2 25
989 2 25
990 3 25
991 3 25
992 3 25
993 3 25
994 3 26
995 3 26
996 3 26
997 3 26
998 3 26
999 3 26
1000 3 26
1001 3 26
1002 3 26
1003 3 26
1004 3 27
1005 3 27
1006 3 27
1007 3 27
1008 3 27
1009 3 27
1010 3 27
1011 3 27
1012 3 27
1013 3 27
1014 3 27
1015 3 27
1016 3 27
1017 3 28
1018 3 28
1019 3 28
1020 3 28
1021 3 28
1022 3 28
1023 3 28
1024 3 28
1025 3 28
1026 3 28
1027 3 28
1028 3 28
1029 3 28
1030 3 29
1031 3 29
1032 3 29
1033 3 29
1034 3 29
1035 3 29
1036 3 29
1037 3 29
1038 3 29
1039 3 29
1040 3 29
1041 3 29
1042 3 29
1043 3 29
1044 3 29
1045 3 29
1046 3 30
1047 3 30
1048 3 30
1049 3 30
1050 3 30
1051 3 30
1052 3 30
1053 3 30
1054 3 30
1055 3 30
1056 3 31
1057 3 31
1058 3 31
1059 3 31
1060 3 31
1061 3 31
1062 3 31
1063 3 31
1064 3 31
1065 3 31
1066 3 31
1067 3 32
1068 3 32
1069 3 32
1070 3 32
1071 3 32
1072 3 32
1073 3 32
1074 3 32
1075 3 32
1076 3 32
1077 3 32
1078 3 32
1079 3 32
1080 3 32
1081 3 32
1082 3 32
1083 3 32
1084 3 32
1085 3 33
1086 3 33
1087 3 33
1088 3 33
1089 3 33
1090 3 33
1091 3 33
1092 3 33
1093 3 33
1094 3 33
1095 3 33
1096 3 33
1097 3 33
1098 3 34
1099 3 34
1100 3 34
1101 3 34
1102 3 34
1103 3 34
1104 3 34
1105 3 34
1106 3 35
1107 3 35
1108 3 35
1109 3 35
1110 3 35
1111 3 35
1112 3 35
1113 3 35
1114 3 35
1115 3 36
1116 3 36
1117 3 36
1118 3 36
1119 3 36
1120 3 36
1121 3 36
1122 3 36
1123 3 36
1124 3 36
1125 4 36
1126 4 36
1127 4 36
1128 4 37
1129 4 37
1130 4 37
1131 4 37
1132 4 37
1133 4 37
1134 4 37
1135 4 37
1136 4 37
1137 4 37
1138 4 37
1139 4 37
1140 4 38
1141 4 38
1142 4 38
1143 4 38
1144 4 38
1145 4 38
1146 4 38
1147 4 38
1148 4 38
1149 4 38
1150 4 38
1151 4 38
1152 4 38
1153 4 38
1154 4 38
1155 4 38
1156 4 38
1157 4 38
1158 4 38
1159 4 38
1160 4 39
1161 4 39
1162 4 39
1163 4 39
1164 4 39
1165 4 39
1166 4 39
1167 4 39
1168 4 39
1169 4 39
1170 4 39
1171 4 39
1172 4 39
1173 4 39
1174 4 39
1175 4 39
1176 4 39
1177 4 39
1178 4 39
1179 4 39
1180 4 39
1181 4 39
1182 4 39
1183 4 40
1184 4 40
1185 4 40
1186 4 40
1187 4 40
1188 4 40
1189 4 40
1190 4 40
1191 4 40
1192 4 40
1193 4 40
1194 4 40
1195 4 40
1196 4 40
1197 4 40
1198 4 41
1199 4 41
1200 4 41
1201 4 41
1202 4 41
1203 4 41
1204 4 41
1205 4 41
1206 5 41
1207 5 41
1208 5 41
1209 5 41
1210 5 41
1211 5 41
1212 5 41
1213 5 41
1214 5 41
1215 5 41
1216 5 41
1217 5 41
1218 5 42
1219 5 42
1220 5 42
1221 5 42
1222 5 42
1223 5 42
1224 5 42
1225 5 42
1226 5 42
1227 5 42
1228 5 42
1229 5 42
1230 5 42
1231 6 42
1232 6 43
1233 6 43
1234 6 43
1235 6 43
1236 6 43
1237 6 43
1238 6 43
1239 6 43
1240 6 43
1241 6 43
1242 6 43
1243 6 43
1244 6 43
1245 6 43
1246 6 43
1247 6 43
1248 6 43
1249 6 43
1250 6 43
1251 6 43
1252 6 43
1253 6 43
1254 6 44
1255 6 43
1256 6 44
1257 6 44
1258 6 44
1259 6 44
1260 6 44
1261 6 44
1262 6 44
1263 6 44
1264 6 44
1265 6 44
1266 6 44
1267 6 44
1268 7 44
1269 7 45
1270 7 45
1271 7 45
1272 7 45
1273 7 45
1274 7 45
1275 7 45
1276 7 45
1277 7 45
1278 7 45
1279 7 45
1280 7 45
1281 7 45
1282 7 45
1283 7 45
1284 7 45
1285 7 45
1286 7 45
1287 7 46
1288 7 46
1289 7 46
1290 7 46
1291 7 46
1292 7 46
1293 7 46
1294 7 46
1295 7 46
1296 7 46
1297 7 46
1298 7 46
1299 8 46
1300 8 46
1301 8 46
1302 8 46
1303 8 46
1304 8 46
1305 8 46
1306 8 46
1307 8 46
1308 8 47
1309 8 47
1310 8 47
1311 9 47
1312 9 47
1313 9 47
1314 9 47
1315 9 47
1316 9 47
1317 9 47
1318 9 47
1319 9 47
1320 9 47
1321 10 47
1322 10 47
1323 10 47
1324 10 47
1325 10 47
1326 11 47
1327 11 47
1328 11 48
1329 11 48
1330 11 48
1331 11 48
1332 12 48
1333 12 48
1334 12 48
1335 12 48
1336 12 48
1337 13 48
1338 13 48
1339 13 48
1340 13 48
1341 13 48
1342 14 48
1343 14 48
1344 14 48
1345 14 48
1346 14 48
1347 14 48
1348 14 48
1349 14 48
1350 16 49
1351 17 49
1352 17 49
1353 18 49
1354 18 49
1355 18 49
1356 18 49
1357 18 49
1358 18 49
1359 18 49
1360 18 49
1361 20 49
1362 22 49
1363 22 49
1364 24 49
1365 29 49
1366 29 49
1367 32 50
1368 34 50
1369 34 50
1370 36 50
1371 36 50
1372 36 50
1373 36 50
1374 39 50
1375 99 50
1376 99 50
1377 100 50
