0 0 0
1 0 0
2 0 0
3 0 0
4 0 0
5 0 0
6 0 0
7 0 0
8 0 0
9 0 0
10 0 0
11 0 100
12 0 100
13 0 100
14 0 100
15 0 100
16 0 100
17 0 100
18 0 100
19 0 100
20 0 100
21 0 100
22 0 100
23 0 100
24 0 100
25 0 100
26 0 100
27 0 100
28 0 100
29 0 100
30 0 100
31 0 100
32 0 100
33 0 100
34 0 100
35 0 100
36 0 100
37 0 100
38 0 100
39 0 100
40 0 100
41 0 100
42 0 100
43 0 100
44 0 100
45 0 100
46 0 100
47 0 100
48 0 100
49 0 100
50 0 100
51 0 100
52 0 100
53 0 100
54 0 100
55 0 66
56 0 66
57 0 66
58 0 66
59 0 66
60 0 66
61 0 66
62 0 66
63 0 66
64 0 66
65 0 50
66 0 50
67 0 50
68 0 50
69 0 40
70 0 40
71 0 40
72 0 40
73 0 40
74 0 40
75 0 40
76 0 40
77 0 40
78 0 40
79 0 40
80 0 40
81 0 40
82 0 40
83 0 40
84 0 40
85 0 40
86 0 40
87 0 40
88 0 40
89 0 40
90 0 40
91 0 40
92 0 40
93 0 40
94 0 40
95 0 40
96 0 33
97 0 33
98 0 33
99 0 33
100 0 28
101 0 28
102 0 25
103 0 25
104 0 25
105 0 25
106 0 25
107 0 22
108 0 22
109 0 20
110 0 20
111 0 18
112 0 18
113 0 16
114 0 16
115 0 16
116 0 16
117 0 16
118 0 16
119 0 16
120 0 15
121 0 15
122 0 15
123 0 15
124 0 15
125 0 15
126 0 15
127 0 15
128 0 14
129 0 14
130 0 14
131 0 14
132 0 14
133 0 14
134 0 14
135 0 14
136 0 14
137 0 14
138 0 14
139 0 14
140 0 13
141 0 12
142 0 11
143 0 11
144 0 11
145 0 10
146 0 10
147 0 10
148 0 10
149 0 10
150 0 10
151 0 9
152 0 9
153 0 9
154 0 8
155 0 8
156 0 8
157 0 8
158 0 8
159 0 8
160 0 8
161 0 8
162 0 8
163 0 7
164 0 7
165 0 7
166 0 7
167 0 7
168 0 6
169 0 6
170 0 6
171 0 6
172 0 6
173 0 6
174 0 6
175 0 6
176 0 6
177 0 6
178 0 6
179 0 5
180 0 5
181 0 5
182 0 5
183 0 5
184 0 5
185 0 5
186 0 5
187 0 5
188 0 5
189 0 5
190 0 5
191 0 5
192 0 5
193 0 5
194 0 5
195 0 4
196 0 4
197 0 4
198 0 4
199 0 4
200 0 4
201 0 4
202 0 4
203 0 4
204 0 4
205 0 4
206 0 4
207 0 4
208 0 4
209 0 4
210 0 4
211 0 4
212 0 4
213 0 4
214 0 4
215 0 4
216 0 4
217 0 4
218 0 4
219 0 4
220 0 4
221 0 4
222 0 4
223 0 4
224 0 4
225 0 4
226 0 4
227 0 4
228 0 4
229 0 4
230 0 4
231 0 4
232 0 4
233 0 6
234 0 6
235 0 6
236 0 6
237 0 6
238 0 6
239 0 6
240 0 6
241 0 7
242 0 7
243 0 7
244 0 7
245 0 7
246 0 7
247 0 7
248 0 7
249 0 7
250 0 7
251 0 7
252 0 7
253 0 7
254 0 7
255 0 7
256 0 7
257 0 7
258 0 7
259 0 8
260 0 8
261 0 8
262 0 8
263 0 8
264 0 8
265 0 8
266 0 8
267 0 8
268 0 8
269 0 8
270 0 8
271 0 8
272 0 8
273 0 8
274 0 8
275 0 8
276 0 8
277 0 8
278 0 8
279 0 8
280 0 7
281 0 7
282 0 7
283 0 7
284 0 7
285 0 7
286 0 7
287 0 7
288 0 7
289 0 7
290 0 7
291 0 7
292 0 7
293 0 7
294 0 7
295 0 7
296 0 7
297 0 7
298 0 7
299 0 7
300 0 7
301 0 7
302 0 7
303 0 7
304 0 7
305 0 7
306 0 7
307 0 7
308 0 6
309 0 6
310 0 6
311 0 6
312 0 6
313 0 6
314 0 6
315 0 6
316 0 6
317 0 6
318 0 6
319 0 6
320 0 6
321 0 6
322 0 6
323 0 6
324 0 6
325 0 7
326 0 7
327 0 7
328 0 7
329 0 7
330 0 7
331 0 7
332 0 7
333 0 7
334 0 7
335 0 7
336 0 7
337 0 6
338 0 6
339 0 6
340 0 6
341 0 6
342 0 6
343 0 7
344 0 7
345 0 7
346 0 7
347 0 7
348 0 7
349 0 7
350 0 7
351 0 7
352 0 7
353 0 7
354 0 7
355 0 7
356 0 7
357 0 7
358 0 7
359 0 7
360 0 7
361 0 7
362 0 7
363 0 6
364 0 6
365 0 6
366 0 7
367 0 7
368 0 7
369 0 7
370 0 7
371 0 7
372 0 7
373 0 7
374 0 7
375 0 7
376 0 7
377 0 7
378 0 7
379 0 7
380 0 7
381 0 7
382 0 7
383 0 7
384 0 7
385 0 7
386 0 7
387 0 7
388 0 7
389 0 7
390 0 7
391 0 7
392 0 7
393 0 6
394 0 6
395 0 6
396 0 6
397 0 6
398 0 6
399 0 6
400 0 6
401 0 7
402 0 7
403 0 8
404 0 8
405 0 8
406 0 8
407 0 8
408 0 9
409 0 9
410 0 9
411 0 9
412 0 9
413 0 9
414 0 9
415 0 9
416 0 9
417 0 9
418 0 9
419 0 9
420 0 9
421 0 9
422 0 9
423 0 9
424 0 9
425 0 9
426 0 9
427 0 9
428 0 9
429 0 9
430 0 9
431 0 9
432 0 9
433 0 9
434 0 9
435 0 9
436 0 9
437 0 9
438 0 9
439 0 9
440 0 9
441 0 9
442 0 9
443 0 9
444 0 9
445 0 9
446 0 9
447 0 9
448 0 9
449 0 8
450 0 8
451 0 8
452 0 8
453 0 8
454 0 8
455 0 8
456 0 8
457 0 8
458 0 8
459 0 8
460 0 8
461 0 8
462 0 8
463 0 8
464 0 8
465 0 8
466 0 8
467 0 8
468 0 8
469 0 8
470 0 8
471 0 8
472 0 8
473 1 8
474 1 8
475 1 8
476 1 8
477 1 8
478 1 8
479 1 8
480 1 8
481 1 7
482 1 7
483 1 7
484 1 7
485 1 7
486 1 7
487 1 7
488 1 7
489 1 7
490 1 7
491 1 7
492 1 7
493 1 7
494 1 7
495 1 7
496 1 7
497 1 7
498 1 7
499 1 7
500 1 7
501 1 7
502 1 7
503 1 7
504 1 7
505 1 7
506 1 7
507 1 7
508 1 7
509 1 7
510 1 7
511 1 7
512 1 7
513 1 7
514 1 7
515 1 7
516 1 7
517 1 7
518 1 7
519 1 7
520 1 7
521 1 7
522 1 7
523 1 7
524 1 7
525 1 7
526 1 7
527 1 7
528 1 7
529 1 7
530 1 7
531 1 7
532 1 7
533 1 7
534 1 7
535 1 7
536 1 7
537 1 7
538 1 7
539 1 7
540 1 7
541 1 7
542 1 7
543 1 7
544 1 7
545 1 7
546 1 7
547 1 7
548 1 7
549 1 7
550 1 7
551 1 7
552 1 7
553 1 7
554 1 7
555 1 7
556 1 7
557 1 7
558 1 7
559 1 7
560 1 7
561 1 7
562 1 7
563 1 7
564 1 7
565 1 7
566 1 7
567 1 7
568 1 7
569 1 7
570 1 7
571 1 7
572 1 7
573 1 7
574 1 7
575 1 7
576 1 7
577 1 7
578 1 7
579 1 7
580 1 7
581 1 7
582 1 7
583 1 7
584 1 7
585 1 7
586 1 7
587 1 7
588 1 7
589 1 7
590 1 7
591 1 7
592 1 7
593 1 7
594 1 7
595 1 7
596 1 7
597 1 7
598 1 7
599 1 7
600 1 7
601 1 7
602 1 7
603 1 7
604 1 7
605 1 7
606 1 7
607 1 8
608 1 8
609 1 8
610 1 8
611 1 8
612 1 8
613 1 8
614 1 8
615 1 8
616 1 8
617 1 8
618 1 8
619 1 8
620 1 8
621 1 8
622 1 8
623 1 8
624 1 8
625 1 8
626 1 8
627 1 8
628 1 8
629 1 8
630 1 8
631 1 8
632 1 8
633 1 9
634 1 9
635 1 8
636 1 8
637 1 8
638 1 8
639 1 8
640 1 8
641 1 8
642 1 8
643 1 8
644 1 8
645 1 8
646 1 8
647 1 8
648 1 8
649 1 8
650 1 8
651 1 9
652 1 8
653 1 8
654 1 8
655 1 8
656 1 8
657 1 8
658 1 8
659 1 8
660 1 8
661 1 8
662 1 8
663 1 8
664 1 8
665 1 8
666 1 9
667 1 9
668 1 9
669 1 9
670 1 9
671 1 9
672 1 10
673 1 10
674 1 10
675 1 10
676 1 10
677 1 10
678 1 10
679 1 10
680 1 10
681 1 10
682 1 10
683 1 10
684 1 10
685 1 10
686 1 10
687 1 10
688 1 10
689 1 10
690 1 10
691 1 10
692 1 10
693 1 10
694 1 10
695 1 10
696 1 10
697 1 10
698 1 10
699 1 10
700 1 10
701 1 10
702 1 10
703 1 10
704 1 10
705 1 10
706 1 10
707 1 10
708 1 10
709 1 10
710 1 10
711 1 10
712 1 10
713 1 10
714 1 10
715 1 10
716 1 10
717 1 10
718 1 10
719 1 10
720 1 10
721 1 10
722 1 10
723 1 10
724 1 10
725 1 10
726 1 10
727 1 10
728 1 10
729 1 10
730 1 11
731 1 11
732 1 11
733 1 11
734 1 11
735 1 11
736 1 11
737 1 11
738 1 12
739 1 12
740 1 12
741 1 12
742 1 12
743 1 12
744 1 12
745 1 12
746 1 12
747 1 12
748 1 12
749 1 12
750 1 12
751 1 12
752 1 12
753 1 12
754 1 12
755 1 12
756 1 13
757 1 12
758 1 12
759 1 12
760 1 12
761 1 13
762 1 13
763 1 13
764 1 13
765 1 13
766 1 13
767 1 13
768 1 13
769 1 13
770 1 13
771 1 13
772 1 13
773 1 13
774 1 13
775 1 13
776 1 13
777 1 13
778 1 13
779 1 13
780 1 13
781 1 13
782 1 14
783 1 14
784 1 14
785 1 14
786 1 14
787 1 14
788 1 14
789 1 14
790 1 14
791 1 14
792 1 14
793 1 14
794 1 14
795 1 15
796 1 15
797 1 15
798 1 15
799 1 15
800 1 15
801 1 15
802 1 15
803 1 15
804 1 15
805 1 15
806 1 15
807 1 15
808 1 15
809 1 15
810 1 15
811 1 16
812 1 16
813 1 16
814 1 16
815 1 16
816 1 16
817 1 16
818 1 16
819 1 16
820 1 16
821 1 16
822 1 16
823 2 16
824 2 16
825 2 16
826 2 16
827 2 16
828 2 16
829 2 16
830 2 16
831 2 16
832 2 16
833 2 17
834 2 17
835 2 17
836 2 17
837 2 17
838 2 17
839 2 17
840 2 17
841 2 17
842 2 17
843 2 17
844 2 17
845 2 17
846 2 17
847 2 17
848 2 17
849 2 17
850 2 17
851 2 17
852 2 18
853 2 18
854 2 18
855 2 18
856 2 18
857 2 18
858 2 18
859 2 18
860 2 18
861 2 18
862 2 18
863 2 18
864 2 18
865 2 18
866 2 18
867 2 18
868 2 18
869 2 18
870 2 18
871 2 18
872 2 18
873 2 18
874 2 18
875 2 19
876 2 19
877 2 19
878 2 19
879 2 19
880 2 19
881 2 19
882 2 18
883 2 19
884 2 19
885 2 19
886 2 19
887 2 19
888 2 19
889 2 19
890 2 19
891 2 19
892 2 19
893 2 19
894 2 19
895 2 20
896 2 20
897 2 20
898 2 20
899 2 20
900 2 20
901 2 20
902 2 20
903 2 20
904 2 20
905 2 20
906 2 20
907 2 20
908 2 20
909 2 20
910 2 20
911 2 20
912 2 20
913 2 20
914 2 20
915 2 20
916 2 20
917 2 20
918 2 20
919 2 20
920 2 20
921 2 20
922 2 20
923 2 20
924 2 20
925 2 20
926 2 20
927 2 20
928 2 20
929 2 20
930 2 20
931 2 20
932 2 21
933 2 20
934 2 20
935 2 20
936 2 20
937 2 20
938 2 20
939 2 20
940 2 20
941 2 20
942 2 20
943 2 20
944 2 20
945 2 20
946 2 21
947 2 21
948 2 21
949 2 21
950 2 21
951 2 21
952 2 21
953 2 21
954 2 21
955 2 21
956 2 21
957 2 21
958 2 21
959 2 21
960 2 21
961 2 21
962 2 21
963 2 21
964 2 21
965 2 21
966 2 21
967 2 21
968 2 21
969 2 21
970 2 21
971 2 21
972 2 21
973 2 21
974 2 21
975 2 21
976 2 21
977 2 21
978 2 21
979 2 21
980 2 21
981 2 21
982 2 21
983 2 21
984 2 21
985 2 21
986 2 21
987 2 21
988 2 22
989 2 22
990 3 22
991 3 22
992 3 22
993 3 22
994 3 22
995 3 22
996 3 22
997 3 22
998 3 22
999 3 22
1000 3 22
1001 3 22
1002 3 22
1003 3 22
1004 3 22
1005 3 22
1006 3 22
1007 3 22
1008 3 22
1009 3 23
1010 3 23
1011 3 23
1012 3 23
1013 3 23
1014 3 23
1015 3 23
1016 3 23
1017 3 23
1018 3 23
1019 3 23
1020 3 23
1021 3 23
1022 3 23
1023 3 23
1024 3 24
1025 3 24
1026 3 24
1027 3 24
1028 3 24
1029 3 24
1030 3 24
1031 3 24
1032 3 24
1033 3 24
1034 3 24
1035 3 24
1036 3 24
1037 3 24
1038 3 24
1039 3 24
1040 3 24
1041 3 24
1042 3 24
1043 3 24
1044 3 24
1045 3 24
1046 3 24
1047 3 24
1048 3 24
1049 3 25
1050 3 24
1051 3 24
1052 3 25
1053 3 25
1054 3 25
1055 3 25
1056 3 25
1057 3 25
1058 3 25
1059 3 25
1060 3 25
1061 3 25
1062 3 25
1063 3 25
1064 3 25
1065 3 25
1066 3 25
1067 3 25
1068 3 26
1069 3 26
1070 3 26
1071 3 26
1072 3 26
1073 3 26
1074 3 26
1075 3 26
1076 3 26
1077 3 26
1078 3 26
1079 3 26
1080 3 26
1081 3 26
1082 3 26
1083 3 26
1084 3 26
1085 3 26
1086 3 26
1087 3 26
1088 3 26
1089 3 26
1090 3 26
1091 3 26
1092 3 26
1093 3 26
1094 3 26
1095 3 26
1096 3 26
1097 3 26
1098 3 26
1099 3 26
1100 3 26
1101 3 26
1102 3 26
1103 3 26
1104 3 27
1105 3 27
1106 3 27
1107 3 27
1108 3 27
1109 3 27
1110 3 27
1111 3 27
1112 3 27
1113 3 27
1114 3 27
1115 3 27
1116 3 27
1117 3 27
1118 3 27
1119 3 27
1120 3 27
1121 3 27
1122 3 28
1123 3 28
1124 3 28
1125 4 28
1126 4 28
1127 4 28
1128 4 28
1129 4 28
1130 4 28
1131 4 28
1132 4 28
1133 4 28
1134 4 28
1135 4 28
1136 4 28
1137 4 28
1138 4 28
1139 4 28
1140 4 28
1141 4 28
1142 4 28
1143 4 28
1144 4 28
1145 4 29
1146 4 28
1147 4 28
1148 4 28
1149 4 28
1150 4 29
1151 4 29
1152 4 29
1153 4 29
1154 4 29
1155 4 29
1156 4 29
1157 4 29
1158 4 29
1159 4 29
1160 4 29
1161 4 29
1162 4 29
1163 4 29
1164 4 29
1165 4 29
1166 4 29
1167 4 29
1168 4 29
1169 4 29
1170 4 29
1171 4 29
1172 4 29
1173 4 29
1174 4 29
1175 4 29
1176 4 29
1177 4 29
1178 4 29
1179 4 30
1180 4 30
1181 4 30
1182 4 30
1183 4 30
1184 4 30
1185 4 30
1186 4 30
1187 4 30
1188 4 30
1189 4 30
1190 4 30
1191 4 30
1192 4 31
1193 4 31
1194 4 31
1195 4 31
1196 4 30
1197 4 30
1198 4 31
1199 4 31
1200 4 31
1201 4 31
1202 4 31
1203 4 31
1204 4 31
1205 4 31
1206 5 31
1207 5 31
1208 5 31
1209 5 31
1210 5 31
1211 5 31
1212 5 31
1213 5 31
1214 5 32
1215 5 32
1216 5 32
1217 5 31
1218 5 32
1219 5 32
1220 5 32
1221 5 32
1222 5 32
1223 5 32
1224 5 32
1225 5 32
1226 5 32
1227 5 32
1228 5 32
1229 5 32
1230 5 32
1231 6 32
1232 6 33
1233 6 33
1234 6 33
1235 6 33
1236 6 33
1237 6 33
1238 6 33
1239 6 33
1240 6 33
1241 6 33
1242 6 33
1243 6 33
1244 6 33
1245 6 33
1246 6 33
1247 6 33
1248 6 33
1249 6 33
1250 6 33
1251 6 33
1252 6 33
1253 6 33
1254 6 33
1255 6 33
1256 6 33
1257 6 33
1258 6 33
1259 6 33
1260 6 33
1261 6 33
1262 6 33
1263 6 33
1264 6 33
1265 6 33
1266 6 33
1267 6 33
1268 7 33
1269 7 33
1270 7 33
1271 7 33
1272 7 33
1273 7 33
1274 7 33
1275 7 34
1276 7 34
1277 7 34
1278 7 34
1279 7 34
1280 7 34
1281 7 34
1282 7 34
1283 7 34
1284 7 34
1285 7 34
1286 7 34
1287 7 34
1288 7 34
1289 7 34
1290 7 34
1291 7 34
1292 7 34
1293 7 34
1294 7 34
1295 7 34
1296 7 34
1297 7 34
1298 7 34
1299 8 34
1300 8 34
1301 8 34
1302 8 34
1303 8 34
1304 8 34
1305 8 34
1306 8 34
1307 8 34
1308 8 34
1309 8 34
1310 8 34
1311 9 34
1312 9 34
1313 9 34
1314 9 34
1315 9 34
1316 9 34
1317 9 34
1318 9 34
1319 9 34
1320 9 35
1321 10 35
1322 10 35
1323 10 35
1324 10 35
1325 10 35
1326 11 35
1327 11 35
1328 11 35
1329 11 35
1330 11 35
1331 11 35
1332 12 35
1333 12 35
1334 12 35
1335 12 36
1336 12 36
1337 13 36
1338 13 36
1339 13 36
1340 13 36
1341 13 36
1342 14 36
1343 14 36
1344 14 36
1345 14 36
1346 14 36
1347 14 36
1348 14 36
1349 14 36
1350 16 36
1351 17 36
1352 17 36
1353 18 36
1354 18 36
1355 18 36
1356 18 36
1357 18 36
1358 18 36
1359 18 36
1360 18 36
1361 20 36
1362 22 37
1363 22 37
1364 24 37
1365 29 37
1366 29 37
1367 32 37
1368 34 37
1369 34 37
1370 36 37
1371 36 37
1372 36 37
1373 36 37
1374 39 37
1375 99 37
1376 99 37
1377 100 38
