0 0 0
1 0 0
2 0 0
3 0 0
4 0 0
5 0 0
6 0 0
7 0 0
8 0 0
9 0 0
10 0 0
11 0 0
12 0 0
13 0 0
14 0 0
15 0 0
16 0 0
17 0 0
18 0 0
19 0 0
20 0 0
21 0 0
22 0 0
23 0 0
24 0 0
25 0 0
26 0 0
27 0 0
28 0 0
29 0 0
30 0 0
31 0 0
32 0 0
33 0 0
34 0 0
35 0 0
36 0 0
37 0 0
38 0 0
39 0 0
40 0 0
41 0 0
42 0 0
43 0 0
44 0 0
45 0 0
46 0 33
47 0 33
48 0 33
49 0 33
50 0 33
51 0 33
52 0 33
53 0 33
54 0 33
55 0 33
56 0 33
57 0 25
58 0 25
59 0 25
60 0 25
61 0 25
62 0 25
63 0 25
64 0 25
65 0 25
66 0 40
67 0 40
68 0 40
69 0 40
70 0 40
71 0 40
72 0 40
73 0 40
74 0 40
75 0 40
76 0 40
77 0 40
78 0 40
79 0 40
80 0 40
81 0 40
82 0 40
83 0 40
84 0 40
85 0 40
86 0 40
87 0 40
88 0 40
89 0 40
90 0 40
91 0 40
92 0 40
93 0 40
94 0 40
95 0 40
96 0 40
97 0 40
98 0 40
99 0 33
100 0 33
101 0 42
102 0 37
103 0 37
104 0 44
105 0 44
106 0 44
107 0 44
108 0 40
109 0 40
110 0 40
111 0 40
112 0 40
113 0 36
114 0 33
115 0 33
116 0 33
117 0 30
118 0 30
119 0 30
120 0 30
121 0 30
122 0 30
123 0 30
124 0 30
125 0 30
126 0 30
127 0 30
128 0 28
129 0 28
130 0 28
131 0 28
132 0 28
133 0 28
134 0 28
135 0 28
136 0 28
137 0 28
138 0 28
139 0 28
140 0 33
141 0 37
142 0 41
143 0 44
144 0 44
145 0 47
146 0 47
147 0 47
148 0 47
149 0 47
150 0 50
151 0 50
152 0 52
153 0 52
154 0 54
155 0 56
156 0 58
157 0 60
158 0 60
159 0 60
160 0 61
161 0 61
162 0 61
163 0 61
164 0 61
165 0 61
166 0 62
167 0 60
168 0 62
169 0 60
170 0 60
171 0 60
172 0 60
173 0 60
174 0 60
175 0 58
176 0 59
177 0 59
178 0 60
179 0 61
180 0 62
181 0 62
182 0 63
183 0 63
184 0 63
185 0 63
186 0 63
187 0 62
188 0 60
189 0 60
190 0 60
191 0 58
192 0 58
193 0 58
194 0 60
195 0 60
196 0 60
197 0 61
198 0 61
199 0 61
200 0 62
201 0 62
202 0 63
203 0 64
204 0 64
205 0 64
206 0 64
207 0 64
208 0 64
209 0 64
210 0 64
211 0 64
212 0 64
213 0 64
214 0 64
215 0 64
216 0 64
217 0 65
218 0 65
219 0 65
220 0 65
221 0 65
222 0 65
223 0 65
224 0 65
225 0 65
226 0 65
227 0 66
228 0 66
229 0 66
230 0 66
231 0 66
232 0 65
233 0 65
234 0 65
235 0 65
236 0 65
237 0 65
238 0 64
239 0 64
240 0 64
241 0 64
242 0 63
243 0 63
244 0 62
245 0 62
246 0 62
247 0 62
248 0 62
249 0 62
250 0 62
251 0 62
252 0 62
253 0 63
254 0 63
255 0 63
256 0 63
257 0 64
258 0 63
259 0 63
260 0 63
261 0 63
262 0 63
263 0 63
264 0 63
265 0 63
266 0 63
267 0 63
268 0 63
269 0 64
270 0 65
271 0 65
272 0 65
273 0 65
274 0 65
275 0 65
276 0 65
277 0 65
278 0 63
279 0 62
280 0 62
281 0 61
282 0 61
283 0 61
284 0 61
285 0 60
286 0 61
287 0 60
288 0 60
289 0 60
290 0 60
291 0 60
292 0 60
293 0 60
294 0 60
295 0 60
296 0 59
297 0 58
298 0 58
299 0 57
300 0 58
301 0 58
302 0 58
303 0 58
304 0 58
305 0 58
306 0 57
307 0 57
308 0 56
309 0 56
310 0 56
311 0 56
312 0 56
313 0 56
314 0 56
315 0 56
316 0 56
317 0 55
318 0 54
319 0 53
320 0 53
321 0 52
322 0 52
323 0 51
324 0 51
325 0 51
326 0 51
327 0 51
328 0 50
329 0 50
330 0 50
331 0 49
332 0 49
333 0 48
334 0 48
335 0 48
336 0 48
337 0 48
338 0 47
339 0 47
340 0 47
341 0 47
342 0 46
343 0 46
344 0 46
345 0 45
346 0 45
347 0 45
348 0 45
349 0 45
350 0 44
351 0 44
352 0 44
353 0 44
354 0 44
355 0 43
356 0 43
357 0 42
358 0 42
359 0 41
360 0 41
361 0 41
362 0 41
363 0 40
364 0 40
365 0 40
366 0 40
367 0 40
368 0 39
369 0 39
370 0 39
371 0 39
372 0 39
373 0 39
374 0 39
375 0 38
376 0 38
377 0 38
378 0 38
379 0 38
380 0 38
381 0 38
382 0 39
383 0 39
384 0 39
385 0 39
386 0 39
387 0 39
388 0 39
389 0 38
390 0 38
391 0 38
392 0 38
393 0 38
394 0 37
395 0 37
396 0 37
397 0 37
398 0 37
399 0 36
400 0 36
401 0 36
402 0 36
403 0 36
404 0 36
405 0 36
406 0 36
407 0 36
408 0 36
409 0 36
410 0 35
411 0 35
412 0 35
413 0 35
414 0 35
415 0 35
416 0 35
417 0 35
418 0 35
419 0 35
420 0 35
421 0 35
422 0 35
423 0 35
424 0 35
425 0 35
426 0 35
427 0 35
428 0 35
429 0 36
430 0 36
431 0 36
432 0 35
433 0 35
434 0 35
435 0 35
436 0 35
437 0 34
438 0 34
439 0 34
440 0 34
441 0 34
442 0 34
443 0 34
444 0 35
445 0 35
446 0 35
447 0 34
448 0 34
449 0 34
450 0 34
451 0 33
452 0 33
453 0 33
454 0 33
455 0 33
456 0 33
457 0 33
458 0 33
459 0 33
460 0 33
461 0 33
462 0 33
463 0 33
464 0 33
465 0 32
466 0 32
467 0 32
468 0 32
469 0 32
470 0 32
471 0 32
472 0 32
473 1 31
474 1 31
475 1 31
476 1 31
477 1 31
478 1 31
479 1 30
480 1 30
481 1 30
482 1 30
483 1 30
484 1 30
485 1 30
486 1 30
487 1 30
488 1 29
489 1 29
490 1 29
491 1 29
492 1 29
493 1 29
494 1 29
495 1 29
496 1 29
497 1 29
498 1 28
499 1 28
500 1 28
501 1 28
502 1 28
503 1 28
504 1 28
505 1 28
506 1 28
507 1 28
508 1 27
509 1 27
510 1 27
511 1 27
512 1 27
513 1 27
514 1 27
515 1 27
516 1 27
517 1 27
518 1 27
519 1 27
520 1 27
521 1 27
522 1 27
523 1 26
524 1 26
525 1 26
526 1 26
527 1 26
528 1 26
529 1 26
530 1 26
531 1 26
532 1 26
533 1 26
534 1 26
535 1 26
536 1 26
537 1 25
538 1 25
539 1 25
540 1 25
541 1 25
542 1 25
543 1 25
544 1 25
545 1 25
546 1 25
547 1 25
548 1 25
549 1 25
550 1 25
551 1 25
552 1 25
553 1 24
554 1 24
555 1 24
556 1 24
557 1 24
558 1 24
559 1 24
560 1 24
561 1 24
562 1 24
563 1 24
564 1 23
565 1 23
566 1 23
567 1 23
568 1 23
569 1 23
570 1 23
571 1 23
572 1 23
573 1 23
574 1 23
575 1 23
576 1 23
577 1 23
578 1 23
579 1 23
580 1 23
581 1 23
582 1 23
583 1 23
584 1 23
585 1 23
586 1 23
587 1 23
588 1 23
589 1 23
590 1 23
591 1 23
592 1 23
593 1 23
594 1 23
595 1 23
596 1 23
597 1 23
598 1 23
599 1 23
600 1 23
601 1 23
602 1 22
603 1 22
604 1 23
605 1 23
606 1 23
607 1 22
608 1 22
609 1 22
610 1 22
611 1 22
612 1 22
613 1 22
614 1 22
615 1 22
616 1 22
617 1 22
618 1 22
619 1 21
620 1 21
621 1 21
622 1 21
623 1 21
624 1 21
625 1 21
626 1 21
627 1 21
628 1 21
629 1 21
630 1 21
631 1 21
632 1 21
633 1 20
634 1 20
635 1 20
636 1 20
637 1 20
638 1 20
639 1 20
640 1 20
641 1 20
642 1 20
643 1 20
644 1 20
645 1 20
646 1 20
647 1 20
648 1 20
649 1 20
650 1 20
651 1 20
652 1 20
653 1 19
654 1 19
655 1 19
656 1 19
657 1 20
658 1 20
659 1 20
660 1 20
661 1 20
662 1 20
663 1 20
664 1 20
665 1 20
666 1 20
667 1 20
668 1 20
669 1 20
670 1 20
671 1 20
672 1 20
673 1 20
674 1 19
675 1 19
676 1 19
677 1 19
678 1 19
679 1 19
680 1 19
681 1 19
682 1 19
683 1 19
684 1 19
685 1 19
686 1 19
687 1 19
688 1 19
689 1 19
690 1 20
691 1 20
692 1 20
693 1 20
694 1 20
695 1 20
696 1 20
697 1 21
698 1 21
699 1 21
700 1 21
701 1 21
702 1 21
703 1 21
704 1 21
705 1 21
706 1 22
707 1 22
708 1 22
709 1 22
710 1 22
711 1 22
712 1 22
713 1 22
714 1 23
715 1 23
716 1 23
717 1 23
718 1 23
719 1 23
720 1 23
721 1 23
722 1 23
723 1 23
724 1 23
725 1 23
726 1 23
727 1 23
728 1 23
729 1 23
730 1 23
731 1 23
732 1 23
733 1 23
734 1 23
735 1 23
736 1 22
737 1 22
738 1 22
739 1 22
740 1 22
741 1 22
742 1 22
743 1 22
744 1 22
745 1 22
746 1 22
747 1 22
748 1 22
749 1 22
750 1 22
751 1 22
752 1 22
753 1 22
754 1 22
755 1 22
756 1 22
757 1 22
758 1 22
759 1 22
760 1 22
761 1 22
762 1 22
763 1 22
764 1 22
765 1 22
766 1 22
767 1 22
768 1 22
769 1 21
770 1 21
771 1 21
772 1 21
773 1 21
774 1 21
775 1 21
776 1 21
777 1 21
778 1 21
779 1 21
780 1 21
781 1 21
782 1 21
783 1 21
784 1 21
785 1 21
786 1 21
787 1 21
788 1 21
789 1 21
790 1 21
791 1 21
792 1 21
793 1 21
794 1 21
795 1 21
796 1 20
797 1 20
798 1 20
799 1 20
800 1 20
801 1 20
802 1 20
803 1 20
804 1 20
805 1 20
806 1 20
807 1 20
808 1 20
809 1 20
810 1 20
811 1 20
812 1 20
813 1 20
814 1 20
815 1 20
816 1 20
817 1 20
818 1 20
819 1 20
820 1 20
821 1 20
822 1 20
823 2 20
824 2 20
825 2 20
826 2 20
827 2 20
828 2 20
829 2 20
830 2 20
831 2 20
832 2 20
833 2 20
834 2 20
835 2 20
836 2 20
837 2 20
838 2 20
839 2 20
840 2 20
841 2 20
842 2 20
843 2 20
844 2 20
845 2 20
846 2 20
847 2 20
848 2 20
849 2 20
850 2 20
851 2 20
852 2 20
853 2 20
854 2 20
855 2 20
856 2 20
857 2 20
858 2 20
859 2 20
860 2 20
861 2 20
862 2 20
863 2 20
864 2 20
865 2 20
866 2 20
867 2 20
868 2 20
869 2 20
870 2 20
871 2 20
872 2 20
873 2 20
874 2 20
875 2 20
876 2 19
877 2 19
878 2 19
879 2 19
880 2 19
881 2 19
882 2 20
883 2 20
884 2 20
885 2 19
886 2 19
887 2 19
888 2 19
889 2 19
890 2 19
891 2 19
892 2 19
893 2 19
894 2 19
895 2 19
896 2 19
897 2 19
898 2 19
899 2 19
900 2 19
901 2 19
902 2 19
903 2 19
904 2 19
905 2 19
906 2 19
907 2 19
908 2 19
909 2 19
910 2 19
911 2 19
912 2 19
913 2 19
914 2 19
915 2 19
916 2 19
917 2 19
918 2 19
919 2 19
920 2 19
921 2 19
922 2 19
923 2 19
924 2 19
925 2 19
926 2 19
927 2 19
928 2 19
929 2 19
930 2 19
931 2 19
932 2 19
933 2 19
934 2 19
935 2 19
936 2 19
937 2 19
938 2 19
939 2 19
940 2 19
941 2 19
942 2 19
943 2 19
944 2 19
945 2 19
946 2 19
947 2 19
948 2 19
949 2 19
950 2 19
951 2 19
952 2 19
953 2 19
954 2 19
955 2 19
956 2 19
957 2 19
958 2 19
959 2 19
960 2 19
961 2 19
962 2 19
963 2 19
964 2 19
965 2 19
966 2 19
967 2 19
968 2 19
969 2 19
970 2 19
971 2 19
972 2 19
973 2 19
974 2 19
975 2 19
976 2 19
977 2 19
978 2 19
979 2 19
980 2 19
981 2 19
982 2 19
983 2 19
984 2 19
985 2 19
986 2 19
987 2 19
988 2 19
989 2 19
990 3 19
991 3 19
992 3 19
993 3 19
994 3 19
995 3 19
996 3 19
997 3 19
998 3 19
999 3 19
1000 3 19
1001 3 19
1002 3 19
1003 3 19
1004 3 19
1005 3 19
1006 3 19
1007 3 19
1008 3 19
1009 3 19
1010 3 19
1011 3 19
1012 3 19
1013 3 18
1014 3 18
1015 3 18
1016 3 18
1017 3 18
1018 3 18
1019 3 18
1020 3 18
1021 3 18
1022 3 18
1023 3 18
1024 3 18
1025 3 18
1026 3 18
1027 3 18
1028 3 18
1029 3 18
1030 3 18
1031 3 18
1032 3 18
1033 3 18
1034 3 18
1035 3 18
1036 3 18
1037 3 18
1038 3 18
1039 3 18
1040 3 18
1041 3 18
1042 3 18
1043 3 18
1044 3 18
1045 3 18
1046 3 18
1047 3 18
1048 3 18
1049 3 18
1050 3 18
1051 3 18
1052 3 18
1053 3 17
1054 3 17
1055 3 17
1056 3 17
1057 3 18
1058 3 18
1059 3 17
1060 3 17
1061 3 17
1062 3 18
1063 3 18
1064 3 18
1065 3 18
1066 3 18
1067 3 17
1068 3 17
1069 3 17
1070 3 17
1071 3 17
1072 3 18
1073 3 18
1074 3 18
1075 3 18
1076 3 18
1077 3 18
1078 3 18
1079 3 18
1080 3 18
1081 3 18
1082 3 18
1083 3 18
1084 3 18
1085 3 18
1086 3 18
1087 3 18
1088 3 17
1089 3 17
1090 3 17
1091 3 17
1092 3 17
1093 3 17
1094 3 17
1095 3 17
1096 3 17
1097 3 17
1098 3 18
1099 3 18
1100 3 18
1101 3 18
1102 3 18
1103 3 18
1104 3 18
1105 3 18
1106 3 18
1107 3 17
1108 3 17
1109 3 17
1110 3 17
1111 3 17
1112 3 17
1113 3 17
1114 3 17
1115 3 17
1116 3 17
1117 3 17
1118 3 17
1119 3 17
1120 3 17
1121 3 17
1122 3 17
1123 3 17
1124 3 17
1125 4 17
1126 4 17
1127 4 17
1128 4 17
1129 4 17
1130 4 17
1131 4 17
1132 4 17
1133 4 17
1134 4 17
1135 4 17
1136 4 17
1137 4 17
1138 4 17
1139 4 17
1140 4 17
1141 4 17
1142 4 17
1143 4 17
1144 4 17
1145 4 17
1146 4 17
1147 4 17
1148 4 17
1149 4 17
1150 4 17
1151 4 17
1152 4 17
1153 4 17
1154 4 16
1155 4 16
1156 4 16
1157 4 16
1158 4 16
1159 4 16
1160 4 16
1161 4 16
1162 4 16
1163 4 16
1164 4 16
1165 4 16
1166 4 16
1167 4 16
1168 4 16
1169 4 16
1170 4 16
1171 4 16
1172 4 16
1173 4 16
1174 4 16
1175 4 16
1176 4 16
1177 4 16
1178 4 16
1179 4 16
1180 4 16
1181 4 16
1182 4 16
1183 4 16
1184 4 16
1185 4 16
1186 4 16
1187 4 16
1188 4 16
1189 4 16
1190 4 16
1191 4 16
1192 4 16
1193 4 16
1194 4 16
1195 4 16
1196 4 16
1197 4 16
1198 4 16
1199 4 16
1200 4 16
1201 4 16
1202 4 16
1203 4 16
1204 4 16
1205 4 16
1206 5 16
1207 5 15
1208 5 15
1209 5 15
1210 5 15
1211 5 15
1212 5 15
1213 5 15
1214 5 15
1215 5 15
1216 5 15
1217 5 15
1218 5 15
1219 5 15
1220 5 15
1221 5 15
1222 5 15
1223 5 15
1224 5 15
1225 5 15
1226 5 15
1227 5 15
1228 5 15
1229 5 15
1230 5 15
1231 6 15
1232 6 15
1233 6 15
1234 6 15
1235 6 15
1236 6 15
1237 6 15
1238 6 15
1239 6 15
1240 6 15
1241 6 15
1242 6 15
1243 6 15
1244 6 15
1245 6 15
1246 6 15
1247 6 15
1248 6 15
1249 6 15
1250 6 15
1251 6 15
1252 6 15
1253 6 15
1254 6 15
1255 6 15
1256 6 15
1257 6 15
1258 6 15
1259 6 15
1260 6 15
1261 6 15
1262 6 15
1263 6 15
1264 6 15
1265 6 14
1266 6 14
1267 6 14
1268 7 14
1269 7 14
1270 7 14
1271 7 14
1272 7 14
1273 7 14
1274 7 14
1275 7 14
1276 7 14
1277 7 14
1278 7 14
1279 7 14
1280 7 14
1281 7 14
1282 7 14
1283 7 14
1284 7 14
1285 7 14
1286 7 14
1287 7 14
1288 7 14
1289 7 14
1290 7 14
1291 7 14
1292 7 14
1293 7 14
1294 7 14
1295 7 14
1296 7 14
1297 7 14
1298 7 14
1299 8 14
1300 8 14
1301 8 14
1302 8 14
1303 8 14
1304 8 14
1305 8 14
1306 8 14
1307 8 14
1308 8 14
1309 8 14
1310 8 14
1311 9 14
1312 9 14
1313 9 14
1314 9 14
1315 9 14
1316 9 14
1317 9 14
1318 9 14
1319 9 14
1320 9 14
1321 10 14
1322 10 14
1323 10 14
1324 10 14
1325 10 14
1326 11 14
1327 11 14
1328 11 14
1329 11 14
1330 11 14
1331 11 14
1332 12 14
1333 12 14
1334 12 14
1335 12 14
1336 12 14
1337 13 14
1338 13 14
1339 13 14
1340 13 14
1341 13 14
1342 14 13
1343 14 13
1344 14 13
1345 14 13
1346 14 13
1347 14 13
1348 14 13
1349 14 13
1350 16 13
1351 17 13
1352 17 13
1353 18 13
1354 18 13
1355 18 13
1356 18 13
1357 18 13
1358 18 13
1359 18 13
1360 18 13
1361 20 13
1362 22 13
1363 22 13
1364 24 13
1365 29 13
1366 29 13
1367 32 13
1368 34 13
1369 34 13
1370 36 13
1371 36 13
1372 36 13
1373 36 13
1374 39 13
1375 99 13
1376 99 13
1377 100 13
