0 0 0
1 0 0
2 0 0
3 0 0
4 0 0
5 0 0
6 0 0
7 0 0
8 0 0
9 0 0
10 0 0
11 0 0
12 0 0
13 0 0
14 0 0
15 0 0
16 0 0
17 0 0
18 0 0
19 0 0
20 0 0
21 0 0
22 0 0
23 0 0
24 0 0
25 0 0
26 0 0
27 0 0
28 0 0
29 0 0
30 0 0
31 0 0
32 0 0
33 0 0
34 0 0
35 0 0
36 0 0
37 0 0
38 0 0
39 0 0
40 0 0
41 0 0
42 0 0
43 0 0
44 0 0
45 0 0
46 0 0
47 0 0
48 0 0
49 0 0
50 0 0
51 0 0
52 0 0
53 0 0
54 0 0
55 0 0
56 0 0
57 0 0
58 0 0
59 0 0
60 0 0
61 0 0
62 0 0
63 0 0
64 0 0
65 0 0
66 0 0
67 0 0
68 0 0
69 0 0
70 0 0
71 0 0
72 0 0
73 0 0
74 0 0
75 0 0
76 0 0
77 0 0
78 0 0
79 0 0
80 0 0
81 0 0
82 0 0
83 0 0
84 0 0
85 0 0
86 0 0
87 0 0
88 0 0
89 0 0
90 0 0
91 0 0
92 0 0
93 0 0
94 0 0
95 0 0
96 0 0
97 0 0
98 0 0
99 0 0
100 0 0
101 0 0
102 0 0
103 0 0
104 0 0
105 0 0
106 0 0
107 0 0
108 0 0
109 0 0
110 0 0
111 0 0
112 0 0
113 0 0
114 0 0
115 0 0
116 0 0
117 0 0
118 0 0
119 0 0
120 0 0
121 0 0
122 0 0
123 0 0
124 0 0
125 0 0
126 0 0
127 0 0
128 0 0
129 0 0
130 0 0
131 0 0
132 0 0
133 0 0
134 0 0
135 0 0
136 0 0
137 0 0
138 0 0
139 0 0
140 0 0
141 0 0
142 0 0
143 0 0
144 0 0
145 0 0
146 0 0
147 0 0
148 0 0
149 0 0
150 0 0
151 0 0
152 0 0
153 0 0
154 0 0
155 0 0
156 0 0
157 0 0
158 0 0
159 0 0
160 0 0
161 0 0
162 0 0
163 0 0
164 0 0
165 0 0
166 0 0
167 0 0
168 0 0
169 0 0
170 0 0
171 0 0
172 0 0
173 0 0
174 0 0
175 0 0
176 0 0
177 0 0
178 0 0
179 0 0
180 0 0
181 0 0
182 0 0
183 0 0
184 0 0
185 0 0
186 0 0
187 0 0
188 0 0
189 0 0
190 0 0
191 0 0
192 0 0
193 0 0
194 0 0
195 0 0
196 0 0
197 0 0
198 0 0
199 0 0
200 0 0
201 0 0
202 0 0
203 0 0
204 0 0
205 0 0
206 0 0
207 0 0
208 0 0
209 0 0
210 0 0
211 0 0
212 0 0
213 0 0
214 0 0
215 0 0
216 0 0
217 0 0
218 0 0
219 0 0
220 0 0
221 0 0
222 0 0
223 0 0
224 0 0
225 0 0
226 0 0
227 0 0
228 0 0
229 0 0
230 0 0
231 0 0
232 0 0
233 0 0
234 0 0
235 0 0
236 0 0
237 0 0
238 0 0
239 0 0
240 0 0
241 0 0
242 0 0
243 0 0
244 0 0
245 0 0
246 0 0
247 0 0
248 0 0
249 0 0
250 0 0
251 0 0
252 0 0
253 0 0
254 0 0
255 0 0
256 0 0
257 0 0
258 0 0
259 0 0
260 0 0
261 0 0
262 0 0
263 0 0
264 0 0
265 0 0
266 0 0
267 0 0
268 0 0
269 0 0
270 0 0
271 0 0
272 0 0
273 0 0
274 0 0
275 0 0
276 0 0
277 0 0
278 0 0
279 0 0
280 0 0
281 0 0
282 0 0
283 0 0
284 0 0
285 0 0
286 0 0
287 0 0
288 0 0
289 0 0
290 0 0
291 0 0
292 0 0
293 0 0
294 0 0
295 0 0
296 0 0
297 0 0
298 0 0
299 0 0
300 0 0
301 0 0
302 0 0
303 0 0
304 0 0
305 0 0
306 0 0
307 0 0
308 0 0
309 0 0
310 0 0
311 0 0
312 0 0
313 0 0
314 0 0
315 0 0
316 0 0
317 0 0
318 0 0
319 0 0
320 0 0
321 0 0
322 0 0
323 0 0
324 0 0
325 0 0
326 0 0
327 0 0
328 0 0
329 0 0
330 0 0
331 0 0
332 0 0
333 0 0
334 0 0
335 0 0
336 0 0
337 0 0
338 0 0
339 0 0
340 0 0
341 0 0
342 0 0
343 0 0
344 0 0
345 0 0
346 0 0
347 0 0
348 0 0
349 0 0
350 0 0
351 0 0
352 0 0
353 0 0
354 0 0
355 0 0
356 0 0
357 0 0
358 0 0
359 0 0
360 0 0
361 0 0
362 0 0
363 0 0
364 0 0
365 0 0
366 0 0
367 0 0
368 0 0
369 0 0
370 0 0
371 0 0
372 0 0
373 0 0
374 0 0
375 0 0
376 0 0
377 0 0
378 0 0
379 0 0
380 0 0
381 0 0
382 0 0
383 0 0
384 0 0
385 0 0
386 0 0
387 0 0
388 0 0
389 0 0
390 0 0
391 0 0
392 0 0
393 0 0
394 0 0
395 0 0
396 0 0
397 0 0
398 0 0
399 0 0
400 0 0
401 0 0
402 0 0
403 0 0
404 0 0
405 0 0
406 0 0
407 0 0
408 0 0
409 0 0
410 0 0
411 0 0
412 0 0
413 0 0
414 0 0
415 0 0
416 0 0
417 0 0
418 0 0
419 0 0
420 0 0
421 0 0
422 0 0
423 0 0
424 0 0
425 0 0
426 0 0
427 0 0
428 0 0
429 0 0
430 0 0
431 0 0
432 0 0
433 0 0
434 0 0
435 0 0
436 0 0
437 0 0
438 0 0
439 0 0
440 0 0
441 0 0
442 0 0
443 0 0
444 0 0
445 0 0
446 0 0
447 0 0
448 0 0
449 0 0
450 0 0
451 0 0
452 0 0
453 0 0
454 0 0
455 0 0
456 0 0
457 0 0
458 0 0
459 0 0
460 0 0
461 0 0
462 0 0
463 0 0
464 0 0
465 0 0
466 0 0
467 0 0
468 0 0
469 0 0
470 0 0
471 0 0
472 0 0
473 1 0
474 1 0
475 1 0
476 1 0
477 1 0
478 1 0
479 1 0
480 1 0
481 1 0
482 1 0
483 1 0
484 1 0
485 1 0
486 1 0
487 1 0
488 1 0
489 1 0
490 1 0
491 1 0
492 1 0
493 1 0
494 1 0
495 1 0
496 1 0
497 1 0
498 1 0
499 1 0
500 1 0
501 1 0
502 1 0
503 1 0
504 1 0
505 1 0
506 1 0
507 1 0
508 1 0
509 1 0
510 1 0
511 1 0
512 1 0
513 1 0
514 1 0
515 1 0
516 1 0
517 1 0
518 1 0
519 1 0
520 1 0
521 1 0
522 1 0
523 1 0
524 1 0
525 1 0
526 1 0
527 1 0
528 1 0
529 1 0
530 1 0
531 1 0
532 1 0
533 1 0
534 1 0
535 1 0
536 1 0
537 1 0
538 1 0
539 1 0
540 1 0
541 1 0
542 1 1
543 1 1
544 1 1
545 1 1
546 1 1
547 1 1
548 1 1
549 1 1
550 1 1
551 1 1
552 1 1
553 1 1
554 1 1
555 1 1
556 1 1
557 1 1
558 1 1
559 1 1
560 1 1
561 1 1
562 1 1
563 1 1
564 1 1
565 1 1
566 1 1
567 1 1
568 1 1
569 1 1
570 1 1
571 1 1
572 1 1
573 1 1
574 1 1
575 1 1
576 1 1
577 1 1
578 1 1
579 1 1
580 1 1
581 1 1
582 1 1
583 1 1
584 1 1
585 1 1
586 1 1
587 1 1
588 1 1
589 1 1
590 1 1
591 1 1
592 1 1
593 1 1
594 1 1
595 1 1
596 1 1
597 1 1
598 1 1
599 1 1
600 1 1
601 1 1
602 1 1
603 1 1
604 1 1
605 1 1
606 1 1
607 1 2
608 1 2
609 1 2
610 1 2
611 1 2
612 1 2
613 1 2
614 1 2
615 1 2
616 1 2
617 1 2
618 1 2
619 1 2
620 1 2
621 1 2
622 1 2
623 1 2
624 1 2
625 1 2
626 1 2
627 1 2
628 1 2
629 1 2
630 1 2
631 1 2
632 1 2
633 1 2
634 1 2
635 1 2
636 1 2
637 1 2
638 1 2
639 1 2
640 1 2
641 1 2
642 1 2
643 1 2
644 1 2
645 1 1
646 1 1
647 1 1
648 1 1
649 1 1
650 1 1
651 1 1
652 1 1
653 1 1
654 1 1
655 1 1
656 1 1
657 1 1
658 1 1
659 1 1
660 1 1
661 1 1
662 1 1
663 1 1
664 1 1
665 1 1
666 1 1
667 1 1
668 1 1
669 1 1
670 1 1
671 1 1
672 1 1
673 1 1
674 1 2
675 1 2
676 1 2
677 1 2
678 1 2
679 1 2
680 1 2
681 1 2
682 1 2
683 1 2
684 1 2
685 1 2
686 1 2
687 1 2
688 1 2
689 1 2
690 1 2
691 1 2
692 1 2
693 1 2
694 1 2
695 1 2
696 1 2
697 1 2
698 1 2
699 1 2
700 1 2
701 1 2
702 1 2
703 1 2
704 1 2
705 1 2
706 1 2
707 1 2
708 1 2
709 1 2
710 1 2
711 1 2
712 1 2
713 1 2
714 1 2
715 1 2
716 1 2
717 1 2
718 1 2
719 1 2
720 1 2
721 1 2
722 1 2
723 1 2
724 1 2
725 1 2
726 1 2
727 1 2
728 1 2
729 1 2
730 1 2
731 1 2
732 1 2
733 1 2
734 1 2
735 1 2
736 1 2
737 1 2
738 1 2
739 1 2
740 1 2
741 1 2
742 1 2
743 1 2
744 1 2
745 1 2
746 1 2
747 1 2
748 1 2
749 1 2
750 1 2
751 1 2
752 1 2
753 1 2
754 1 2
755 1 2
756 1 2
757 1 2
758 1 2
759 1 2
760 1 2
761 1 2
762 1 2
763 1 2
764 1 2
765 1 2
766 1 2
767 1 2
768 1 2
769 1 2
770 1 2
771 1 2
772 1 2
773 1 2
774 1 2
775 1 2
776 1 2
777 1 2
778 1 2
779 1 2
780 1 2
781 1 2
782 1 2
783 1 2
784 1 2
785 1 2
786 1 2
787 1 2
788 1 2
789 1 2
790 1 2
791 1 2
792 1 2
793 1 2
794 1 2
795 1 2
796 1 2
797 1 2
798 1 2
799 1 2
800 1 2
801 1 2
802 1 2
803 1 2
804 1 2
805 1 2
806 1 2
807 1 2
808 1 2
809 1 2
810 1 2
811 1 2
812 1 2
813 1 2
814 1 2
815 1 2
816 1 2
817 1 3
818 1 3
819 1 3
820 1 3
821 1 3
822 1 3
823 2 3
824 2 3
825 2 3
826 2 3
827 2 3
828 2 3
829 2 3
830 2 3
831 2 3
832 2 3
833 2 3
834 2 3
835 2 3
836 2 3
837 2 3
838 2 3
839 2 3
840 2 3
841 2 3
842 2 3
843 2 3
844 2 3
845 2 3
846 2 3
847 2 3
848 2 3
849 2 3
850 2 3
851 2 3
852 2 3
853 2 3
854 2 3
855 2 3
856 2 3
857 2 3
858 2 3
859 2 3
860 2 3
861 2 3
862 2 3
863 2 3
864 2 3
865 2 3
866 2 3
867 2 3
868 2 3
869 2 3
870 2 3
871 2 3
872 2 3
873 2 3
874 2 3
875 2 3
876 2 3
877 2 3
878 2 3
879 2 3
880 2 3
881 2 3
882 2 3
883 2 4
884 2 4
885 2 4
886 2 4
887 2 4
888 2 4
889 2 4
890 2 4
891 2 4
892 2 4
893 2 4
894 2 4
895 2 4
896 2 4
897 2 4
898 2 4
899 2 4
900 2 4
901 2 4
902 2 4
903 2 4
904 2 4
905 2 4
906 2 4
907 2 4
908 2 4
909 2 4
910 2 4
911 2 4
912 2 4
913 2 4
914 2 4
915 2 4
916 2 4
917 2 4
918 2 4
919 2 4
920 2 4
921 2 4
922 2 4
923 2 4
924 2 4
925 2 4
926 2 4
927 2 4
928 2 4
929 2 4
930 2 4
931 2 4
932 2 4
933 2 4
934 2 4
935 2 4
936 2 4
937 2 4
938 2 4
939 2 4
940 2 4
941 2 4
942 2 4
943 2 4
944 2 4
945 2 4
946 2 4
947 2 4
948 2 4
949 2 4
950 2 4
951 2 4
952 2 4
953 2 4
954 2 4
955 2 4
956 2 4
957 2 4
958 2 4
959 2 5
960 2 5
961 2 5
962 2 5
963 2 5
964 2 5
965 2 5
966 2 5
967 2 5
968 2 5
969 2 5
970 2 5
971 2 5
972 2 5
973 2 5
974 2 5
975 2 5
976 2 5
977 2 5
978 2 5
979 2 5
980 2 5
981 2 5
982 2 5
983 2 6
984 2 6
985 2 6
986 2 6
987 2 6
988 2 6
989 2 6
990 3 6
991 3 6
992 3 6
993 3 6
994 3 6
995 3 6
996 3 6
997 3 6
998 3 6
999 3 6
1000 3 6
1001 3 6
1002 3 6
1003 3 6
1004 3 6
1005 3 6
1006 3 6
1007 3 6
1008 3 6
1009 3 6
1010 3 6
1011 3 7
1012 3 7
1013 3 7
1014 3 7
1015 3 7
1016 3 7
1017 3 7
1018 3 7
1019 3 7
1020 3 7
1021 3 7
1022 3 7
1023 3 7
1024 3 7
1025 3 7
1026 3 7
1027 3 7
1028 3 7
1029 3 7
1030 3 7
1031 3 7
1032 3 6
1033 3 6
1034 3 7
1035 3 7
1036 3 7
1037 3 7
1038 3 7
1039 3 7
1040 3 7
1041 3 7
1042 3 7
1043 3 7
1044 3 7
1045 3 7
1046 3 7
1047 3 7
1048 3 7
1049 3 7
1050 3 7
1051 3 7
1052 3 7
1053 3 7
1054 3 7
1055 3 7
1056 3 7
1057 3 7
1058 3 7
1059 3 7
1060 3 7
1061 3 7
1062 3 7
1063 3 7
1064 3 7
1065 3 7
1066 3 7
1067 3 7
1068 3 7
1069 3 7
1070 3 7
1071 3 7
1072 3 7
1073 3 7
1074 3 7
1075 3 7
1076 3 7
1077 3 7
1078 3 7
1079 3 7
1080 3 7
1081 3 7
1082 3 7
1083 3 7
1084 3 7
1085 3 7
1086 3 7
1087 3 7
1088 3 7
1089 3 7
1090 3 7
1091 3 7
1092 3 7
1093 3 7
1094 3 7
1095 3 7
1096 3 7
1097 3 7
1098 3 7
1099 3 7
1100 3 7
1101 3 7
1102 3 7
1103 3 7
1104 3 7
1105 3 7
1106 3 7
1107 3 7
1108 3 7
1109 3 7
1110 3 7
1111 3 7
1112 3 7
1113 3 7
1114 3 7
1115 3 7
1116 3 7
1117 3 7
1118 3 7
1119 3 7
1120 3 7
1121 3 7
1122 3 7
1123 3 7
1124 3 7
1125 4 7
1126 4 7
1127 4 7
1128 4 7
1129 4 7
1130 4 7
1131 4 7
1132 4 7
1133 4 7
1134 4 7
1135 4 6
1136 4 7
1137 4 7
1138 4 7
1139 4 7
1140 4 7
1141 4 7
1142 4 7
1143 4 7
1144 4 7
1145 4 7
1146 4 7
1147 4 7
1148 4 7
1149 4 7
1150 4 7
1151 4 7
1152 4 7
1153 4 7
1154 4 7
1155 4 7
1156 4 7
1157 4 7
1158 4 7
1159 4 7
1160 4 7
1161 4 7
1162 4 7
1163 4 7
1164 4 7
1165 4 7
1166 4 7
1167 4 7
1168 4 7
1169 4 7
1170 4 7
1171 4 7
1172 4 7
1173 4 7
1174 4 7
1175 4 8
1176 4 8
1177 4 8
1178 4 8
1179 4 8
1180 4 8
1181 4 8
1182 4 8
1183 4 8
1184 4 8
1185 4 8
1186 4 8
1187 4 8
1188 4 8
1189 4 8
1190 4 8
1191 4 8
1192 4 8
1193 4 8
1194 4 8
1195 4 8
1196 4 8
1197 4 8
1198 4 8
1199 4 8
1200 4 8
1201 4 8
1202 4 8
1203 4 9
1204 4 9
1205 4 9
1206 5 9
1207 5 9
1208 5 9
1209 5 9
1210 5 9
1211 5 9
1212 5 9
1213 5 9
1214 5 9
1215 5 9
1216 5 9
1217 5 9
1218 5 9
1219 5 9
1220 5 9
1221 5 9
1222 5 9
1223 5 9
1224 5 9
1225 5 9
1226 5 9
1227 5 9
1228 5 9
1229 5 9
1230 5 9
1231 6 9
1232 6 9
1233 6 9
1234 6 9
1235 6 9
1236 6 9
1237 6 9
1238 6 9
1239 6 9
1240 6 9
1241 6 9
1242 6 9
1243 6 9
1244 6 9
1245 6 9
1246 6 9
1247 6 9
1248 6 9
1249 6 9
1250 6 9
1251 6 9
1252 6 9
1253 6 9
1254 6 9
1255 6 10
1256 6 10
1257 6 9
1258 6 9
1259 6 10
1260 6 10
1261 6 10
1262 6 10
1263 6 10
1264 6 10
1265 6 10
1266 6 10
1267 6 10
1268 7 10
1269 7 10
1270 7 10
1271 7 10
1272 7 10
1273 7 10
1274 7 10
1275 7 10
1276 7 10
1277 7 10
1278 7 10
1279 7 10
1280 7 10
1281 7 10
1282 7 10
1283 7 10
1284 7 10
1285 7 10
1286 7 10
1287 7 10
1288 7 10
1289 7 10
1290 7 11
1291 7 10
1292 7 10
1293 7 11
1294 7 11
1295 7 11
1296 7 11
1297 7 11
1298 7 11
1299 8 11
1300 8 11
1301 8 11
1302 8 11
1303 8 11
1304 8 11
1305 8 11
1306 8 11
1307 8 11
1308 8 11
1309 8 11
1310 8 11
1311 9 11
1312 9 11
1313 9 11
1314 9 11
1315 9 11
1316 9 11
1317 9 11
1318 9 11
1319 9 11
1320 9 11
1321 10 11
1322 10 11
1323 10 11
1324 10 11
1325 10 12
1326 11 12
1327 11 12
1328 11 12
1329 11 12
1330 11 12
1331 11 12
1332 12 12
1333 12 12
1334 12 12
1335 12 13
1336 12 13
1337 13 13
1338 13 13
1339 13 13
1340 13 13
1341 13 13
1342 14 13
1343 14 13
1344 14 13
1345 14 13
1346 14 13
1347 14 13
1348 14 13
1349 14 13
1350 16 13
1351 17 13
1352 17 13
1353 18 14
1354 18 14
1355 18 14
1356 18 14
1357 18 14
1358 18 14
1359 18 14
1360 18 14
1361 20 14
1362 22 14
1363 22 14
1364 24 15
1365 29 15
1366 29 15
1367 32 15
1368 34 15
1369 34 15
1370 36 15
1371 36 15
1372 36 15
1373 36 15
1374 39 16
1375 99 16
1376 99 16
1377 100 16
