0 0 0
1 0 0
2 0 0
3 0 0
4 0 0
5 0 0
6 0 0
7 0 0
8 0 0
9 0 0
10 0 0
11 0 0
12 0 0
13 0 0
14 0 0
15 0 0
16 0 0
17 0 0
18 0 0
19 0 0
20 0 0
21 0 0
22 0 0
23 0 0
24 0 0
25 0 0
26 0 0
27 0 0
28 0 0
29 0 0
30 0 0
31 0 0
32 0 0
33 0 0
34 0 0
35 0 0
36 0 0
37 0 0
38 0 0
39 0 0
40 0 0
41 0 0
42 0 0
43 0 0
44 0 0
45 0 0
46 0 0
47 0 0
48 0 0
49 0 0
50 0 0
51 0 0
52 0 0
53 0 0
54 0 0
55 0 0
56 0 0
57 0 0
58 0 0
59 0 0
60 0 0
61 0 0
62 0 0
63 0 0
64 0 0
65 0 0
66 0 0
67 0 0
68 0 0
69 0 0
70 0 0
71 0 0
72 0 0
73 0 0
74 0 0
75 0 0
76 0 0
77 0 0
78 0 0
79 0 0
80 0 0
81 0 0
82 0 0
83 0 0
84 0 0
85 0 0
86 0 0
87 0 0
88 0 0
89 0 0
90 0 0
91 0 0
92 0 0
93 0 0
94 0 0
95 0 0
96 0 0
97 0 0
98 0 0
99 0 0
100 0 0
101 0 0
102 0 0
103 0 0
104 0 0
105 0 0
106 0 0
107 0 0
108 0 0
109 0 0
110 0 0
111 0 0
112 0 0
113 0 0
114 0 0
115 0 0
116 0 0
117 0 0
118 0 0
119 0 0
120 0 0
121 0 0
122 0 0
123 0 0
124 0 0
125 0 0
126 0 0
127 0 0
128 0 7
129 0 7
130 0 7
131 0 7
132 0 7
133 0 7
134 0 7
135 0 7
136 0 7
137 0 7
138 0 7
139 0 7
140 0 6
141 0 12
142 0 11
143 0 16
144 0 16
145 0 21
146 0 21
147 0 21
148 0 21
149 0 25
150 0 25
151 0 23
152 0 27
153 0 27
154 0 26
155 0 25
156 0 25
157 0 25
158 0 25
159 0 24
160 0 24
161 0 24
162 0 24
163 0 26
164 0 26
165 0 25
166 0 25
167 0 28
168 0 27
169 0 27
170 0 27
171 0 27
172 0 27
173 0 27
174 0 30
175 0 32
176 0 32
177 0 31
178 0 30
179 0 29
180 0 29
181 0 28
182 0 28
183 0 28
184 0 28
185 0 30
186 0 30
187 0 32
188 0 32
189 0 31
190 0 31
191 0 31
192 0 31
193 0 30
194 0 32
195 0 31
196 0 31
197 0 33
198 0 34
199 0 34
200 0 34
201 0 36
202 0 36
203 0 37
204 0 37
205 0 37
206 0 37
207 0 37
208 0 37
209 0 37
210 0 37
211 0 37
212 0 37
213 0 37
214 0 37
215 0 37
216 0 37
217 0 36
218 0 36
219 0 36
220 0 36
221 0 36
222 0 36
223 0 36
224 0 36
225 0 36
226 0 36
227 0 35
228 0 35
229 0 35
230 0 35
231 0 35
232 0 35
233 0 36
234 0 36
235 0 36
236 0 36
237 0 38
238 0 38
239 0 38
240 0 38
241 0 37
242 0 36
243 0 36
244 0 36
245 0 37
246 0 37
247 0 37
248 0 37
249 0 37
250 0 37
251 0 37
252 0 37
253 0 37
254 0 38
255 0 38
256 0 38
257 0 38
258 0 38
259 0 39
260 0 39
261 0 40
262 0 40
263 0 40
264 0 40
265 0 39
266 0 39
267 0 39
268 0 39
269 0 38
270 0 38
271 0 38
272 0 38
273 0 38
274 0 38
275 0 38
276 0 38
277 0 38
278 0 37
279 0 37
280 0 36
281 0 36
282 0 36
283 0 36
284 0 36
285 0 37
286 0 37
287 0 38
288 0 37
289 0 37
290 0 37
291 0 37
292 0 37
293 0 37
294 0 37
295 0 37
296 0 37
297 0 36
298 0 36
299 0 36
300 0 35
301 0 35
302 0 35
303 0 35
304 0 35
305 0 35
306 0 35
307 0 35
308 0 36
309 0 36
310 0 36
311 0 36
312 0 35
313 0 35
314 0 35
315 0 35
316 0 35
317 0 35
318 0 34
319 0 34
320 0 33
321 0 33
322 0 33
323 0 33
324 0 32
325 0 33
326 0 34
327 0 35
328 0 36
329 0 36
330 0 36
331 0 36
332 0 37
333 0 37
334 0 37
335 0 37
336 0 37
337 0 38
338 0 39
339 0 39
340 0 39
341 0 39
342 0 39
343 0 40
344 0 40
345 0 40
346 0 40
347 0 40
348 0 40
349 0 40
350 0 40
351 0 40
352 0 40
353 0 39
354 0 39
355 0 39
356 0 38
357 0 38
358 0 38
359 0 38
360 0 37
361 0 37
362 0 37
363 0 36
364 0 36
365 0 36
366 0 36
367 0 35
368 0 35
369 0 35
370 0 35
371 0 35
372 0 35
373 0 35
374 0 35
375 0 35
376 0 35
377 0 34
378 0 34
379 0 34
380 0 34
381 0 34
382 0 34
383 0 33
384 0 33
385 0 33
386 0 33
387 0 33
388 0 33
389 0 33
390 0 33
391 0 32
392 0 32
393 0 32
394 0 32
395 0 32
396 0 31
397 0 31
398 0 31
399 0 31
400 0 31
401 0 32
402 0 32
403 0 32
404 0 32
405 0 32
406 0 32
407 0 32
408 0 32
409 0 32
410 0 32
411 0 32
412 0 32
413 0 32
414 0 32
415 0 32
416 0 32
417 0 32
418 0 32
419 0 32
420 0 32
421 0 32
422 0 32
423 0 32
424 0 32
425 0 32
426 0 32
427 0 32
428 0 32
429 0 32
430 0 32
431 0 32
432 0 31
433 0 31
434 0 32
435 0 32
436 0 32
437 0 32
438 0 32
439 0 32
440 0 32
441 0 32
442 0 32
443 0 32
444 0 32
445 0 32
446 0 32
447 0 31
448 0 31
449 0 31
450 0 31
451 0 30
452 0 30
453 0 30
454 0 30
455 0 30
456 0 30
457 0 30
458 0 30
459 0 30
460 0 30
461 0 30
462 0 30
463 0 30
464 0 30
465 0 30
466 0 30
467 0 30
468 0 30
469 0 30
470 0 30
471 0 30
472 0 30
473 1 29
474 1 29
475 1 29
476 1 29
477 1 29
478 1 29
479 1 28
480 1 28
481 1 28
482 1 28
483 1 28
484 1 27
485 1 27
486 1 27
487 1 27
488 1 27
489 1 27
490 1 27
491 1 27
492 1 27
493 1 27
494 1 27
495 1 26
496 1 26
497 1 26
498 1 26
499 1 26
500 1 26
501 1 26
502 1 26
503 1 26
504 1 26
505 1 26
506 1 26
507 1 26
508 1 25
509 1 25
510 1 25
511 1 25
512 1 25
513 1 25
514 1 25
515 1 25
516 1 25
517 1 25
518 1 25
519 1 25
520 1 25
521 1 25
522 1 24
523 1 24
524 1 24
525 1 24
526 1 24
527 1 24
528 1 24
529 1 24
530 1 24
531 1 24
532 1 24
533 1 24
534 1 24
535 1 24
536 1 24
537 1 23
538 1 23
539 1 23
540 1 23
541 1 23
542 1 23
543 1 23
544 1 23
545 1 23
546 1 23
547 1 23
548 1 23
549 1 23
550 1 23
551 1 22
552 1 22
553 1 22
554 1 22
555 1 22
556 1 22
557 1 22
558 1 22
559 1 22
560 1 22
561 1 22
562 1 22
563 1 22
564 1 22
565 1 21
566 1 21
567 1 21
568 1 21
569 1 21
570 1 21
571 1 21
572 1 21
573 1 21
574 1 21
575 1 21
576 1 21
577 1 21
578 1 21
579 1 21
580 1 21
581 1 20
582 1 20
583 1 20
584 1 20
585 1 20
586 1 20
587 1 20
588 1 20
589 1 20
590 1 20
591 1 20
592 1 20
593 1 20
594 1 20
595 1 20
596 1 20
597 1 20
598 1 20
599 1 20
600 1 20
601 1 20
602 1 20
603 1 20
604 1 20
605 1 20
606 1 19
607 1 20
608 1 20
609 1 20
610 1 20
611 1 19
612 1 19
613 1 19
614 1 19
615 1 19
616 1 19
617 1 19
618 1 19
619 1 19
620 1 19
621 1 19
622 1 19
623 1 19
624 1 19
625 1 19
626 1 18
627 1 18
628 1 18
629 1 18
630 1 18
631 1 19
632 1 19
633 1 18
634 1 18
635 1 18
636 1 18
637 1 18
638 1 18
639 1 18
640 1 18
641 1 18
642 1 18
643 1 18
644 1 18
645 1 18
646 1 18
647 1 18
648 1 18
649 1 18
650 1 18
651 1 18
652 1 17
653 1 17
654 1 17
655 1 17
656 1 17
657 1 17
658 1 17
659 1 17
660 1 17
661 1 17
662 1 17
663 1 17
664 1 17
665 1 17
666 1 17
667 1 17
668 1 17
669 1 17
670 1 17
671 1 17
672 1 17
673 1 17
674 1 17
675 1 17
676 1 17
677 1 17
678 1 17
679 1 17
680 1 17
681 1 17
682 1 17
683 1 17
684 1 17
685 1 17
686 1 17
687 1 17
688 1 17
689 1 17
690 1 17
691 1 17
692 1 17
693 1 17
694 1 17
695 1 17
696 1 17
697 1 17
698 1 17
699 1 17
700 1 17
701 1 17
702 1 17
703 1 17
704 1 17
705 1 17
706 1 17
707 1 17
708 1 17
709 1 17
710 1 17
711 1 17
712 1 17
713 1 17
714 1 17
715 1 17
716 1 17
717 1 17
718 1 17
719 1 17
720 1 17
721 1 17
722 1 17
723 1 17
724 1 16
725 1 16
726 1 16
727 1 16
728 1 16
729 1 16
730 1 17
731 1 17
732 1 17
733 1 17
734 1 17
735 1 17
736 1 17
737 1 17
738 1 17
739 1 17
740 1 17
741 1 17
742 1 17
743 1 17
744 1 17
745 1 17
746 1 17
747 1 17
748 1 17
749 1 17
750 1 17
751 1 17
752 1 17
753 1 17
754 1 17
755 1 17
756 1 17
757 1 17
758 1 17
759 1 17
760 1 17
761 1 17
762 1 17
763 1 17
764 1 17
765 1 17
766 1 17
767 1 17
768 1 17
769 1 17
770 1 17
771 1 17
772 1 17
773 1 17
774 1 17
775 1 17
776 1 17
777 1 17
778 1 17
779 1 17
780 1 17
781 1 17
782 1 17
783 1 18
784 1 18
785 1 18
786 1 18
787 1 17
788 1 17
789 1 17
790 1 18
791 1 18
792 1 18
793 1 18
794 1 18
795 1 17
796 1 17
797 1 18
798 1 18
799 1 18
800 1 18
801 1 18
802 1 18
803 1 18
804 1 17
805 1 17
806 1 17
807 1 17
808 1 17
809 1 17
810 1 17
811 1 17
812 1 17
813 1 18
814 1 17
815 1 17
816 1 17
817 1 18
818 1 18
819 1 18
820 1 18
821 1 18
822 1 18
823 2 18
824 2 17
825 2 17
826 2 17
827 2 17
828 2 17
829 2 17
830 2 17
831 2 17
832 2 17
833 2 17
834 2 17
835 2 17
836 2 17
837 2 17
838 2 17
839 2 17
840 2 17
841 2 17
842 2 17
843 2 17
844 2 17
845 2 17
846 2 17
847 2 17
848 2 17
849 2 17
850 2 17
851 2 17
852 2 17
853 2 17
854 2 17
855 2 17
856 2 17
857 2 17
858 2 17
859 2 17
860 2 17
861 2 17
862 2 17
863 2 17
864 2 17
865 2 17
866 2 17
867 2 16
868 2 16
869 2 16
870 2 16
871 2 16
872 2 16
873 2 16
874 2 16
875 2 16
876 2 16
877 2 16
878 2 16
879 2 16
880 2 16
881 2 16
882 2 16
883 2 16
884 2 16
885 2 16
886 2 16
887 2 16
888 2 16
889 2 16
890 2 16
891 2 16
892 2 17
893 2 17
894 2 17
895 2 17
896 2 16
897 2 16
898 2 16
899 2 16
900 2 16
901 2 17
902 2 17
903 2 17
904 2 17
905 2 16
906 2 16
907 2 17
908 2 17
909 2 17
910 2 17
911 2 17
912 2 17
913 2 17
914 2 17
915 2 17
916 2 17
917 2 17
918 2 17
919 2 17
920 2 17
921 2 17
922 2 17
923 2 17
924 2 16
925 2 16
926 2 16
927 2 16
928 2 16
929 2 16
930 2 16
931 2 16
932 2 16
933 2 16
934 2 16
935 2 16
936 2 16
937 2 16
938 2 16
939 2 16
940 2 16
941 2 16
942 2 16
943 2 16
944 2 16
945 2 16
946 2 16
947 2 16
948 2 16
949 2 16
950 2 16
951 2 16
952 2 16
953 2 16
954 2 16
955 2 16
956 2 16
957 2 16
958 2 16
959 2 16
960 2 16
961 2 16
962 2 16
963 2 16
964 2 16
965 2 16
966 2 16
967 2 16
968 2 16
969 2 16
970 2 16
971 2 16
972 2 16
973 2 16
974 2 16
975 2 16
976 2 16
977 2 16
978 2 16
979 2 16
980 2 16
981 2 16
982 2 16
983 2 16
984 2 16
985 2 16
986 2 16
987 2 16
988 2 17
989 2 17
990 3 17
991 3 17
992 3 17
993 3 17
994 3 17
995 3 17
996 3 17
997 3 17
998 3 17
999 3 16
1000 3 17
1001 3 17
1002 3 17
1003 3 17
1004 3 17
1005 3 17
1006 3 17
1007 3 17
1008 3 17
1009 3 17
1010 3 17
1011 3 17
1012 3 17
1013 3 17
1014 3 17
1015 3 17
1016 3 17
1017 3 17
1018 3 17
1019 3 17
1020 3 17
1021 3 17
1022 3 17
1023 3 17
1024 3 17
1025 3 17
1026 3 17
1027 3 17
1028 3 17
1029 3 17
1030 3 17
1031 3 17
1032 3 17
1033 3 17
1034 3 17
1035 3 17
1036 3 17
1037 3 17
1038 3 17
1039 3 17
1040 3 17
1041 3 17
1042 3 17
1043 3 17
1044 3 17
1045 3 18
1046 3 18
1047 3 18
1048 3 18
1049 3 18
1050 3 18
1051 3 18
1052 3 18
1053 3 17
1054 3 17
1055 3 17
1056 3 17
1057 3 17
1058 3 17
1059 3 17
1060 3 18
1061 3 18
1062 3 18
1063 3 18
1064 3 18
1065 3 18
1066 3 18
1067 3 18
1068 3 18
1069 3 18
1070 3 18
1071 3 18
1072 3 18
1073 3 18
1074 3 18
1075 3 18
1076 3 18
1077 3 18
1078 3 18
1079 3 17
1080 3 17
1081 3 17
1082 3 17
1083 3 18
1084 3 18
1085 3 18
1086 3 18
1087 3 18
1088 3 17
1089 3 18
1090 3 18
1091 3 18
1092 3 18
1093 3 18
1094 3 18
1095 3 18
1096 3 18
1097 3 18
1098 3 18
1099 3 18
1100 3 18
1101 3 18
1102 3 18
1103 3 18
1104 3 18
1105 3 18
1106 3 18
1107 3 18
1108 3 18
1109 3 18
1110 3 18
1111 3 18
1112 3 18
1113 3 17
1114 3 17
1115 3 18
1116 3 18
1117 3 18
1118 3 18
1119 3 18
1120 3 18
1121 3 18
1122 3 18
1123 3 18
1124 3 18
1125 4 18
1126 4 18
1127 4 18
1128 4 18
1129 4 18
1130 4 18
1131 4 18
1132 4 18
1133 4 18
1134 4 18
1135 4 18
1136 4 18
1137 4 18
1138 4 18
1139 4 18
1140 4 18
1141 4 18
1142 4 18
1143 4 18
1144 4 18
1145 4 18
1146 4 18
1147 4 18
1148 4 18
1149 4 18
1150 4 18
1151 4 18
1152 4 18
1153 4 18
1154 4 18
1155 4 18
1156 4 18
1157 4 18
1158 4 18
1159 4 18
1160 4 18
1161 4 18
1162 4 18
1163 4 18
1164 4 18
1165 4 18
1166 4 18
1167 4 18
1168 4 18
1169 4 18
1170 4 18
1171 4 18
1172 4 18
1173 4 18
1174 4 18
1175 4 18
1176 4 18
1177 4 18
1178 4 18
1179 4 18
1180 4 18
1181 4 18
1182 4 18
1183 4 18
1184 4 18
1185 4 18
1186 4 18
1187 4 18
1188 4 18
1189 4 18
1190 4 18
1191 4 18
1192 4 18
1193 4 18
1194 4 18
1195 4 18
1196 4 18
1197 4 18
1198 4 19
1199 4 19
1200 4 19
1201 4 19
1202 4 19
1203 4 18
1204 4 19
1205 4 19
1206 5 19
1207 5 19
1208 5 19
1209 5 19
1210 5 19
1211 5 19
1212 5 19
1213 5 19
1214 5 19
1215 5 19
1216 5 19
1217 5 19
1218 5 19
1219 5 19
1220 5 19
1221 5 19
1222 5 19
1223 5 19
1224 5 19
1225 5 19
1226 5 19
1227 5 19
1228 5 19
1229 5 19
1230 5 19
1231 6 19
1232 6 19
1233 6 20
1234 6 20
1235 6 20
1236 6 20
1237 6 20
1238 6 20
1239 6 20
1240 6 20
1241 6 20
1242 6 20
1243 6 20
1244 6 20
1245 6 20
1246 6 20
1247 6 20
1248 6 20
1249 6 20
1250 6 20
1251 6 20
1252 6 20
1253 6 20
1254 6 20
1255 6 20
1256 6 20
1257 6 20
1258 6 20
1259 6 20
1260 6 20
1261 6 20
1262 6 20
1263 6 20
1264 6 20
1265 6 20
1266 6 20
1267 6 20
1268 7 20
1269 7 20
1270 7 20
1271 7 20
1272 7 20
1273 7 20
1274 7 20
1275 7 20
1276 7 20
1277 7 20
1278 7 20
1279 7 20
1280 7 20
1281 7 20
1282 7 20
1283 7 20
1284 7 20
1285 7 20
1286 7 20
1287 7 20
1288 7 20
1289 7 20
1290 7 20
1291 7 20
1292 7 20
1293 7 20
1294 7 20
1295 7 20
1296 7 20
1297 7 20
1298 7 20
1299 8 20
1300 8 20
1301 8 20
1302 8 20
1303 8 20
1304 8 20
1305 8 20
1306 8 20
1307 8 20
1308 8 20
1309 8 20
1310 8 20
1311 9 20
1312 9 20
1313 9 20
1314 9 20
1315 9 21
1316 9 21
1317 9 21
1318 9 21
1319 9 21
1320 9 20
1321 10 20
1322 10 20
1323 10 21
1324 10 21
1325 10 21
1326 11 21
1327 11 21
1328 11 21
1329 11 21
1330 11 21
1331 11 21
1332 12 21
1333 12 21
1334 12 21
1335 12 21
1336 12 21
1337 13 21
1338 13 21
1339 13 21
1340 13 22
1341 13 22
1342 14 22
1343 14 22
1344 14 22
1345 14 22
1346 14 22
1347 14 22
1348 14 22
1349 14 22
1350 16 22
1351 17 22
1352 17 22
1353 18 22
1354 18 22
1355 18 22
1356 18 22
1357 18 22
1358 18 22
1359 18 23
1360 18 23
1361 20 23
1362 22 23
1363 22 23
1364 24 23
1365 29 23
1366 29 23
1367 32 23
1368 34 23
1369 34 24
1370 36 24
1371 36 23
1372 36 24
1373 36 24
1374 39 24
1375 99 24
1376 99 24
1377 100 24
