0 0 0
1 0 0
2 0 0
3 0 0
4 0 0
5 0 0
6 0 0
7 0 0
8 0 0
9 0 0
10 0 0
11 0 0
12 0 0
13 0 0
14 0 0
15 0 0
16 0 0
17 0 0
18 0 0
19 0 0
20 0 0
21 0 0
22 0 0
23 0 0
24 0 0
25 0 0
26 0 0
27 0 0
28 0 0
29 0 0
30 0 0
31 0 0
32 0 0
33 0 0
34 0 0
35 0 0
36 0 0
37 0 0
38 0 0
39 0 0
40 0 0
41 0 100
42 0 100
43 0 100
44 0 100
45 0 100
46 0 100
47 0 100
48 0 100
49 0 100
50 0 100
51 0 100
52 0 100
53 0 100
54 0 100
55 0 100
56 0 100
57 0 100
58 0 100
59 0 100
60 0 100
61 0 100
62 0 100
63 0 100
64 0 100
65 0 100
66 0 100
67 0 100
68 0 100
69 0 100
70 0 100
71 0 100
72 0 100
73 0 100
74 0 100
75 0 100
76 0 100
77 0 100
78 0 100
79 0 100
80 0 100
81 0 100
82 0 100
83 0 100
84 0 100
85 0 100
86 0 100
87 0 100
88 0 100
89 0 100
90 0 100
91 0 100
92 0 100
93 0 100
94 0 100
95 0 100
96 0 100
97 0 100
98 0 100
99 0 100
100 0 100
101 0 100
102 0 100
103 0 100
104 0 100
105 0 100
106 0 100
107 0 100
108 0 100
109 0 100
110 0 100
111 0 100
112 0 100
113 0 100
114 0 100
115 0 100
116 0 100
117 0 100
118 0 100
119 0 100
120 0 100
121 0 100
122 0 100
123 0 100
124 0 100
125 0 100
126 0 100
127 0 100
128 0 100
129 0 100
130 0 100
131 0 100
132 0 100
133 0 100
134 0 100
135 0 100
136 0 100
137 0 100
138 0 100
139 0 100
140 0 100
141 0 100
142 0 100
143 0 100
144 0 100
145 0 100
146 0 100
147 0 100
148 0 100
149 0 100
150 0 100
151 0 100
152 0 100
153 0 100
154 0 100
155 0 100
156 0 100
157 0 100
158 0 100
159 0 100
160 0 100
161 0 100
162 0 100
163 0 100
164 0 100
165 0 100
166 0 100
167 0 100
168 0 100
169 0 100
170 0 100
171 0 100
172 0 100
173 0 100
174 0 75
175 0 75
176 0 75
177 0 75
178 0 75
179 0 75
180 0 75
181 0 75
182 0 75
183 0 75
184 0 75
185 0 75
186 0 75
187 0 75
188 0 75
189 0 75
190 0 75
191 0 75
192 0 75
193 0 75
194 0 75
195 0 75
196 0 75
197 0 75
198 0 80
199 0 80
200 0 80
201 0 80
202 0 80
203 0 80
204 0 80
205 0 80
206 0 80
207 0 80
208 0 80
209 0 80
210 0 80
211 0 80
212 0 80
213 0 80
214 0 80
215 0 80
216 0 80
217 0 80
218 0 80
219 0 80
220 0 80
221 0 80
222 0 66
223 0 66
224 0 66
225 0 66
226 0 66
227 0 66
228 0 66
229 0 66
230 0 66
231 0 66
232 0 66
233 0 66
234 0 66
235 0 66
236 0 66
237 0 66
238 0 66
239 0 66
240 0 66
241 0 71
242 0 71
243 0 71
244 0 71
245 0 75
246 0 75
247 0 75
248 0 75
249 0 75
250 0 75
251 0 75
252 0 75
253 0 75
254 0 75
255 0 75
256 0 77
257 0 77
258 0 77
259 0 77
260 0 77
261 0 77
262 0 77
263 0 77
264 0 77
265 0 77
266 0 77
267 0 77
268 0 77
269 0 77
270 0 77
271 0 77
272 0 77
273 0 80
274 0 80
275 0 80
276 0 80
277 0 80
278 0 80
279 0 80
280 0 80
281 0 80
282 0 72
283 0 72
284 0 72
285 0 72
286 0 72
287 0 72
288 0 72
289 0 72
290 0 72
291 0 72
292 0 72
293 0 72
294 0 72
295 0 72
296 0 72
297 0 72
298 0 72
299 0 72
300 0 72
301 0 72
302 0 66
303 0 69
304 0 69
305 0 69
306 0 69
307 0 69
308 0 69
309 0 69
310 0 69
311 0 69
312 0 69
313 0 69
314 0 64
315 0 64
316 0 64
317 0 64
318 0 64
319 0 64
320 0 64
321 0 64
322 0 64
323 0 64
324 0 66
325 0 66
326 0 66
327 0 66
328 0 66
329 0 66
330 0 66
331 0 66
332 0 66
333 0 66
334 0 66
335 0 66
336 0 66
337 0 66
338 0 66
339 0 66
340 0 66
341 0 62
342 0 62
343 0 62
344 0 62
345 0 62
346 0 62
347 0 62
348 0 62
349 0 62
350 0 62
351 0 62
352 0 62
353 0 62
354 0 62
355 0 62
356 0 62
357 0 62
358 0 62
359 0 62
360 0 64
361 0 64
362 0 64
363 0 64
364 1 64
365 1 64
366 1 64
367 1 64
368 1 66
369 1 66
370 1 66
371 1 66
372 1 66
373 1 66
374 1 66
375 1 66
376 1 66
377 1 63
378 1 63
379 1 63
380 1 63
381 1 63
382 1 63
383 1 63
384 1 63
385 1 63
386 1 63
387 1 63
388 1 63
389 1 63
390 1 63
391 1 63
392 1 63
393 1 63
394 1 63
395 1 63
396 1 63
397 1 63
398 1 63
399 1 63
400 1 63
401 1 63
402 1 63
403 1 63
404 1 63
405 1 63
406 1 63
407 1 60
408 1 60
409 1 60
410 1 60
411 1 60
412 1 60
413 1 60
414 1 60
415 1 60
416 1 60
417 1 60
418 1 60
419 1 60
420 1 60
421 1 60
422 1 60
423 1 60
424 1 57
425 1 57
426 1 57
427 1 57
428 1 57
429 1 57
430 1 57
431 1 57
432 1 57
433 1 57
434 1 57
435 1 57
436 1 57
437 1 57
438 1 57
439 1 57
440 1 57
441 1 57
442 1 57
443 1 57
444 1 57
445 1 57
446 1 57
447 1 57
448 1 57
449 1 57
450 1 57
451 1 57
452 1 57
453 1 57
454 1 57
455 1 57
456 1 57
457 1 57
458 1 57
459 1 57
460 1 57
461 1 57
462 1 57
463 1 57
464 1 57
465 1 54
466 1 54
467 1 54
468 1 54
469 1 54
470 1 54
471 1 54
472 1 54
473 1 54
474 1 54
475 1 54
476 1 54
477 1 54
478 1 54
479 1 54
480 1 54
481 1 54
482 1 54
483 1 54
484 1 54
485 1 54
486 1 54
487 1 54
488 1 54
489 1 54
490 1 54
491 1 54
492 1 54
493 1 54
494 1 54
495 1 54
496 1 54
497 1 54
498 1 54
499 1 54
500 1 54
501 1 54
502 1 54
503 1 52
504 1 52
505 1 52
506 1 50
507 1 50
508 1 50
509 1 50
510 1 50
511 1 50
512 1 50
513 1 50
514 1 50
515 1 50
516 1 50
517 1 50
518 1 48
519 1 48
520 1 48
521 1 48
522 1 50
523 1 50
524 1 50
525 1 50
526 1 50
527 1 50
528 1 50
529 1 50
530 1 50
531 1 50
532 1 50
533 1 50
534 1 50
535 1 50
536 1 50
537 1 50
538 1 50
539 1 50
540 1 51
541 1 51
542 1 51
543 1 51
544 1 51
545 1 50
546 1 50
547 1 50
548 1 50
549 1 50
550 1 48
551 1 48
552 1 48
553 1 48
554 1 48
555 1 48
556 1 48
557 1 48
558 1 48
559 1 48
560 1 48
561 1 48
562 1 48
563 1 50
564 1 50
565 1 50
566 1 50
567 1 48
568 1 48
569 1 48
570 1 48
571 1 48
572 1 48
573 1 48
574 1 48
575 1 48
576 1 48
577 1 46
578 1 46
579 1 46
580 1 46
581 1 46
582 1 46
583 2 45
584 2 45
585 2 45
586 2 45
587 2 44
588 2 44
589 2 44
590 2 44
591 2 44
592 2 44
593 2 44
594 2 44
595 2 44
596 2 44
597 2 44
598 2 44
599 2 44
600 2 44
601 2 44
602 2 44
603 2 44
604 2 44
605 2 44
606 2 44
607 2 44
608 2 45
609 2 45
610 2 45
611 2 45
612 2 47
613 2 47
614 2 47
615 2 47
616 2 47
617 2 47
618 2 47
619 2 47
620 2 47
621 2 47
622 2 47
623 2 48
624 2 48
625 2 47
626 2 47
627 2 47
628 2 47
629 2 47
630 2 47
631 2 47
632 2 47
633 2 47
634 2 47
635 2 47
636 2 47
637 2 47
638 2 47
639 2 47
640 2 47
641 2 47
642 2 47
643 2 47
644 2 47
645 2 47
646 2 47
647 2 47
648 2 47
649 2 47
650 2 47
651 2 47
652 2 47
653 2 47
654 2 46
655 2 46
656 2 46
657 2 46
658 2 45
659 2 45
660 2 45
661 2 45
662 2 45
663 2 45
664 2 45
665 2 45
666 2 45
667 2 45
668 2 45
669 2 45
670 2 45
671 2 45
672 2 45
673 2 45
674 2 45
675 2 45
676 2 45
677 2 45
678 2 45
679 2 45
680 2 45
681 2 45
682 2 45
683 2 43
684 2 43
685 2 43
686 2 43
687 2 43
688 2 43
689 2 43
690 2 43
691 2 43
692 2 45
693 2 45
694 2 46
695 2 46
696 2 46
697 2 46
698 2 45
699 2 45
700 2 46
701 2 46
702 2 46
703 2 46
704 2 46
705 2 46
706 2 46
707 2 46
708 2 46
709 2 46
710 2 46
711 2 46
712 2 46
713 2 46
714 2 46
715 2 46
716 2 45
717 2 45
718 2 45
719 2 45
720 2 45
721 2 45
722 2 45
723 2 45
724 2 45
725 2 45
726 2 45
727 2 45
728 2 45
729 2 45
730 2 44
731 2 44
732 2 44
733 2 45
734 2 45
735 2 45
736 2 45
737 2 45
738 2 45
739 2 44
740 2 44
741 2 44
742 2 44
743 2 44
744 2 44
745 2 44
746 2 44
747 2 44
748 2 44
749 2 44
750 2 44
751 2 45
752 2 45
753 2 45
754 2 45
755 2 45
756 2 45
757 2 45
758 2 45
759 2 45
760 2 45
761 2 45
762 2 45
763 2 45
764 2 45
765 2 45
766 2 45
767 2 45
768 2 45
769 2 45
770 2 45
771 2 45
772 2 45
773 2 45
774 2 45
775 2 45
776 2 45
777 2 45
778 2 45
779 3 45
780 3 45
781 3 46
782 3 46
783 3 46
784 3 46
785 3 46
786 3 46
787 3 46
788 3 45
789 3 45
790 3 45
791 3 45
792 3 45
793 3 45
794 3 45
795 3 45
796 3 45
797 3 45
798 3 44
799 3 44
800 3 44
801 3 44
802 3 44
803 3 45
804 3 45
805 3 45
806 3 45
807 3 45
808 3 45
809 3 45
810 3 45
811 3 45
812 3 45
813 3 45
814 3 45
815 3 45
816 3 45
817 3 45
818 3 45
819 3 45
820 3 45
821 3 45
822 3 45
823 3 45
824 3 45
825 3 45
826 3 45
827 3 45
828 3 45
829 3 44
830 3 44
831 3 44
832 3 44
833 3 44
834 3 44
835 3 44
836 3 44
837 3 44
838 3 44
839 3 44
840 3 44
841 3 44
842 3 44
843 3 44
844 3 44
845 3 44
846 3 44
847 3 43
848 3 43
849 3 43
850 3 43
851 3 43
852 3 43
853 3 43
854 3 43
855 3 43
856 3 43
857 3 43
858 3 44
859 3 44
860 3 44
861 3 44
862 3 44
863 3 44
864 3 44
865 3 44
866 3 44
867 3 44
868 3 44
869 3 44
870 3 43
871 3 42
872 3 42
873 3 42
874 3 42
875 3 42
876 3 42
877 3 42
878 3 42
879 3 42
880 3 42
881 3 42
882 3 42
883 3 42
884 3 42
885 3 42
886 3 42
887 3 42
888 3 42
889 3 42
890 3 42
891 3 42
892 3 42
893 3 42
894 3 42
895 3 42
896 3 42
897 3 42
898 3 42
899 3 42
900 3 42
901 3 42
902 3 42
903 3 42
904 3 42
905 3 42
906 3 42
907 3 43
908 3 43
909 3 43
910 3 43
911 3 42
912 3 42
913 3 42
914 3 42
915 3 42
916 3 43
917 3 43
918 3 43
919 3 43
920 3 43
921 3 43
922 3 42
923 3 42
924 3 42
925 3 42
926 3 42
927 3 42
928 3 42
929 3 43
930 3 43
931 3 43
932 3 43
933 3 43
934 3 43
935 3 43
936 3 43
937 3 43
938 3 43
939 3 43
940 3 43
941 3 43
942 3 43
943 3 43
944 3 43
945 3 43
946 3 42
947 3 42
948 3 42
949 3 42
950 3 42
951 3 42
952 4 42
953 4 42
954 4 42
955 4 41
956 4 41
957 4 41
958 4 42
959 4 42
960 4 42
961 4 42
962 4 42
963 4 42
964 4 41
965 4 41
966 4 41
967 4 41
968 4 41
969 4 41
970 4 40
971 4 40
972 4 40
973 4 40
974 4 40
975 4 40
976 4 40
977 4 40
978 4 40
979 4 40
980 4 40
981 4 40
982 4 40
983 4 39
984 4 39
985 4 38
986 4 38
987 4 38
988 4 38
989 4 38
990 4 38
991 4 38
992 4 38
993 4 37
994 4 37
995 4 37
996 4 37
997 4 37
998 4 37
999 4 37
1000 4 37
1001 4 37
1002 4 37
1003 4 37
1004 4 37
1005 4 37
1006 4 37
1007 4 37
1008 4 37
1009 4 37
1010 4 37
1011 4 37
1012 4 36
1013 4 36
1014 4 36
1015 4 36
1016 4 36
1017 4 36
1018 4 36
1019 4 36
1020 4 37
1021 4 37
1022 4 37
1023 4 37
1024 4 36
1025 4 36
1026 4 36
1027 4 36
1028 4 35
1029 4 35
1030 4 35
1031 4 35
1032 4 34
1033 4 34
1034 4 34
1035 4 34
1036 4 34
1037 4 34
1038 4 34
1039 4 34
1040 4 34
1041 4 34
1042 4 34
1043 4 34
1044 4 33
1045 4 33
1046 4 33
1047 4 33
1048 4 33
1049 4 33
1050 4 33
1051 4 32
1052 4 32
1053 4 32
1054 4 32
1055 4 32
1056 4 32
1057 4 32
1058 4 32
1059 4 32
1060 4 32
1061 4 32
1062 5 32
1063 5 32
1064 5 33
1065 5 33
1066 5 33
1067 5 33
1068 5 33
1069 5 33
1070 5 32
1071 5 32
1072 5 32
1073 5 32
1074 5 32
1075 5 32
1076 5 32
1077 5 32
1078 5 32
1079 5 32
1080 5 31
1081 5 31
1082 5 31
1083 5 31
1084 5 31
1085 5 31
1086 5 31
1087 5 31
1088 5 31
1089 5 31
1090 5 31
1091 5 31
1092 5 31
1093 5 31
1094 5 31
1095 5 31
1096 5 31
1097 5 31
1098 5 31
1099 5 31
1100 5 31
1101 5 31
1102 5 31
1103 5 31
1104 5 31
1105 5 31
1106 5 31
1107 5 30
1108 5 30
1109 5 30
1110 5 30
1111 5 30
1112 5 30
1113 5 30
1114 5 30
1115 5 30
1116 5 30
1117 5 30
1118 5 30
1119 5 30
1120 5 30
1121 5 30
1122 5 30
1123 5 30
1124 5 30
1125 5 30
1126 5 30
1127 5 30
1128 5 30
1129 5 30
1130 5 30
1131 5 30
1132 5 30
1133 5 30
1134 5 30
1135 5 30
1136 5 30
1137 6 31
1138 6 31
1139 6 31
1140 6 31
1141 6 31
1142 6 31
1143 6 31
1144 6 31
1145 6 31
1146 6 31
1147 6 30
1148 6 30
1149 6 30
1150 6 30
1151 6 30
1152 6 30
1153 6 30
1154 6 30
1155 6 30
1156 6 30
1157 6 30
1158 6 30
1159 6 30
1160 6 30
1161 6 30
1162 6 30
1163 6 30
1164 6 30
1165 6 30
1166 6 30
1167 6 30
1168 6 30
1169 6 30
1170 6 30
1171 6 30
1172 6 30
1173 6 29
1174 6 29
1175 6 29
1176 6 29
1177 6 29
1178 6 29
1179 6 29
1180 6 30
1181 6 30
1182 6 30
1183 6 30
1184 6 29
1185 6 29
1186 6 29
1187 6 29
1188 6 29
1189 6 29
1190 6 29
1191 6 29
1192 6 29
1193 6 28
1194 6 28
1195 6 28
1196 6 28
1197 6 28
1198 6 28
1199 6 28
1200 6 28
1201 6 28
1202 6 28
1203 6 28
1204 6 28
1205 6 28
1206 6 28
1207 6 28
1208 6 28
1209 6 28
1210 6 28
1211 6 28
1212 6 28
1213 7 28
1214 7 28
1215 7 29
1216 7 29
1217 7 29
1218 7 29
1219 7 29
1220 7 29
1221 7 29
1222 7 29
1223 7 29
1224 7 29
1225 7 29
1226 7 29
1227 7 29
1228 7 29
1229 7 29
1230 7 29
1231 7 29
1232 7 29
1233 7 29
1234 7 29
1235 7 29
1236 7 29
1237 7 29
1238 7 28
1239 7 28
1240 7 28
1241 7 28
1242 7 28
1243 7 28
1244 7 28
1245 7 28
1246 7 28
1247 7 28
1248 7 28
1249 7 29
1250 7 29
1251 7 29
1252 7 29
1253 7 29
1254 7 29
1255 7 29
1256 7 29
1257 7 29
1258 7 29
1259 7 29
1260 7 29
1261 7 29
1262 7 29
1263 8 29
1264 8 29
1265 8 29
1266 8 29
1267 8 29
1268 8 29
1269 8 29
1270 8 29
1271 8 29
1272 8 29
1273 8 29
1274 8 29
1275 8 29
1276 8 29
1277 8 29
1278 8 29
1279 8 29
1280 8 29
1281 8 29
1282 8 29
1283 8 29
1284 8 29
1285 8 29
1286 8 29
1287 8 29
1288 8 29
1289 8 29
1290 8 29
1291 8 28
1292 8 28
1293 8 28
1294 8 28
1295 8 28
1296 8 28
1297 8 28
1298 8 29
1299 8 29
1300 8 29
1301 8 29
1302 8 29
1303 8 29
1304 8 29
1305 8 29
1306 8 29
1307 8 29
1308 8 29
1309 8 29
1310 8 29
1311 8 29
1312 8 29
1313 8 29
1314 8 29
1315 8 29
1316 8 29
1317 8 29
1318 8 29
1319 8 29
1320 8 29
1321 8 29
1322 8 29
1323 8 29
1324 8 29
1325 8 29
1326 9 29
1327 9 29
1328 9 29
1329 9 29
1330 9 29
1331 9 29
1332 9 29
1333 9 29
1334 9 29
1335 9 29
1336 9 29
1337 9 29
1338 9 29
1339 9 29
1340 9 29
1341 9 29
1342 9 29
1343 9 29
1344 9 29
1345 9 29
1346 9 29
1347 9 29
1348 9 29
1349 9 29
1350 10 29
1351 10 29
1352 10 29
1353 10 28
1354 10 28
1355 10 28
1356 10 28
1357 10 28
1358 10 28
1359 10 28
1360 10 28
1361 10 28
1362 10 28
1363 10 28
1364 10 28
1365 10 28
1366 10 28
1367 10 28
1368 10 28
1369 10 28
1370 10 27
1371 10 27
1372 10 27
1373 10 27
1374 10 27
1375 10 27
1376 10 27
1377 10 27
1378 10 27
1379 10 27
1380 10 27
1381 10 27
1382 10 27
1383 10 26
1384 10 27
1385 10 27
1386 11 27
1387 11 27
1388 11 27
1389 11 27
1390 11 27
1391 11 27
1392 11 27
1393 11 27
1394 11 27
1395 11 27
1396 11 27
1397 11 27
1398 11 27
1399 11 27
1400 11 27
1401 11 27
1402 11 27
1403 11 27
1404 11 26
1405 11 26
1406 11 26
1407 11 26
1408 11 26
1409 11 26
1410 11 26
1411 11 26
1412 11 26
1413 11 26
1414 11 26
1415 11 26
1416 11 26
1417 11 26
1418 11 26
1419 11 26
1420 11 26
1421 12 26
1422 12 26
1423 12 26
1424 12 26
1425 12 26
1426 12 26
1427 12 26
1428 12 25
1429 12 25
1430 12 26
1431 12 26
1432 12 26
1433 12 26
1434 12 26
1435 12 26
1436 12 26
1437 12 26
1438 12 26
1439 12 26
1440 12 25
1441 12 25
1442 12 25
1443 13 26
1444 13 26
1445 13 26
1446 13 26
1447 13 26
1448 13 26
1449 13 26
1450 13 26
1451 13 26
1452 13 25
1453 13 25
1454 13 25
1455 13 25
1456 13 25
1457 13 25
1458 13 25
1459 13 25
1460 13 25
1461 13 25
1462 13 25
1463 13 25
1464 13 25
1465 13 25
1466 13 25
1467 13 25
1468 13 25
1469 13 24
1470 13 24
1471 13 24
1472 13 24
1473 13 24
1474 13 24
1475 14 24
1476 14 24
1477 14 24
1478 14 24
1479 14 24
1480 14 24
1481 14 24
1482 14 24
1483 14 24
1484 14 24
1485 14 24
1486 14 24
1487 14 24
1488 14 24
1489 14 24
1490 14 24
1491 14 24
1492 14 24
1493 15 23
1494 15 23
1495 15 23
1496 15 24
1497 15 24
1498 15 24
1499 15 24
1500 15 24
1501 15 24
1502 15 24
1503 15 24
1504 15 23
1505 15 23
1506 15 23
1507 15 23
1508 15 23
1509 15 23
1510 15 23
1511 15 23
1512 15 23
1513 15 23
1514 15 23
1515 15 23
1516 15 23
1517 15 23
1518 15 23
1519 16 23
1520 16 23
1521 16 23
1522 16 23
1523 16 23
1524 16 23
1525 16 23
1526 16 22
1527 16 22
1528 16 22
1529 16 22
1530 16 22
1531 16 22
1532 17 22
1533 17 22
1534 17 22
1535 17 22
1536 17 22
1537 17 22
1538 17 22
1539 17 22
1540 17 22
1541 17 22
1542 17 22
1543 17 22
1544 17 21
1545 17 21
1546 17 21
1547 17 21
1548 17 21
1549 17 21
1550 18 21
1551 18 21
1552 18 21
1553 18 21
1554 18 21
1555 18 21
1556 18 21
1557 18 21
1558 18 21
1559 18 21
1560 18 21
1561 18 21
1562 18 21
1563 18 21
1564 19 21
1565 19 21
1566 19 21
1567 19 21
1568 19 20
1569 19 20
1570 19 20
1571 19 20
1572 19 20
1573 19 20
1574 19 20
1575 19 20
1576 19 20
1577 19 20
1578 19 20
1579 20 20
1580 20 20
1581 20 20
1582 20 20
1583 20 20
1584 20 20
1585 20 20
1586 20 20
1587 20 20
1588 21 20
1589 21 20
1590 21 20
1591 21 20
1592 22 20
1593 22 20
1594 22 20
1595 22 20
1596 22 20
1597 22 20
1598 22 20
1599 22 20
1600 22 20
1601 22 20
1602 22 20
1603 22 20
1604 22 20
1605 23 20
1606 23 20
1607 23 20
1608 23 20
1609 23 20
1610 24 20
1611 24 20
1612 24 19
1613 24 19
1614 24 19
1615 25 19
1616 25 19
1617 25 19
1618 25 19
1619 25 19
1620 25 19
1621 25 19
1622 25 19
1623 25 19
1624 25 19
1625 26 19
1626 26 19
1627 26 19
1628 26 19
1629 26 19
1630 26 19
1631 27 19
1632 27 19
1633 27 19
1634 27 19
1635 27 19
1636 27 19
1637 27 19
1638 27 19
1639 27 19
1640 27 19
1641 27 19
1642 28 19
1643 28 18
1644 29 18
1645 30 18
1646 30 18
1647 30 18
1648 30 18
1649 30 18
1650 31 18
1651 31 18
1652 31 18
1653 32 18
1654 33 18
1655 33 18
1656 33 18
1657 34 18
1658 34 18
1659 37 18
1660 37 18
1661 38 18
1662 38 18
1663 38 18
1664 39 18
1665 40 18
1666 40 18
1667 43 18
1668 44 18
1669 44 18
1670 44 19
1671 44 19
1672 45 18
1673 45 18
1674 45 18
1675 45 18
1676 46 18
1677 46 18
1678 46 18
1679 48 19
1680 48 19
1681 49 18
1682 50 18
1683 51 18
1684 52 19
1685 53 19
1686 53 19
1687 59 18
1688 64 18
1689 93 18
1690 93 18
1691 100 18
