0 0 0
1 0 0
2 0 0
3 0 0
4 0 0
5 0 0
6 0 0
7 0 0
8 0 0
9 0 0
10 0 0
11 0 0
12 0 0
13 0 0
14 0 0
15 0 0
16 0 0
17 0 0
18 0 0
19 0 0
20 0 0
21 0 0
22 0 0
23 0 0
24 0 0
25 0 0
26 0 0
27 0 0
28 0 0
29 0 0
30 0 0
31 0 0
32 0 0
33 0 0
34 0 0
35 0 0
36 0 0
37 0 0
38 0 0
39 0 0
40 0 0
41 0 100
42 0 100
43 0 100
44 0 100
45 0 100
46 0 100
47 0 100
48 0 100
49 0 100
50 0 100
51 0 100
52 0 100
53 0 100
54 0 100
55 0 100
56 0 100
57 0 100
58 0 100
59 0 100
60 0 100
61 0 100
62 0 100
63 0 100
64 0 100
65 0 100
66 0 100
67 0 100
68 0 100
69 0 100
70 0 100
71 0 100
72 0 100
73 0 100
74 0 100
75 0 100
76 0 100
77 0 100
78 0 100
79 0 100
80 0 100
81 0 100
82 0 100
83 0 100
84 0 100
85 0 100
86 0 100
87 0 100
88 0 100
89 0 100
90 0 100
91 0 100
92 0 100
93 0 100
94 0 100
95 0 100
96 0 100
97 0 100
98 0 100
99 0 100
100 0 100
101 0 100
102 0 100
103 0 100
104 0 100
105 0 100
106 0 100
107 0 100
108 0 50
109 0 50
110 0 50
111 0 50
112 0 50
113 0 50
114 0 50
115 0 50
116 0 50
117 0 50
118 0 50
119 0 50
120 0 50
121 0 50
122 0 50
123 0 50
124 0 50
125 0 50
126 0 50
127 0 50
128 0 50
129 0 50
130 0 50
131 0 50
132 0 50
133 0 50
134 0 50
135 0 50
136 0 50
137 0 50
138 0 50
139 0 50
140 0 50
141 0 50
142 0 50
143 0 50
144 0 66
145 0 66
146 0 66
147 0 66
148 0 66
149 0 66
150 0 66
151 0 66
152 0 66
153 0 66
154 0 66
155 0 66
156 0 66
157 0 66
158 0 66
159 0 66
160 0 66
161 0 66
162 0 66
163 0 66
164 0 66
165 0 66
166 0 66
167 0 66
168 0 66
169 0 66
170 0 66
171 0 66
172 0 66
173 0 66
174 0 50
175 0 50
176 0 50
177 0 50
178 0 50
179 0 50
180 0 50
181 0 50
182 0 50
183 0 50
184 0 50
185 0 50
186 0 50
187 0 50
188 0 50
189 0 50
190 0 50
191 0 50
192 0 50
193 0 50
194 0 50
195 0 50
196 0 50
197 0 50
198 0 40
199 0 40
200 0 40
201 0 40
202 0 40
203 0 40
204 0 40
205 0 40
206 0 40
207 0 40
208 0 40
209 0 40
210 0 40
211 0 40
212 0 40
213 0 40
214 0 40
215 0 40
216 0 40
217 0 40
218 0 40
219 0 40
220 0 40
221 0 40
222 0 50
223 0 50
224 0 50
225 0 50
226 0 50
227 0 50
228 0 50
229 0 50
230 0 50
231 0 50
232 0 50
233 0 50
234 0 50
235 0 50
236 0 50
237 0 50
238 0 50
239 0 50
240 0 50
241 0 42
242 0 42
243 0 42
244 0 42
245 0 37
246 0 37
247 0 37
248 0 37
249 0 37
250 0 37
251 0 37
252 0 37
253 0 37
254 0 37
255 0 37
256 0 33
257 0 33
258 0 33
259 0 33
260 0 33
261 0 33
262 0 33
263 0 33
264 0 33
265 0 33
266 0 33
267 0 33
268 0 33
269 0 33
270 0 33
271 0 33
272 0 33
273 0 30
274 0 30
275 0 30
276 0 30
277 0 30
278 0 30
279 0 30
280 0 30
281 0 30
282 0 36
283 0 36
284 0 36
285 0 36
286 0 36
287 0 36
288 0 36
289 0 36
290 0 36
291 0 36
292 0 36
293 0 36
294 0 36
295 0 36
296 0 36
297 0 36
298 0 36
299 0 36
300 0 36
301 0 36
302 0 41
303 0 38
304 0 38
305 0 38
306 0 38
307 0 38
308 0 38
309 0 38
310 0 38
311 0 38
312 0 38
313 0 38
314 0 42
315 0 42
316 0 42
317 0 42
318 0 42
319 0 42
320 0 42
321 0 42
322 0 42
323 0 42
324 0 46
325 0 46
326 0 46
327 0 46
328 0 46
329 0 46
330 0 46
331 0 46
332 0 46
333 0 46
334 0 46
335 0 46
336 0 46
337 0 46
338 0 46
339 0 46
340 0 46
341 0 43
342 0 43
343 0 43
344 0 43
345 0 43
346 0 43
347 0 43
348 0 43
349 0 43
350 0 43
351 0 43
352 0 43
353 0 43
354 0 43
355 0 43
356 0 43
357 0 43
358 0 43
359 0 43
360 0 47
361 0 47
362 0 47
363 0 47
364 1 47
365 1 47
366 1 47
367 1 47
368 1 44
369 1 44
370 1 44
371 1 44
372 1 44
373 1 44
374 1 44
375 1 44
376 1 44
377 1 47
378 1 47
379 1 47
380 1 47
381 1 47
382 1 47
383 1 47
384 1 47
385 1 47
386 1 47
387 1 47
388 1 47
389 1 47
390 1 47
391 1 47
392 1 47
393 1 47
394 1 47
395 1 47
396 1 47
397 1 47
398 1 47
399 1 47
400 1 47
401 1 47
402 1 47
403 1 47
404 1 47
405 1 47
406 1 47
407 1 50
408 1 50
409 1 50
410 1 50
411 1 50
412 1 50
413 1 50
414 1 50
415 1 50
416 1 50
417 1 50
418 1 50
419 1 50
420 1 50
421 1 50
422 1 50
423 1 50
424 1 47
425 1 47
426 1 47
427 1 47
428 1 47
429 1 47
430 1 47
431 1 47
432 1 47
433 1 47
434 1 47
435 1 47
436 1 47
437 1 47
438 1 47
439 1 47
440 1 47
441 1 47
442 1 47
443 1 47
444 1 47
445 1 47
446 1 47
447 1 47
448 1 47
449 1 47
450 1 47
451 1 47
452 1 47
453 1 47
454 1 47
455 1 47
456 1 47
457 1 47
458 1 47
459 1 47
460 1 47
461 1 47
462 1 47
463 1 47
464 1 47
465 1 50
466 1 50
467 1 50
468 1 50
469 1 50
470 1 50
471 1 50
472 1 50
473 1 50
474 1 50
475 1 50
476 1 50
477 1 50
478 1 50
479 1 50
480 1 50
481 1 50
482 1 50
483 1 50
484 1 50
485 1 50
486 1 50
487 1 50
488 1 50
489 1 50
490 1 50
491 1 50
492 1 50
493 1 50
494 1 50
495 1 50
496 1 50
497 1 50
498 1 50
499 1 50
500 1 50
501 1 50
502 1 50
503 1 47
504 1 47
505 1 47
506 1 50
507 1 50
508 1 50
509 1 50
510 1 50
511 1 50
512 1 50
513 1 50
514 1 50
515 1 50
516 1 50
517 1 50
518 1 52
519 1 52
520 1 52
521 1 52
522 1 50
523 1 50
524 1 50
525 1 50
526 1 50
527 1 50
528 1 50
529 1 50
530 1 50
531 1 50
532 1 50
533 1 50
534 1 50
535 1 50
536 1 50
537 1 50
538 1 50
539 1 50
540 1 48
541 1 48
542 1 48
543 1 48
544 1 48
545 1 46
546 1 46
547 1 46
548 1 46
549 1 46
550 1 48
551 1 48
552 1 48
553 1 48
554 1 48
555 1 48
556 1 48
557 1 48
558 1 48
559 1 48
560 1 48
561 1 48
562 1 48
563 1 46
564 1 46
565 1 46
566 1 46
567 1 48
568 1 48
569 1 48
570 1 48
571 1 48
572 1 48
573 1 48
574 1 48
575 1 48
576 1 48
577 1 50
578 1 50
579 1 50
580 1 50
581 1 50
582 1 50
583 2 48
584 2 48
585 2 48
586 2 48
587 2 47
588 2 47
589 2 47
590 2 47
591 2 47
592 2 47
593 2 47
594 2 47
595 2 47
596 2 47
597 2 47
598 2 47
599 2 47
600 2 47
601 2 47
602 2 47
603 2 47
604 2 47
605 2 47
606 2 47
607 2 47
608 2 45
609 2 45
610 2 45
611 2 45
612 2 44
613 2 44
614 2 44
615 2 44
616 2 44
617 2 44
618 2 44
619 2 44
620 2 44
621 2 44
622 2 44
623 2 43
624 2 43
625 2 42
626 2 42
627 2 42
628 2 42
629 2 42
630 2 42
631 2 42
632 2 42
633 2 42
634 2 42
635 2 42
636 2 42
637 2 42
638 2 42
639 2 42
640 2 42
641 2 42
642 2 42
643 2 42
644 2 42
645 2 42
646 2 42
647 2 42
648 2 42
649 2 42
650 2 42
651 2 42
652 2 42
653 2 42
654 2 41
655 2 41
656 2 41
657 2 41
658 2 40
659 2 40
660 2 40
661 2 40
662 2 40
663 2 40
664 2 40
665 2 40
666 2 40
667 2 40
668 2 40
669 2 40
670 2 40
671 2 40
672 2 40
673 2 40
674 2 40
675 2 40
676 2 40
677 2 40
678 2 40
679 2 40
680 2 40
681 2 40
682 2 40
683 2 41
684 2 41
685 2 41
686 2 41
687 2 41
688 2 41
689 2 41
690 2 41
691 2 41
692 2 40
693 2 40
694 2 39
695 2 39
696 2 39
697 2 39
698 2 38
699 2 38
700 2 37
701 2 37
702 2 37
703 2 37
704 2 37
705 2 37
706 2 37
707 2 37
708 2 37
709 2 37
710 2 37
711 2 37
712 2 37
713 2 37
714 2 37
715 2 37
716 2 36
717 2 36
718 2 36
719 2 36
720 2 36
721 2 36
722 2 36
723 2 36
724 2 36
725 2 36
726 2 36
727 2 36
728 2 36
729 2 36
730 2 36
731 2 36
732 2 36
733 2 35
734 2 35
735 2 35
736 2 35
737 2 35
738 2 35
739 2 34
740 2 34
741 2 34
742 2 34
743 2 34
744 2 34
745 2 34
746 2 34
747 2 34
748 2 34
749 2 34
750 2 34
751 2 33
752 2 33
753 2 33
754 2 33
755 2 33
756 2 33
757 2 33
758 2 33
759 2 33
760 2 33
761 2 33
762 2 33
763 2 33
764 2 33
765 2 33
766 2 33
767 2 33
768 2 33
769 2 33
770 2 33
771 2 33
772 2 33
773 2 33
774 2 33
775 2 33
776 2 33
777 2 33
778 2 33
779 3 33
780 3 33
781 3 32
782 3 32
783 3 32
784 3 32
785 3 32
786 3 32
787 3 32
788 3 32
789 3 32
790 3 32
791 3 32
792 3 32
793 3 32
794 3 32
795 3 32
796 3 32
797 3 32
798 3 33
799 3 33
800 3 33
801 3 33
802 3 33
803 3 34
804 3 34
805 3 34
806 3 34
807 3 34
808 3 34
809 3 34
810 3 34
811 3 34
812 3 34
813 3 34
814 3 34
815 3 34
816 3 34
817 3 34
818 3 34
819 3 34
820 3 34
821 3 34
822 3 34
823 3 34
824 3 34
825 3 34
826 3 34
827 3 34
828 3 34
829 3 33
830 3 33
831 3 33
832 3 33
833 3 33
834 3 33
835 3 33
836 3 33
837 3 33
838 3 33
839 3 33
840 3 33
841 3 33
842 3 33
843 3 33
844 3 33
845 3 33
846 3 33
847 3 33
848 3 33
849 3 33
850 3 33
851 3 33
852 3 33
853 3 33
854 3 33
855 3 33
856 3 33
857 3 33
858 3 32
859 3 32
860 3 32
861 3 32
862 3 32
863 3 32
864 3 32
865 3 32
866 3 32
867 3 32
868 3 32
869 3 32
870 3 31
871 3 31
872 3 31
873 3 31
874 3 31
875 3 31
876 3 31
877 3 31
878 3 31
879 3 31
880 3 31
881 3 31
882 3 31
883 3 31
884 3 31
885 3 31
886 3 31
887 3 31
888 3 31
889 3 31
890 3 31
891 3 31
892 3 31
893 3 31
894 3 31
895 3 31
896 3 31
897 3 31
898 3 31
899 3 31
900 3 31
901 3 31
902 3 31
903 3 31
904 3 31
905 3 31
906 3 31
907 3 30
908 3 30
909 3 30
910 3 30
911 3 30
912 3 30
913 3 30
914 3 30
915 3 30
916 3 29
917 3 29
918 3 29
919 3 29
920 3 29
921 3 29
922 3 28
923 3 28
924 3 28
925 3 28
926 3 28
927 3 28
928 3 28
929 3 28
930 3 28
931 3 28
932 3 28
933 3 28
934 3 28
935 3 28
936 3 28
937 3 28
938 3 28
939 3 28
940 3 28
941 3 28
942 3 28
943 3 28
944 3 28
945 3 28
946 3 27
947 3 27
948 3 27
949 3 27
950 3 27
951 3 27
952 4 27
953 4 27
954 4 27
955 4 27
956 4 27
957 4 27
958 4 26
959 4 26
960 4 26
961 4 26
962 4 26
963 4 26
964 4 27
965 4 27
966 4 27
967 4 27
968 4 27
969 4 27
970 4 27
971 4 26
972 4 26
973 4 26
974 4 26
975 4 26
976 4 26
977 4 26
978 4 26
979 4 26
980 4 26
981 4 26
982 4 26
983 4 27
984 4 27
985 4 28
986 4 28
987 4 28
988 4 28
989 4 28
990 4 28
991 4 28
992 4 28
993 4 27
994 4 27
995 4 27
996 4 27
997 4 27
998 4 27
999 4 27
1000 4 27
1001 4 27
1002 4 27
1003 4 27
1004 4 27
1005 4 27
1006 4 27
1007 4 27
1008 4 27
1009 4 27
1010 4 27
1011 4 27
1012 4 26
1013 4 26
1014 4 26
1015 4 26
1016 4 26
1017 4 26
1018 4 26
1019 4 26
1020 4 27
1021 4 27
1022 4 27
1023 4 27
1024 4 28
1025 4 28
1026 4 28
1027 4 27
1028 4 27
1029 4 27
1030 4 27
1031 4 27
1032 4 28
1033 4 28
1034 4 28
1035 4 28
1036 4 27
1037 4 27
1038 4 27
1039 4 27
1040 4 27
1041 4 27
1042 4 27
1043 4 27
1044 4 27
1045 4 27
1046 4 27
1047 4 27
1048 4 27
1049 4 27
1050 4 26
1051 4 26
1052 4 26
1053 4 26
1054 4 26
1055 4 26
1056 4 27
1057 4 27
1058 4 27
1059 4 27
1060 4 27
1061 4 26
1062 5 26
1063 5 26
1064 5 26
1065 5 26
1066 5 26
1067 5 26
1068 5 26
1069 5 26
1070 5 25
1071 5 25
1072 5 25
1073 5 25
1074 5 25
1075 5 25
1076 5 25
1077 5 25
1078 5 25
1079 5 25
1080 5 25
1081 5 25
1082 5 25
1083 5 25
1084 5 25
1085 5 25
1086 5 25
1087 5 25
1088 5 25
1089 5 25
1090 5 25
1091 5 25
1092 5 25
1093 5 24
1094 5 24
1095 5 24
1096 5 24
1097 5 24
1098 5 24
1099 5 24
1100 5 24
1101 5 24
1102 5 24
1103 5 24
1104 5 24
1105 5 24
1106 5 24
1107 5 24
1108 5 24
1109 5 24
1110 5 24
1111 5 23
1112 5 23
1113 5 23
1114 5 23
1115 5 23
1116 5 23
1117 5 23
1118 5 23
1119 5 23
1120 5 23
1121 5 23
1122 5 23
1123 5 23
1124 5 23
1125 5 23
1126 5 23
1127 5 23
1128 5 23
1129 5 23
1130 5 23
1131 5 23
1132 5 23
1133 5 23
1134 5 23
1135 5 23
1136 5 23
1137 6 23
1138 6 23
1139 6 23
1140 6 23
1141 6 23
1142 6 23
1143 6 23
1144 6 23
1145 6 23
1146 6 23
1147 6 23
1148 6 23
1149 6 23
1150 6 23
1151 6 23
1152 6 23
1153 6 23
1154 6 23
1155 6 23
1156 6 23
1157 6 23
1158 6 23
1159 6 23
1160 6 23
1161 6 23
1162 6 23
1163 6 23
1164 6 23
1165 6 23
1166 6 23
1167 6 23
1168 6 23
1169 6 23
1170 6 23
1171 6 23
1172 6 23
1173 6 23
1174 6 23
1175 6 23
1176 6 23
1177 6 23
1178 6 23
1179 6 23
1180 6 23
1181 6 23
1182 6 23
1183 6 23
1184 6 23
1185 6 23
1186 6 23
1187 6 23
1188 6 23
1189 6 23
1190 6 22
1191 6 22
1192 6 23
1193 6 23
1194 6 23
1195 6 23
1196 6 23
1197 6 23
1198 6 23
1199 6 23
1200 6 23
1201 6 23
1202 6 23
1203 6 23
1204 6 23
1205 6 23
1206 6 23
1207 6 23
1208 6 22
1209 6 22
1210 6 22
1211 6 22
1212 6 22
1213 7 23
1214 7 23
1215 7 23
1216 7 23
1217 7 23
1218 7 23
1219 7 23
1220 7 23
1221 7 23
1222 7 23
1223 7 23
1224 7 23
1225 7 23
1226 7 23
1227 7 23
1228 7 23
1229 7 23
1230 7 23
1231 7 23
1232 7 23
1233 7 23
1234 7 23
1235 7 23
1236 7 23
1237 7 23
1238 7 22
1239 7 22
1240 7 22
1241 7 22
1242 7 22
1243 7 23
1244 7 23
1245 7 23
1246 7 23
1247 7 23
1248 7 23
1249 7 22
1250 7 22
1251 7 22
1252 7 22
1253 7 22
1254 7 22
1255 7 22
1256 7 22
1257 7 22
1258 7 22
1259 7 22
1260 7 22
1261 7 22
1262 7 22
1263 8 22
1264 8 22
1265 8 22
1266 8 22
1267 8 22
1268 8 22
1269 8 22
1270 8 22
1271 8 22
1272 8 22
1273 8 22
1274 8 22
1275 8 22
1276 8 22
1277 8 22
1278 8 22
1279 8 22
1280 8 22
1281 8 22
1282 8 22
1283 8 22
1284 8 22
1285 8 22
1286 8 22
1287 8 22
1288 8 22
1289 8 22
1290 8 22
1291 8 22
1292 8 21
1293 8 21
1294 8 21
1295 8 21
1296 8 21
1297 8 21
1298 8 22
1299 8 22
1300 8 22
1301 8 22
1302 8 22
1303 8 22
1304 8 22
1305 8 22
1306 8 22
1307 8 22
1308 8 22
1309 8 22
1310 8 22
1311 8 21
1312 8 21
1313 8 22
1314 8 22
1315 8 22
1316 8 22
1317 8 22
1318 8 22
1319 8 21
1320 8 21
1321 8 21
1322 8 21
1323 8 21
1324 8 22
1325 8 22
1326 9 22
1327 9 22
1328 9 22
1329 9 22
1330 9 22
1331 9 22
1332 9 22
1333 9 22
1334 9 22
1335 9 22
1336 9 22
1337 9 22
1338 9 22
1339 9 22
1340 9 22
1341 9 22
1342 9 22
1343 9 22
1344 9 22
1345 9 22
1346 9 22
1347 9 22
1348 9 22
1349 9 22
1350 10 22
1351 10 22
1352 10 22
1353 10 22
1354 10 22
1355 10 22
1356 10 22
1357 10 22
1358 10 22
1359 10 22
1360 10 22
1361 10 22
1362 10 22
1363 10 22
1364 10 22
1365 10 22
1366 10 22
1367 10 22
1368 10 22
1369 10 22
1370 10 22
1371 10 22
1372 10 22
1373 10 22
1374 10 22
1375 10 22
1376 10 21
1377 10 21
1378 10 21
1379 10 21
1380 10 22
1381 10 22
1382 10 22
1383 10 22
1384 10 22
1385 10 22
1386 11 22
1387 11 22
1388 11 22
1389 11 21
1390 11 21
1391 11 21
1392 11 21
1393 11 21
1394 11 21
1395 11 21
1396 11 21
1397 11 21
1398 11 22
1399 11 22
1400 11 21
1401 11 21
1402 11 21
1403 11 21
1404 11 21
1405 11 21
1406 11 21
1407 11 21
1408 11 21
1409 11 21
1410 11 21
1411 11 22
1412 11 22
1413 11 22
1414 11 22
1415 11 22
1416 11 22
1417 11 22
1418 11 22
1419 11 22
1420 11 22
1421 12 22
1422 12 22
1423 12 22
1424 12 22
1425 12 22
1426 12 22
1427 12 22
1428 12 22
1429 12 22
1430 12 21
1431 12 21
1432 12 21
1433 12 21
1434 12 21
1435 12 21
1436 12 21
1437 12 21
1438 12 22
1439 12 22
1440 12 22
1441 12 22
1442 12 22
1443 13 22
1444 13 21
1445 13 21
1446 13 21
1447 13 21
1448 13 21
1449 13 22
1450 13 22
1451 13 22
1452 13 22
1453 13 22
1454 13 22
1455 13 22
1456 13 22
1457 13 22
1458 13 22
1459 13 22
1460 13 22
1461 13 22
1462 13 22
1463 13 22
1464 13 21
1465 13 21
1466 13 21
1467 13 21
1468 13 21
1469 13 21
1470 13 21
1471 13 21
1472 13 21
1473 13 21
1474 13 21
1475 14 21
1476 14 21
1477 14 21
1478 14 22
1479 14 22
1480 14 22
1481 14 22
1482 14 23
1483 14 23
1484 14 22
1485 14 22
1486 14 22
1487 14 22
1488 14 23
1489 14 22
1490 14 22
1491 14 22
1492 14 22
1493 15 22
1494 15 22
1495 15 22
1496 15 22
1497 15 22
1498 15 22
1499 15 22
1500 15 22
1501 15 22
1502 15 22
1503 15 22
1504 15 22
1505 15 22
1506 15 22
1507 15 22
1508 15 22
1509 15 22
1510 15 22
1511 15 22
1512 15 22
1513 15 22
1514 15 22
1515 15 22
1516 15 22
1517 15 22
1518 15 22
1519 16 22
1520 16 22
1521 16 22
1522 16 22
1523 16 22
1524 16 22
1525 16 22
1526 16 22
1527 16 22
1528 16 22
1529 16 22
1530 16 22
1531 16 22
1532 17 22
1533 17 22
1534 17 22
1535 17 22
1536 17 22
1537 17 22
1538 17 22
1539 17 22
1540 17 22
1541 17 22
1542 17 22
1543 17 22
1544 17 22
1545 17 22
1546 17 22
1547 17 22
1548 17 22
1549 17 22
1550 18 22
1551 18 22
1552 18 22
1553 18 22
1554 18 22
1555 18 22
1556 18 22
1557 18 22
1558 18 22
1559 18 22
1560 18 22
1561 18 22
1562 18 22
1563 18 22
1564 19 22
1565 19 22
1566 19 22
1567 19 22
1568 19 23
1569 19 23
1570 19 22
1571 19 22
1572 19 22
1573 19 22
1574 19 23
1575 19 22
1576 19 22
1577 19 22
1578 19 22
1579 20 23
1580 20 23
1581 20 23
1582 20 23
1583 20 23
1584 20 23
1585 20 23
1586 20 23
1587 20 23
1588 21 23
1589 21 23
1590 21 23
1591 21 23
1592 22 24
1593 22 24
1594 22 24
1595 22 24
1596 22 24
1597 22 24
1598 22 24
1599 22 24
1600 22 24
1601 22 24
1602 22 24
1603 22 25
1604 22 25
1605 23 25
1606 23 25
1607 23 25
1608 23 25
1609 23 25
1610 24 25
1611 24 25
1612 24 25
1613 24 25
1614 24 25
1615 25 25
1616 25 25
1617 25 25
1618 25 25
1619 25 25
1620 25 25
1621 25 25
1622 25 25
1623 25 25
1624 25 25
1625 26 24
1626 26 24
1627 26 24
1628 26 24
1629 26 24
1630 26 24
1631 27 24
1632 27 24
1633 27 24
1634 27 24
1635 27 24
1636 27 24
1637 27 24
1638 27 24
1639 27 24
1640 27 24
1641 27 24
1642 28 24
1643 28 24
1644 29 24
1645 30 24
1646 30 24
1647 30 24
1648 30 24
1649 30 24
1650 31 24
1651 31 24
1652 31 24
1653 32 24
1654 33 24
1655 33 24
1656 33 24
1657 34 24
1658 34 24
1659 37 24
1660 37 24
1661 38 24
1662 38 24
1663 38 24
1664 39 24
1665 40 25
1666 40 25
1667 43 25
1668 44 25
1669 44 25
1670 44 25
1671 44 25
1672 45 25
1673 45 25
1674 45 25
1675 45 25
1676 46 25
1677 46 25
1678 46 25
1679 48 25
1680 48 26
1681 49 26
1682 50 26
1683 51 26
1684 52 26
1685 53 27
1686 53 27
1687 59 27
1688 64 27
1689 93 27
1690 93 27
1691 100 27
