0 0 0
1 0 0
2 0 0
3 0 0
4 0 0
5 0 0
6 0 0
7 0 0
8 0 0
9 0 0
10 0 0
11 0 0
12 0 0
13 0 0
14 0 0
15 0 0
16 0 0
17 0 0
18 0 0
19 0 0
20 0 0
21 0 0
22 0 0
23 0 0
24 0 0
25 0 0
26 0 0
27 0 0
28 0 0
29 0 0
30 0 0
31 0 0
32 0 0
33 0 0
34 0 0
35 0 0
36 0 0
37 0 0
38 0 0
39 0 0
40 0 0
41 0 0
42 0 0
43 0 0
44 0 0
45 0 0
46 0 0
47 0 0
48 0 0
49 0 0
50 0 0
51 0 0
52 0 0
53 0 0
54 0 0
55 0 0
56 0 0
57 0 0
58 0 0
59 0 0
60 0 0
61 0 0
62 0 0
63 0 0
64 0 0
65 0 0
66 0 0
67 0 0
68 0 0
69 0 0
70 0 0
71 0 0
72 0 0
73 0 0
74 0 0
75 0 0
76 0 0
77 0 0
78 0 0
79 0 0
80 0 0
81 0 0
82 0 0
83 0 0
84 0 0
85 0 0
86 0 0
87 0 0
88 0 0
89 0 0
90 0 0
91 0 0
92 0 0
93 0 0
94 0 0
95 0 0
96 0 0
97 0 0
98 0 0
99 0 0
100 0 0
101 0 0
102 0 0
103 0 0
104 0 0
105 0 0
106 0 0
107 0 0
108 0 0
109 0 0
110 0 0
111 0 0
112 0 0
113 0 0
114 0 0
115 0 0
116 0 0
117 0 0
118 0 0
119 0 0
120 0 0
121 0 0
122 0 0
123 0 0
124 0 0
125 0 0
126 0 0
127 0 0
128 0 0
129 0 0
130 0 0
131 0 0
132 0 0
133 0 0
134 0 0
135 0 0
136 0 0
137 0 0
138 0 0
139 0 0
140 0 0
141 0 0
142 0 0
143 0 0
144 0 0
145 0 0
146 0 0
147 0 0
148 0 0
149 0 0
150 0 0
151 0 0
152 0 0
153 0 0
154 0 0
155 0 0
156 0 0
157 0 0
158 0 0
159 0 0
160 0 0
161 0 0
162 0 0
163 0 0
164 0 0
165 0 0
166 0 0
167 0 0
168 0 0
169 0 0
170 0 0
171 0 0
172 0 0
173 0 0
174 0 0
175 0 0
176 0 0
177 0 0
178 0 0
179 0 0
180 0 0
181 0 0
182 0 0
183 0 0
184 0 0
185 0 0
186 0 0
187 0 0
188 0 0
189 0 0
190 0 0
191 0 0
192 0 0
193 0 0
194 0 0
195 0 0
196 0 0
197 0 0
198 0 0
199 0 0
200 0 0
201 0 0
202 0 0
203 0 0
204 0 0
205 0 0
206 0 0
207 0 0
208 0 0
209 0 0
210 0 0
211 0 0
212 0 0
213 0 0
214 0 0
215 0 0
216 0 0
217 0 0
218 0 0
219 0 0
220 0 0
221 0 0
222 0 0
223 0 0
224 0 0
225 0 0
226 0 0
227 0 0
228 0 0
229 0 0
230 0 0
231 0 0
232 0 0
233 0 0
234 0 0
235 0 0
236 0 0
237 0 0
238 0 0
239 0 0
240 0 0
241 0 0
242 0 0
243 0 0
244 0 0
245 0 0
246 0 0
247 0 0
248 0 0
249 0 0
250 0 0
251 0 0
252 0 0
253 0 0
254 0 0
255 0 0
256 0 0
257 0 0
258 0 0
259 0 0
260 0 0
261 0 0
262 0 0
263 0 0
264 0 0
265 0 0
266 0 0
267 0 0
268 0 0
269 0 0
270 0 0
271 0 0
272 0 0
273 0 0
274 0 0
275 0 0
276 0 0
277 0 0
278 0 0
279 0 0
280 0 0
281 0 0
282 0 0
283 0 0
284 0 0
285 0 0
286 0 0
287 0 0
288 0 0
289 0 0
290 0 0
291 0 0
292 0 0
293 0 0
294 0 0
295 0 0
296 0 0
297 0 0
298 0 0
299 0 0
300 0 0
301 0 0
302 0 0
303 0 0
304 0 0
305 0 0
306 0 0
307 0 0
308 0 0
309 0 0
310 0 0
311 0 0
312 0 0
313 0 0
314 0 0
315 0 0
316 0 0
317 0 0
318 0 0
319 0 0
320 0 0
321 0 0
322 0 0
323 0 0
324 0 6
325 0 6
326 0 6
327 0 6
328 0 6
329 0 6
330 0 6
331 0 6
332 0 6
333 0 6
334 0 6
335 0 6
336 0 6
337 0 6
338 0 6
339 0 6
340 0 6
341 0 6
342 0 6
343 0 6
344 0 6
345 0 6
346 0 6
347 0 6
348 0 6
349 0 6
350 0 6
351 0 6
352 0 6
353 0 6
354 0 6
355 0 6
356 0 6
357 0 6
358 0 6
359 0 6
360 0 5
361 0 5
362 0 5
363 0 5
364 1 5
365 1 5
366 1 5
367 1 5
368 1 5
369 1 5
370 1 5
371 1 5
372 1 5
373 1 5
374 1 5
375 1 5
376 1 5
377 1 5
378 1 5
379 1 5
380 1 5
381 1 5
382 1 5
383 1 5
384 1 5
385 1 5
386 1 5
387 1 5
388 1 5
389 1 5
390 1 5
391 1 5
392 1 5
393 1 5
394 1 5
395 1 5
396 1 5
397 1 5
398 1 5
399 1 5
400 1 5
401 1 5
402 1 5
403 1 5
404 1 5
405 1 5
406 1 5
407 1 5
408 1 5
409 1 5
410 1 5
411 1 5
412 1 5
413 1 5
414 1 5
415 1 5
416 1 5
417 1 5
418 1 5
419 1 5
420 1 5
421 1 5
422 1 5
423 1 5
424 1 4
425 1 4
426 1 4
427 1 4
428 1 4
429 1 4
430 1 4
431 1 4
432 1 4
433 1 4
434 1 4
435 1 4
436 1 4
437 1 4
438 1 4
439 1 4
440 1 4
441 1 4
442 1 4
443 1 4
444 1 4
445 1 4
446 1 4
447 1 4
448 1 4
449 1 4
450 1 4
451 1 4
452 1 4
453 1 4
454 1 4
455 1 4
456 1 4
457 1 4
458 1 4
459 1 4
460 1 4
461 1 4
462 1 4
463 1 4
464 1 4
465 1 4
466 1 4
467 1 4
468 1 4
469 1 4
470 1 4
471 1 4
472 1 4
473 1 4
474 1 4
475 1 4
476 1 4
477 1 4
478 1 4
479 1 4
480 1 4
481 1 4
482 1 4
483 1 4
484 1 4
485 1 4
486 1 4
487 1 4
488 1 4
489 1 4
490 1 4
491 1 4
492 1 4
493 1 4
494 1 4
495 1 4
496 1 4
497 1 4
498 1 4
499 1 4
500 1 4
501 1 4
502 1 4
503 1 4
504 1 4
505 1 4
506 1 4
507 1 4
508 1 4
509 1 4
510 1 4
511 1 4
512 1 4
513 1 4
514 1 4
515 1 4
516 1 4
517 1 4
518 1 8
519 1 8
520 1 8
521 1 8
522 1 11
523 1 11
524 1 11
525 1 11
526 1 11
527 1 11
528 1 11
529 1 11
530 1 11
531 1 11
532 1 11
533 1 11
534 1 11
535 1 11
536 1 11
537 1 11
538 1 11
539 1 11
540 1 11
541 1 11
542 1 11
543 1 11
544 1 11
545 1 10
546 1 10
547 1 10
548 1 10
549 1 10
550 1 10
551 1 10
552 1 10
553 1 10
554 1 10
555 1 10
556 1 10
557 1 10
558 1 10
559 1 10
560 1 10
561 1 10
562 1 10
563 1 10
564 1 10
565 1 10
566 1 10
567 1 9
568 1 9
569 1 9
570 1 9
571 1 9
572 1 9
573 1 9
574 1 9
575 1 9
576 1 9
577 1 12
578 1 12
579 1 12
580 1 12
581 1 12
582 1 12
583 2 15
584 2 15
585 2 15
586 2 15
587 2 14
588 2 14
589 2 14
590 2 14
591 2 14
592 2 14
593 2 14
594 2 14
595 2 14
596 2 14
597 2 14
598 2 14
599 2 14
600 2 14
601 2 14
602 2 14
603 2 14
604 2 14
605 2 14
606 2 14
607 2 14
608 2 14
609 2 14
610 2 14
611 2 14
612 2 13
613 2 13
614 2 13
615 2 13
616 2 13
617 2 13
618 2 13
619 2 13
620 2 13
621 2 13
622 2 13
623 2 13
624 2 13
625 2 15
626 2 15
627 2 15
628 2 15
629 2 15
630 2 15
631 2 15
632 2 15
633 2 15
634 2 15
635 2 15
636 2 15
637 2 15
638 2 15
639 2 15
640 2 15
641 2 15
642 2 15
643 2 15
644 2 15
645 2 15
646 2 15
647 2 15
648 2 15
649 2 15
650 2 15
651 2 15
652 2 15
653 2 15
654 2 15
655 2 15
656 2 15
657 2 15
658 2 15
659 2 15
660 2 15
661 2 15
662 2 15
663 2 15
664 2 15
665 2 15
666 2 15
667 2 15
668 2 15
669 2 15
670 2 15
671 2 15
672 2 15
673 2 15
674 2 15
675 2 15
676 2 15
677 2 15
678 2 15
679 2 15
680 2 15
681 2 15
682 2 15
683 2 14
684 2 14
685 2 14
686 2 14
687 2 14
688 2 14
689 2 14
690 2 14
691 2 14
692 2 16
693 2 16
694 2 16
695 2 16
696 2 16
697 2 16
698 2 15
699 2 15
700 2 17
701 2 17
702 2 17
703 2 17
704 2 17
705 2 17
706 2 17
707 2 17
708 2 17
709 2 17
710 2 17
711 2 17
712 2 17
713 2 17
714 2 17
715 2 17
716 2 17
717 2 17
718 2 17
719 2 17
720 2 17
721 2 17
722 2 17
723 2 17
724 2 17
725 2 17
726 2 17
727 2 17
728 2 17
729 2 17
730 2 17
731 2 17
732 2 17
733 2 16
734 2 16
735 2 16
736 2 16
737 2 16
738 2 16
739 2 16
740 2 16
741 2 16
742 2 16
743 2 18
744 2 18
745 2 18
746 2 18
747 2 18
748 2 18
749 2 18
750 2 18
751 2 17
752 2 17
753 2 17
754 2 17
755 2 17
756 2 17
757 2 17
758 2 17
759 2 17
760 2 17
761 2 17
762 2 17
763 2 17
764 2 17
765 2 17
766 2 17
767 2 17
768 2 17
769 2 17
770 2 17
771 2 17
772 2 17
773 2 17
774 2 17
775 2 17
776 2 17
777 2 17
778 2 17
779 3 17
780 3 17
781 3 17
782 3 17
783 3 17
784 3 17
785 3 17
786 3 17
787 3 17
788 3 18
789 3 18
790 3 18
791 3 18
792 3 18
793 3 18
794 3 18
795 3 18
796 3 18
797 3 18
798 3 20
799 3 20
800 3 20
801 3 20
802 3 20
803 3 21
804 3 21
805 3 21
806 3 21
807 3 21
808 3 21
809 3 21
810 3 21
811 3 21
812 3 21
813 3 21
814 3 21
815 3 21
816 3 21
817 3 21
818 3 21
819 3 21
820 3 21
821 3 21
822 3 21
823 3 21
824 3 21
825 3 21
826 3 21
827 3 21
828 3 21
829 3 23
830 3 23
831 3 23
832 3 23
833 3 23
834 3 23
835 3 23
836 3 23
837 3 23
838 3 23
839 3 23
840 3 23
841 3 23
842 3 23
843 3 23
844 3 23
845 3 23
846 3 23
847 3 24
848 3 24
849 3 24
850 3 24
851 3 24
852 3 24
853 3 24
854 3 24
855 3 24
856 3 24
857 3 24
858 3 24
859 3 24
860 3 24
861 3 24
862 3 24
863 3 24
864 3 24
865 3 24
866 3 23
867 3 23
868 3 23
869 3 23
870 3 23
871 3 22
872 3 22
873 3 22
874 3 22
875 3 22
876 3 22
877 3 22
878 3 22
879 3 22
880 3 22
881 3 22
882 3 22
883 3 22
884 3 22
885 3 22
886 3 22
887 3 22
888 3 22
889 3 22
890 3 22
891 3 22
892 3 22
893 3 22
894 3 22
895 3 22
896 3 22
897 3 22
898 3 22
899 3 22
900 3 22
901 3 22
902 3 22
903 3 22
904 3 22
905 3 22
906 3 22
907 3 22
908 3 22
909 3 22
910 3 22
911 3 23
912 3 23
913 3 23
914 3 23
915 3 23
916 3 23
917 3 23
918 3 23
919 3 24
920 3 24
921 3 24
922 3 25
923 3 25
924 3 25
925 3 25
926 3 25
927 3 25
928 3 25
929 3 26
930 3 26
931 3 26
932 3 26
933 3 26
934 3 26
935 3 26
936 3 26
937 3 26
938 3 26
939 3 26
940 3 26
941 3 26
942 3 26
943 3 26
944 3 26
945 3 26
946 3 26
947 3 26
948 3 26
949 3 26
950 3 26
951 3 26
952 4 26
953 4 26
954 4 26
955 4 25
956 4 25
957 4 25
958 4 26
959 4 26
960 4 26
961 4 26
962 4 26
963 4 26
964 4 27
965 4 27
966 4 27
967 4 27
968 4 27
969 4 27
970 4 27
971 4 26
972 4 26
973 4 26
974 4 26
975 4 26
976 4 26
977 4 26
978 4 26
979 4 26
980 4 26
981 4 26
982 4 26
983 4 27
984 4 27
985 4 27
986 4 26
987 4 26
988 4 26
989 4 26
990 4 26
991 4 26
992 4 26
993 4 27
994 4 27
995 4 27
996 4 27
997 4 28
998 4 28
999 4 28
1000 4 28
1001 4 28
1002 4 28
1003 4 28
1004 4 28
1005 4 28
1006 4 28
1007 4 28
1008 4 28
1009 4 28
1010 4 28
1011 4 28
1012 4 29
1013 4 29
1014 4 29
1015 4 29
1016 4 29
1017 4 29
1018 4 29
1019 4 29
1020 4 30
1021 4 30
1022 4 30
1023 4 30
1024 4 30
1025 4 31
1026 4 31
1027 4 31
1028 4 31
1029 4 31
1030 4 30
1031 4 30
1032 4 31
1033 4 31
1034 4 31
1035 4 31
1036 4 31
1037 4 31
1038 4 31
1039 4 31
1040 4 31
1041 4 31
1042 4 31
1043 4 30
1044 4 30
1045 4 30
1046 4 30
1047 4 30
1048 4 30
1049 4 30
1050 4 30
1051 4 30
1052 4 30
1053 4 30
1054 4 30
1055 4 30
1056 4 30
1057 4 30
1058 4 31
1059 4 31
1060 4 31
1061 4 31
1062 5 31
1063 5 31
1064 5 32
1065 5 32
1066 5 32
1067 5 32
1068 5 32
1069 5 32
1070 5 32
1071 5 32
1072 5 32
1073 5 32
1074 5 32
1075 5 32
1076 5 32
1077 5 32
1078 5 32
1079 5 32
1080 5 31
1081 5 31
1082 5 31
1083 5 31
1084 5 31
1085 5 31
1086 5 31
1087 5 31
1088 5 31
1089 5 31
1090 5 31
1091 5 31
1092 5 31
1093 5 31
1094 5 31
1095 5 32
1096 5 32
1097 5 32
1098 5 32
1099 5 32
1100 5 32
1101 5 32
1102 5 32
1103 5 32
1104 5 32
1105 5 32
1106 5 32
1107 5 31
1108 5 31
1109 5 31
1110 5 31
1111 5 32
1112 5 32
1113 5 32
1114 5 32
1115 5 32
1116 5 32
1117 5 32
1118 5 32
1119 5 32
1120 5 32
1121 5 32
1122 5 32
1123 5 32
1124 5 32
1125 5 32
1126 5 32
1127 5 32
1128 5 32
1129 5 31
1130 5 31
1131 5 31
1132 5 31
1133 5 31
1134 5 31
1135 5 31
1136 5 31
1137 6 32
1138 6 32
1139 6 32
1140 6 32
1141 6 32
1142 6 32
1143 6 32
1144 6 32
1145 6 33
1146 6 33
1147 6 33
1148 6 33
1149 6 33
1150 6 33
1151 6 33
1152 6 33
1153 6 34
1154 6 33
1155 6 33
1156 6 33
1157 6 33
1158 6 33
1159 6 33
1160 6 33
1161 6 33
1162 6 33
1163 6 33
1164 6 33
1165 6 33
1166 6 33
1167 6 33
1168 6 33
1169 6 33
1170 6 33
1171 6 33
1172 6 33
1173 6 34
1174 6 33
1175 6 33
1176 6 33
1177 6 33
1178 6 33
1179 6 33
1180 6 34
1181 6 34
1182 6 34
1183 6 34
1184 6 33
1185 6 33
1186 6 33
1187 6 33
1188 6 33
1189 6 33
1190 6 34
1191 6 34
1192 6 34
1193 6 35
1194 6 35
1195 6 35
1196 6 35
1197 6 35
1198 6 35
1199 6 35
1200 6 35
1201 6 35
1202 6 35
1203 6 34
1204 6 34
1205 6 34
1206 6 34
1207 6 34
1208 6 35
1209 6 35
1210 6 35
1211 6 35
1212 6 35
1213 7 35
1214 7 35
1215 7 36
1216 7 36
1217 7 36
1218 7 36
1219 7 36
1220 7 36
1221 7 36
1222 7 36
1223 7 36
1224 7 36
1225 7 36
1226 7 37
1227 7 37
1228 7 37
1229 7 37
1230 7 37
1231 7 37
1232 7 37
1233 7 37
1234 7 37
1235 7 37
1236 7 37
1237 7 37
1238 7 37
1239 7 37
1240 7 37
1241 7 37
1242 7 38
1243 7 38
1244 7 38
1245 7 38
1246 7 38
1247 7 39
1248 7 39
1249 7 40
1250 7 40
1251 7 40
1252 7 39
1253 7 39
1254 7 39
1255 7 39
1256 7 39
1257 7 39
1258 7 39
1259 7 39
1260 7 39
1261 7 39
1262 7 39
1263 8 39
1264 8 39
1265 8 39
1266 8 39
1267 8 39
1268 8 39
1269 8 39
1270 8 39
1271 8 39
1272 8 39
1273 8 39
1274 8 39
1275 8 39
1276 8 39
1277 8 39
1278 8 39
1279 8 39
1280 8 39
1281 8 39
1282 8 39
1283 8 39
1284 8 39
1285 8 39
1286 8 39
1287 8 39
1288 8 39
1289 8 39
1290 8 39
1291 8 40
1292 8 39
1293 8 39
1294 8 39
1295 8 39
1296 8 39
1297 8 39
1298 8 39
1299 8 39
1300 8 39
1301 8 40
1302 8 40
1303 8 40
1304 8 40
1305 8 40
1306 8 40
1307 8 40
1308 8 40
1309 8 40
1310 8 40
1311 8 40
1312 8 40
1313 8 40
1314 8 40
1315 8 40
1316 8 40
1317 8 40
1318 8 40
1319 8 40
1320 8 40
1321 8 41
1322 8 41
1323 8 41
1324 8 41
1325 8 41
1326 9 41
1327 9 41
1328 9 42
1329 9 42
1330 9 42
1331 9 41
1332 9 41
1333 9 42
1334 9 42
1335 9 42
1336 9 42
1337 9 42
1338 9 42
1339 9 43
1340 9 43
1341 9 43
1342 9 43
1343 9 43
1344 9 43
1345 9 43
1346 9 43
1347 9 43
1348 9 43
1349 9 43
1350 10 43
1351 10 44
1352 10 44
1353 10 44
1354 10 45
1355 10 45
1356 10 45
1357 10 45
1358 10 45
1359 10 45
1360 10 45
1361 10 45
1362 10 45
1363 10 45
1364 10 45
1365 10 45
1366 10 45
1367 10 45
1368 10 45
1369 10 45
1370 10 45
1371 10 45
1372 10 45
1373 10 45
1374 10 45
1375 10 45
1376 10 45
1377 10 45
1378 10 45
1379 10 45
1380 10 45
1381 10 45
1382 10 45
1383 10 45
1384 10 45
1385 10 46
1386 11 46
1387 11 46
1388 11 46
1389 11 46
1390 11 46
1391 11 46
1392 11 46
1393 11 46
1394 11 46
1395 11 46
1396 11 47
1397 11 47
1398 11 47
1399 11 47
1400 11 47
1401 11 47
1402 11 47
1403 11 47
1404 11 48
1405 11 48
1406 11 48
1407 11 48
1408 11 48
1409 11 48
1410 11 48
1411 11 48
1412 11 48
1413 11 48
1414 11 49
1415 11 49
1416 11 49
1417 11 49
1418 11 49
1419 11 49
1420 11 49
1421 12 50
1422 12 50
1423 12 50
1424 12 50
1425 12 50
1426 12 50
1427 12 50
1428 12 50
1429 12 50
1430 12 50
1431 12 50
1432 12 50
1433 12 50
1434 12 50
1435 12 50
1436 12 50
1437 12 50
1438 12 50
1439 12 50
1440 12 50
1441 12 50
1442 12 50
1443 13 50
1444 13 50
1445 13 50
1446 13 50
1447 13 50
1448 13 50
1449 13 51
1450 13 51
1451 13 51
1452 13 50
1453 13 50
1454 13 50
1455 13 51
1456 13 51
1457 13 51
1458 13 51
1459 13 51
1460 13 51
1461 13 51
1462 13 52
1463 13 52
1464 13 52
1465 13 52
1466 13 52
1467 13 52
1468 13 52
1469 13 52
1470 13 52
1471 13 53
1472 13 53
1473 13 53
1474 13 53
1475 14 53
1476 14 53
1477 14 53
1478 14 53
1479 14 54
1480 14 54
1481 14 54
1482 14 54
1483 14 54
1484 14 54
1485 14 54
1486 14 54
1487 14 54
1488 14 54
1489 14 54
1490 14 55
1491 14 55
1492 14 55
1493 15 55
1494 15 55
1495 15 55
1496 15 55
1497 15 55
1498 15 55
1499 15 55
1500 15 55
1501 15 55
1502 15 55
1503 15 55
1504 15 55
1505 15 55
1506 15 55
1507 15 56
1508 15 56
1509 15 56
1510 15 56
1511 15 56
1512 15 56
1513 15 56
1514 15 56
1515 15 56
1516 15 56
1517 15 56
1518 15 56
1519 16 56
1520 16 56
1521 16 56
1522 16 56
1523 16 56
1524 16 56
1525 16 56
1526 16 56
1527 16 55
1528 16 55
1529 16 55
1530 16 55
1531 16 55
1532 17 56
1533 17 55
1534 17 56
1535 17 56
1536 17 55
1537 17 56
1538 17 56
1539 17 55
1540 17 55
1541 17 55
1542 17 56
1543 17 55
1544 17 56
1545 17 56
1546 17 56
1547 17 56
1548 17 56
1549 17 56
1550 18 56
1551 18 56
1552 18 55
1553 18 55
1554 18 56
1555 18 56
1556 18 56
1557 18 56
1558 18 56
1559 18 56
1560 18 56
1561 18 56
1562 18 56
1563 18 56
1564 19 56
1565 19 57
1566 19 57
1567 19 56
1568 19 57
1569 19 57
1570 19 56
1571 19 56
1572 19 57
1573 19 57
1574 19 57
1575 19 57
1576 19 57
1577 19 57
1578 19 57
1579 20 57
1580 20 57
1581 20 57
1582 20 57
1583 20 57
1584 20 57
1585 20 57
1586 20 57
1587 20 57
1588 21 57
1589 21 57
1590 21 57
1591 21 57
1592 22 57
1593 22 57
1594 22 57
1595 22 57
1596 22 57
1597 22 57
1598 22 57
1599 22 57
1600 22 58
1601 22 58
1602 22 58
1603 22 58
1604 22 58
1605 23 58
1606 23 58
1607 23 58
1608 23 58
1609 23 58
1610 24 58
1611 24 58
1612 24 58
1613 24 58
1614 24 58
1615 25 58
1616 25 59
1617 25 59
1618 25 59
1619 25 59
1620 25 59
1621 25 59
1622 25 59
1623 25 59
1624 25 59
1625 26 59
1626 26 59
1627 26 59
1628 26 59
1629 26 59
1630 26 59
1631 27 59
1632 27 59
1633 27 59
1634 27 60
1635 27 60
1636 27 60
1637 27 60
1638 27 60
1639 27 60
1640 27 60
1641 27 60
1642 28 60
1643 28 60
1644 29 60
1645 30 60
1646 30 60
1647 30 60
1648 30 60
1649 30 60
1650 31 60
1651 31 60
1652 31 60
1653 32 60
1654 33 60
1655 33 61
1656 33 61
1657 34 61
1658 34 61
1659 37 61
1660 37 61
1661 38 61
1662 38 61
1663 38 61
1664 39 61
1665 40 61
1666 40 62
1667 43 62
1668 44 62
1669 44 62
1670 44 62
1671 44 62
1672 45 62
1673 45 62
1674 45 62
1675 45 62
1676 46 62
1677 46 62
1678 46 62
1679 48 62
1680 48 62
1681 49 62
1682 50 62
1683 51 62
1684 52 63
1685 53 63
1686 53 63
1687 59 63
1688 64 63
1689 93 63
1690 93 63
1691 100 63
