0 0 0
1 0 0
2 0 0
3 0 0
4 0 0
5 0 0
6 0 0
7 0 0
8 0 0
9 0 0
10 0 0
11 0 0
12 0 0
13 0 0
14 0 0
15 0 0
16 0 0
17 0 0
18 0 0
19 0 0
20 0 0
21 0 0
22 0 0
23 0 0
24 0 0
25 0 0
26 0 0
27 0 0
28 0 0
29 0 0
30 0 0
31 0 0
32 0 0
33 0 0
34 0 0
35 0 0
36 0 0
37 0 0
38 0 0
39 0 0
40 0 0
41 0 0
42 0 0
43 0 0
44 0 0
45 0 0
46 0 0
47 0 0
48 0 0
49 0 0
50 0 0
51 0 0
52 0 0
53 0 0
54 0 0
55 0 0
56 0 0
57 0 0
58 0 0
59 0 0
60 0 0
61 0 0
62 0 0
63 0 0
64 0 0
65 0 0
66 0 0
67 0 0
68 0 0
69 0 0
70 0 0
71 0 0
72 0 0
73 0 0
74 0 0
75 0 0
76 0 0
77 0 0
78 0 0
79 0 0
80 0 0
81 0 0
82 0 0
83 0 0
84 0 0
85 0 0
86 0 0
87 0 0
88 0 0
89 0 0
90 0 0
91 0 0
92 0 0
93 0 0
94 0 0
95 0 0
96 0 0
97 0 0
98 0 0
99 0 0
100 0 0
101 0 0
102 0 0
103 0 0
104 0 0
105 0 0
106 0 0
107 0 0
108 0 0
109 0 0
110 0 0
111 0 0
112 0 0
113 0 0
114 0 0
115 0 0
116 0 0
117 0 0
118 0 0
119 0 0
120 0 0
121 0 0
122 0 0
123 0 0
124 0 0
125 0 0
126 0 0
127 0 0
128 0 0
129 0 0
130 0 0
131 0 0
132 0 0
133 0 0
134 0 0
135 0 0
136 0 0
137 0 0
138 0 0
139 0 0
140 0 0
141 0 0
142 0 0
143 0 0
144 0 0
145 0 0
146 0 0
147 0 0
148 0 0
149 0 0
150 0 0
151 0 0
152 0 0
153 0 0
154 0 0
155 0 0
156 0 0
157 0 0
158 0 0
159 0 0
160 0 0
161 0 0
162 0 0
163 0 0
164 0 0
165 0 0
166 0 0
167 0 0
168 0 0
169 0 0
170 0 0
171 0 0
172 0 0
173 0 0
174 0 0
175 0 0
176 0 0
177 0 0
178 0 0
179 0 0
180 0 0
181 0 0
182 0 0
183 0 0
184 0 0
185 0 0
186 0 0
187 0 0
188 0 0
189 0 0
190 0 0
191 0 0
192 0 0
193 0 0
194 0 0
195 0 0
196 0 0
197 0 0
198 0 0
199 0 0
200 0 0
201 0 0
202 0 0
203 0 0
204 0 0
205 0 0
206 0 0
207 0 0
208 0 0
209 0 0
210 0 0
211 0 0
212 0 0
213 0 0
214 0 0
215 0 0
216 0 0
217 0 0
218 0 0
219 0 0
220 0 0
221 0 0
222 0 0
223 0 0
224 0 0
225 0 0
226 0 0
227 0 0
228 0 0
229 0 0
230 0 0
231 0 0
232 0 0
233 0 0
234 0 0
235 0 0
236 0 0
237 0 0
238 0 0
239 0 0
240 0 0
241 0 0
242 0 0
243 0 0
244 0 0
245 0 0
246 0 0
247 0 0
248 0 0
249 0 0
250 0 0
251 0 0
252 0 0
253 0 0
254 0 0
255 0 0
256 0 0
257 0 0
258 0 0
259 0 0
260 0 0
261 0 0
262 0 0
263 0 0
264 0 0
265 0 0
266 0 0
267 0 0
268 0 0
269 0 0
270 0 0
271 0 0
272 0 0
273 0 0
274 0 0
275 0 0
276 0 0
277 0 0
278 0 0
279 0 0
280 0 0
281 0 0
282 0 0
283 0 0
284 0 0
285 0 0
286 0 0
287 0 0
288 0 0
289 0 0
290 0 0
291 0 0
292 0 0
293 0 0
294 0 0
295 0 0
296 0 0
297 0 0
298 0 0
299 0 0
300 0 0
301 0 0
302 0 0
303 0 0
304 0 0
305 0 0
306 0 0
307 0 0
308 0 0
309 0 0
310 0 0
311 0 0
312 0 0
313 0 0
314 0 0
315 0 0
316 0 0
317 0 0
318 0 0
319 0 0
320 0 0
321 0 0
322 0 0
323 0 0
324 0 0
325 0 0
326 0 0
327 0 0
328 0 0
329 0 0
330 0 0
331 0 0
332 0 0
333 0 0
334 0 0
335 0 0
336 0 0
337 0 0
338 0 0
339 0 0
340 0 0
341 0 0
342 0 0
343 0 0
344 0 0
345 0 0
346 0 0
347 0 0
348 0 0
349 0 0
350 0 0
351 0 0
352 0 0
353 0 0
354 0 0
355 0 0
356 0 0
357 0 0
358 0 0
359 0 0
360 0 0
361 0 0
362 0 0
363 0 0
364 1 0
365 1 0
366 1 0
367 1 0
368 1 0
369 1 0
370 1 0
371 1 0
372 1 0
373 1 0
374 1 0
375 1 0
376 1 0
377 1 0
378 1 0
379 1 0
380 1 0
381 1 0
382 1 0
383 1 0
384 1 0
385 1 0
386 1 0
387 1 0
388 1 0
389 1 0
390 1 0
391 1 0
392 1 0
393 1 0
394 1 0
395 1 0
396 1 0
397 1 0
398 1 0
399 1 0
400 1 0
401 1 0
402 1 0
403 1 0
404 1 0
405 1 0
406 1 0
407 1 0
408 1 0
409 1 0
410 1 0
411 1 0
412 1 0
413 1 0
414 1 0
415 1 0
416 1 0
417 1 0
418 1 0
419 1 0
420 1 0
421 1 0
422 1 0
423 1 0
424 1 0
425 1 0
426 1 0
427 1 0
428 1 0
429 1 0
430 1 0
431 1 0
432 1 0
433 1 0
434 1 0
435 1 0
436 1 0
437 1 0
438 1 0
439 1 0
440 1 0
441 1 0
442 1 0
443 1 0
444 1 0
445 1 0
446 1 0
447 1 0
448 1 0
449 1 0
450 1 0
451 1 0
452 1 0
453 1 0
454 1 0
455 1 0
456 1 0
457 1 0
458 1 0
459 1 0
460 1 0
461 1 0
462 1 0
463 1 0
464 1 0
465 1 0
466 1 0
467 1 0
468 1 0
469 1 0
470 1 0
471 1 0
472 1 0
473 1 0
474 1 0
475 1 0
476 1 0
477 1 0
478 1 0
479 1 0
480 1 0
481 1 0
482 1 0
483 1 0
484 1 0
485 1 0
486 1 0
487 1 0
488 1 0
489 1 0
490 1 0
491 1 0
492 1 0
493 1 0
494 1 0
495 1 0
496 1 0
497 1 0
498 1 0
499 1 0
500 1 0
501 1 0
502 1 0
503 1 0
504 1 0
505 1 0
506 1 0
507 1 0
508 1 0
509 1 0
510 1 0
511 1 0
512 1 0
513 1 0
514 1 0
515 1 0
516 1 0
517 1 0
518 1 0
519 1 0
520 1 0
521 1 0
522 1 0
523 1 0
524 1 0
525 1 0
526 1 0
527 1 0
528 1 0
529 1 0
530 1 0
531 1 0
532 1 0
533 1 0
534 1 0
535 1 0
536 1 0
537 1 0
538 1 0
539 1 0
540 1 3
541 1 3
542 1 3
543 1 3
544 1 3
545 1 3
546 1 3
547 1 3
548 1 3
549 1 3
550 1 6
551 1 6
552 1 6
553 1 6
554 1 6
555 1 6
556 1 6
557 1 6
558 1 6
559 1 6
560 1 6
561 1 6
562 1 6
563 1 6
564 1 6
565 1 6
566 1 6
567 1 6
568 1 6
569 1 6
570 1 6
571 1 6
572 1 6
573 1 6
574 1 6
575 1 6
576 1 6
577 1 6
578 1 6
579 1 6
580 1 6
581 1 6
582 1 6
583 2 6
584 2 6
585 2 6
586 2 6
587 2 5
588 2 5
589 2 5
590 2 5
591 2 5
592 2 5
593 2 5
594 2 5
595 2 5
596 2 5
597 2 5
598 2 5
599 2 5
600 2 5
601 2 5
602 2 5
603 2 5
604 2 5
605 2 5
606 2 5
607 2 5
608 2 5
609 2 5
610 2 5
611 2 5
612 2 5
613 2 5
614 2 5
615 2 5
616 2 5
617 2 5
618 2 5
619 2 5
620 2 5
621 2 5
622 2 5
623 2 5
624 2 5
625 2 5
626 2 5
627 2 5
628 2 5
629 2 5
630 2 5
631 2 5
632 2 5
633 2 5
634 2 5
635 2 5
636 2 5
637 2 5
638 2 5
639 2 5
640 2 5
641 2 5
642 2 5
643 2 5
644 2 5
645 2 5
646 2 5
647 2 5
648 2 5
649 2 5
650 2 5
651 2 5
652 2 5
653 2 5
654 2 7
655 2 7
656 2 7
657 2 7
658 2 7
659 2 7
660 2 7
661 2 7
662 2 7
663 2 7
664 2 7
665 2 7
666 2 7
667 2 7
668 2 7
669 2 7
670 2 7
671 2 7
672 2 7
673 2 7
674 2 7
675 2 7
676 2 7
677 2 7
678 2 7
679 2 7
680 2 7
681 2 7
682 2 7
683 2 7
684 2 7
685 2 7
686 2 7
687 2 7
688 2 7
689 2 7
690 2 7
691 2 7
692 2 7
693 2 7
694 2 6
695 2 6
696 2 6
697 2 6
698 2 6
699 2 6
700 2 6
701 2 6
702 2 6
703 2 6
704 2 6
705 2 6
706 2 6
707 2 6
708 2 6
709 2 6
710 2 6
711 2 6
712 2 6
713 2 6
714 2 6
715 2 6
716 2 6
717 2 6
718 2 6
719 2 6
720 2 6
721 2 6
722 2 6
723 2 6
724 2 6
725 2 6
726 2 6
727 2 6
728 2 6
729 2 6
730 2 6
731 2 6
732 2 6
733 2 6
734 2 6
735 2 6
736 2 6
737 2 6
738 2 6
739 2 8
740 2 8
741 2 8
742 2 8
743 2 8
744 2 8
745 2 8
746 2 8
747 2 8
748 2 8
749 2 8
750 2 8
751 2 7
752 2 7
753 2 7
754 2 7
755 2 7
756 2 7
757 2 7
758 2 7
759 2 7
760 2 7
761 2 7
762 2 7
763 2 7
764 2 7
765 2 7
766 2 7
767 2 7
768 2 7
769 2 7
770 2 7
771 2 7
772 2 7
773 2 7
774 2 7
775 2 7
776 2 7
777 2 7
778 2 7
779 3 7
780 3 7
781 3 7
782 3 7
783 3 7
784 3 7
785 3 7
786 3 7
787 3 7
788 3 9
789 3 9
790 3 9
791 3 9
792 3 9
793 3 9
794 3 9
795 3 9
796 3 9
797 3 9
798 3 9
799 3 9
800 3 9
801 3 9
802 3 9
803 3 10
804 3 10
805 3 10
806 3 10
807 3 10
808 3 10
809 3 10
810 3 10
811 3 10
812 3 10
813 3 10
814 3 10
815 3 10
816 3 10
817 3 10
818 3 10
819 3 10
820 3 10
821 3 10
822 3 10
823 3 10
824 3 10
825 3 10
826 3 10
827 3 10
828 3 10
829 3 12
830 3 12
831 3 12
832 3 12
833 3 12
834 3 12
835 3 12
836 3 12
837 3 12
838 3 12
839 3 12
840 3 12
841 3 12
842 3 12
843 3 12
844 3 12
845 3 12
846 3 12
847 3 14
848 3 14
849 3 14
850 3 14
851 3 14
852 3 14
853 3 14
854 3 14
855 3 14
856 3 14
857 3 14
858 3 13
859 3 13
860 3 13
861 3 13
862 3 13
863 3 13
864 3 13
865 3 13
866 3 13
867 3 13
868 3 13
869 3 13
870 3 13
871 3 14
872 3 14
873 3 14
874 3 14
875 3 14
876 3 14
877 3 14
878 3 14
879 3 14
880 3 14
881 3 14
882 3 14
883 3 14
884 3 14
885 3 14
886 3 14
887 3 14
888 3 14
889 3 14
890 3 14
891 3 14
892 3 14
893 3 14
894 3 14
895 3 14
896 3 14
897 3 14
898 3 14
899 3 14
900 3 14
901 3 14
902 3 14
903 3 14
904 3 14
905 3 14
906 3 14
907 3 14
908 3 14
909 3 14
910 3 14
911 3 15
912 3 15
913 3 15
914 3 15
915 3 15
916 3 17
917 3 17
918 3 17
919 3 18
920 3 18
921 3 18
922 3 18
923 3 18
924 3 18
925 3 18
926 3 18
927 3 18
928 3 18
929 3 17
930 3 17
931 3 17
932 3 17
933 3 17
934 3 17
935 3 17
936 3 17
937 3 17
938 3 17
939 3 17
940 3 17
941 3 17
942 3 17
943 3 17
944 3 17
945 3 17
946 3 17
947 3 17
948 3 17
949 3 17
950 3 17
951 3 17
952 4 17
953 4 17
954 4 17
955 4 17
956 4 17
957 4 17
958 4 16
959 4 16
960 4 16
961 4 16
962 4 16
963 4 16
964 4 16
965 4 16
966 4 16
967 4 16
968 4 16
969 4 16
970 4 16
971 4 16
972 4 16
973 4 16
974 4 16
975 4 16
976 4 16
977 4 16
978 4 16
979 4 16
980 4 16
981 4 16
982 4 16
983 4 17
984 4 17
985 4 18
986 4 19
987 4 19
988 4 19
989 4 19
990 4 19
991 4 19
992 4 19
993 4 20
994 4 20
995 4 20
996 4 20
997 4 20
998 4 20
999 4 20
1000 4 20
1001 4 20
1002 4 20
1003 4 20
1004 4 20
1005 4 20
1006 4 20
1007 4 20
1008 4 20
1009 4 20
1010 4 20
1011 4 20
1012 4 20
1013 4 20
1014 4 20
1015 4 20
1016 4 20
1017 4 20
1018 4 20
1019 4 20
1020 4 21
1021 4 21
1022 4 21
1023 4 21
1024 4 22
1025 4 23
1026 4 23
1027 4 24
1028 4 24
1029 4 24
1030 4 23
1031 4 23
1032 4 24
1033 4 24
1034 4 24
1035 4 24
1036 4 25
1037 4 25
1038 4 25
1039 4 25
1040 4 25
1041 4 25
1042 4 25
1043 4 26
1044 4 27
1045 4 27
1046 4 27
1047 4 27
1048 4 27
1049 4 27
1050 4 26
1051 4 26
1052 4 26
1053 4 26
1054 4 26
1055 4 26
1056 4 27
1057 4 27
1058 4 27
1059 4 27
1060 4 27
1061 4 26
1062 5 26
1063 5 26
1064 5 26
1065 5 26
1066 5 27
1067 5 28
1068 5 28
1069 5 28
1070 5 27
1071 5 27
1072 5 28
1073 5 28
1074 5 28
1075 5 28
1076 5 28
1077 5 28
1078 5 28
1079 5 28
1080 5 28
1081 5 28
1082 5 28
1083 5 28
1084 5 28
1085 5 28
1086 5 28
1087 5 28
1088 5 28
1089 5 28
1090 5 28
1091 5 28
1092 5 28
1093 5 29
1094 5 29
1095 5 30
1096 5 30
1097 5 30
1098 5 30
1099 5 30
1100 5 30
1101 5 30
1102 5 30
1103 5 30
1104 5 30
1105 5 30
1106 5 30
1107 5 30
1108 5 30
1109 5 30
1110 5 31
1111 5 32
1112 5 32
1113 5 32
1114 5 32
1115 5 32
1116 5 32
1117 5 32
1118 5 32
1119 5 32
1120 5 32
1121 5 32
1122 5 32
1123 5 32
1124 5 32
1125 5 32
1126 5 32
1127 5 32
1128 5 32
1129 5 32
1130 5 32
1131 5 32
1132 5 32
1133 5 32
1134 5 32
1135 5 32
1136 5 32
1137 6 33
1138 6 33
1139 6 33
1140 6 33
1141 6 33
1142 6 33
1143 6 33
1144 6 33
1145 6 33
1146 6 33
1147 6 34
1148 6 34
1149 6 34
1150 6 34
1151 6 34
1152 6 34
1153 6 35
1154 6 35
1155 6 36
1156 6 36
1157 6 36
1158 6 36
1159 6 36
1160 6 36
1161 6 36
1162 6 36
1163 6 36
1164 6 36
1165 6 36
1166 6 36
1167 6 36
1168 6 36
1169 6 36
1170 6 36
1171 6 36
1172 6 36
1173 6 35
1174 6 36
1175 6 36
1176 6 36
1177 6 36
1178 6 36
1179 6 36
1180 6 36
1181 6 36
1182 6 36
1183 6 36
1184 6 37
1185 6 37
1186 6 37
1187 6 37
1188 6 37
1189 6 37
1190 6 37
1191 6 38
1192 6 37
1193 6 38
1194 6 38
1195 6 38
1196 6 38
1197 6 38
1198 6 38
1199 6 38
1200 6 38
1201 6 38
1202 6 38
1203 6 38
1204 6 38
1205 6 38
1206 6 38
1207 6 38
1208 6 38
1209 6 38
1210 6 38
1211 6 38
1212 6 38
1213 7 39
1214 7 39
1215 7 38
1216 7 38
1217 7 38
1218 7 38
1219 7 38
1220 7 38
1221 7 38
1222 7 38
1223 7 38
1224 7 39
1225 7 39
1226 7 38
1227 7 38
1228 7 38
1229 7 38
1230 7 38
1231 7 38
1232 7 39
1233 7 39
1234 7 39
1235 7 39
1236 7 40
1237 7 40
1238 7 40
1239 7 40
1240 7 40
1241 7 40
1242 7 40
1243 7 40
1244 7 40
1245 7 40
1246 7 40
1247 7 41
1248 7 41
1249 7 41
1250 7 41
1251 7 41
1252 7 41
1253 7 41
1254 7 41
1255 7 41
1256 7 41
1257 7 41
1258 7 41
1259 7 41
1260 7 41
1261 7 41
1262 7 41
1263 8 41
1264 8 41
1265 8 41
1266 8 41
1267 8 41
1268 8 41
1269 8 41
1270 8 41
1271 8 41
1272 8 41
1273 8 41
1274 8 41
1275 8 41
1276 8 41
1277 8 41
1278 8 41
1279 8 41
1280 8 41
1281 8 41
1282 8 41
1283 8 41
1284 8 41
1285 8 41
1286 8 41
1287 8 41
1288 8 41
1289 8 41
1290 8 41
1291 8 42
1292 8 41
1293 8 41
1294 8 41
1295 8 42
1296 8 42
1297 8 42
1298 8 41
1299 8 41
1300 8 41
1301 8 41
1302 8 41
1303 8 41
1304 8 41
1305 8 41
1306 8 41
1307 8 41
1308 8 41
1309 8 41
1310 8 41
1311 8 41
1312 8 41
1313 8 42
1314 8 42
1315 8 42
1316 8 42
1317 8 42
1318 8 42
1319 8 42
1320 8 42
1321 8 42
1322 8 42
1323 8 43
1324 8 43
1325 8 43
1326 9 43
1327 9 43
1328 9 43
1329 9 43
1330 9 43
1331 9 43
1332 9 43
1333 9 44
1334 9 44
1335 9 44
1336 9 44
1337 9 44
1338 9 44
1339 9 44
1340 9 44
1341 9 44
1342 9 44
1343 9 44
1344 9 44
1345 9 44
1346 9 45
1347 9 45
1348 9 45
1349 9 45
1350 10 45
1351 10 45
1352 10 45
1353 10 46
1354 10 46
1355 10 46
1356 10 46
1357 10 46
1358 10 46
1359 10 46
1360 10 46
1361 10 46
1362 10 46
1363 10 45
1364 10 45
1365 10 45
1366 10 45
1367 10 45
1368 10 46
1369 10 46
1370 10 46
1371 10 46
1372 10 46
1373 10 46
1374 10 46
1375 10 46
1376 10 46
1377 10 46
1378 10 46
1379 10 46
1380 10 46
1381 10 46
1382 10 46
1383 10 47
1384 10 47
1385 10 47
1386 11 48
1387 11 47
1388 11 47
1389 11 48
1390 11 48
1391 11 48
1392 11 48
1393 11 48
1394 11 48
1395 11 48
1396 11 48
1397 11 48
1398 11 48
1399 11 48
1400 11 49
1401 11 49
1402 11 49
1403 11 49
1404 11 49
1405 11 50
1406 11 50
1407 11 50
1408 11 50
1409 11 50
1410 11 50
1411 11 51
1412 11 51
1413 11 51
1414 11 51
1415 11 51
1416 11 51
1417 11 51
1418 11 51
1419 11 51
1420 11 51
1421 12 51
1422 12 51
1423 12 51
1424 12 51
1425 12 51
1426 12 52
1427 12 52
1428 12 52
1429 12 52
1430 12 52
1431 12 52
1432 12 52
1433 12 52
1434 12 52
1435 12 52
1436 12 52
1437 12 52
1438 12 52
1439 12 52
1440 12 52
1441 12 52
1442 12 52
1443 13 52
1444 13 52
1445 13 52
1446 13 52
1447 13 52
1448 13 52
1449 13 52
1450 13 52
1451 13 52
1452 13 52
1453 13 52
1454 13 52
1455 13 53
1456 13 52
1457 13 52
1458 13 52
1459 13 52
1460 13 52
1461 13 52
1462 13 52
1463 13 52
1464 13 52
1465 13 52
1466 13 52
1467 13 52
1468 13 52
1469 13 52
1470 13 52
1471 13 52
1472 13 52
1473 13 52
1474 13 52
1475 14 52
1476 14 52
1477 14 52
1478 14 53
1479 14 53
1480 14 53
1481 14 53
1482 14 53
1483 14 53
1484 14 54
1485 14 54
1486 14 54
1487 14 54
1488 14 54
1489 14 54
1490 14 54
1491 14 54
1492 14 54
1493 15 55
1494 15 55
1495 15 55
1496 15 54
1497 15 54
1498 15 54
1499 15 54
1500 15 54
1501 15 54
1502 15 54
1503 15 54
1504 15 54
1505 15 54
1506 15 54
1507 15 54
1508 15 54
1509 15 54
1510 15 54
1511 15 54
1512 15 54
1513 15 54
1514 15 54
1515 15 54
1516 15 54
1517 15 54
1518 15 54
1519 16 54
1520 16 54
1521 16 54
1522 16 54
1523 16 54
1524 16 54
1525 16 54
1526 16 54
1527 16 54
1528 16 54
1529 16 54
1530 16 54
1531 16 54
1532 17 54
1533 17 54
1534 17 54
1535 17 55
1536 17 55
1537 17 55
1538 17 55
1539 17 55
1540 17 55
1541 17 55
1542 17 55
1543 17 55
1544 17 56
1545 17 56
1546 17 56
1547 17 56
1548 17 56
1549 17 56
1550 18 56
1551 18 56
1552 18 56
1553 18 56
1554 18 56
1555 18 56
1556 18 57
1557 18 57
1558 18 57
1559 18 57
1560 18 57
1561 18 57
1562 18 57
1563 18 57
1564 19 57
1565 19 57
1566 19 57
1567 19 57
1568 19 58
1569 19 58
1570 19 58
1571 19 58
1572 19 58
1573 19 58
1574 19 58
1575 19 59
1576 19 59
1577 19 59
1578 19 59
1579 20 59
1580 20 59
1581 20 59
1582 20 59
1583 20 59
1584 20 59
1585 20 59
1586 20 60
1587 20 60
1588 21 60
1589 21 60
1590 21 60
1591 21 60
1592 22 60
1593 22 60
1594 22 60
1595 22 60
1596 22 60
1597 22 60
1598 22 60
1599 22 60
1600 22 60
1601 22 60
1602 22 60
1603 22 60
1604 22 60
1605 23 60
1606 23 60
1607 23 60
1608 23 60
1609 23 60
1610 24 60
1611 24 60
1612 24 61
1613 24 61
1614 24 61
1615 25 61
1616 25 61
1617 25 61
1618 25 61
1619 25 61
1620 25 61
1621 25 61
1622 25 61
1623 25 61
1624 25 61
1625 26 61
1626 26 61
1627 26 61
1628 26 61
1629 26 61
1630 26 61
1631 27 61
1632 27 61
1633 27 61
1634 27 61
1635 27 61
1636 27 61
1637 27 61
1638 27 61
1639 27 61
1640 27 61
1641 27 61
1642 28 61
1643 28 61
1644 29 61
1645 30 61
1646 30 61
1647 30 61
1648 30 61
1649 30 61
1650 31 62
1651 31 62
1652 31 61
1653 32 61
1654 33 61
1655 33 61
1656 33 61
1657 34 61
1658 34 62
1659 37 62
1660 37 61
1661 38 61
1662 38 61
1663 38 61
1664 39 61
1665 40 61
1666 40 62
1667 43 62
1668 44 62
1669 44 62
1670 44 62
1671 44 62
1672 45 62
1673 45 62
1674 45 62
1675 45 62
1676 46 62
1677 46 62
1678 46 62
1679 48 62
1680 48 62
1681 49 62
1682 50 62
1683 51 62
1684 52 62
1685 53 62
1686 53 62
1687 59 62
1688 64 62
1689 93 62
1690 93 62
1691 100 62
