0 0 0
1 0 0
2 0 0
3 0 0
4 0 0
5 0 0
6 0 0
7 0 0
8 0 0
9 0 0
10 0 0
11 0 0
12 0 0
13 0 0
14 0 0
15 0 0
16 0 0
17 0 0
18 0 0
19 0 0
20 0 0
21 0 0
22 0 0
23 0 0
24 0 0
25 0 0
26 0 0
27 0 0
28 0 0
29 0 0
30 0 0
31 0 0
32 0 0
33 0 0
34 0 0
35 0 0
36 0 0
37 0 0
38 0 0
39 0 0
40 0 0
41 0 0
42 0 0
43 0 0
44 0 0
45 0 0
46 0 0
47 0 0
48 0 0
49 0 0
50 0 0
51 0 0
52 0 0
53 0 0
54 0 0
55 0 0
56 0 0
57 0 0
58 0 0
59 0 0
60 0 0
61 0 0
62 0 0
63 0 0
64 0 0
65 0 0
66 0 0
67 0 0
68 0 0
69 0 0
70 0 0
71 0 0
72 0 0
73 0 0
74 0 0
75 0 0
76 0 0
77 0 0
78 0 0
79 0 0
80 0 0
81 0 0
82 0 0
83 0 0
84 0 0
85 0 0
86 0 0
87 0 0
88 0 0
89 0 0
90 0 0
91 0 0
92 0 0
93 0 0
94 0 0
95 0 0
96 0 0
97 0 0
98 0 0
99 0 0
100 0 0
101 0 0
102 0 0
103 0 0
104 0 0
105 0 0
106 0 0
107 0 0
108 0 0
109 0 0
110 0 0
111 0 0
112 0 0
113 0 0
114 0 0
115 0 0
116 0 0
117 0 0
118 0 0
119 0 0
120 0 0
121 0 0
122 0 0
123 0 0
124 0 0
125 0 0
126 0 0
127 0 0
128 0 0
129 0 0
130 0 0
131 0 0
132 0 0
133 0 0
134 0 0
135 0 0
136 0 0
137 0 0
138 0 0
139 0 0
140 0 0
141 0 0
142 0 0
143 0 0
144 0 0
145 0 0
146 0 0
147 0 0
148 0 0
149 0 0
150 0 0
151 0 0
152 0 0
153 0 0
154 0 0
155 0 0
156 0 0
157 0 0
158 0 0
159 0 0
160 0 0
161 0 0
162 0 0
163 0 0
164 0 0
165 0 0
166 0 0
167 0 0
168 0 0
169 0 0
170 0 0
171 0 0
172 0 25
173 0 25
174 0 25
175 0 25
176 0 25
177 0 25
178 0 25
179 0 25
180 0 25
181 0 25
182 0 25
183 0 25
184 0 25
185 0 25
186 0 25
187 0 25
188 0 25
189 0 25
190 0 25
191 0 25
192 0 20
193 0 20
194 0 20
195 0 20
196 0 20
197 0 20
198 0 20
199 0 20
200 0 20
201 0 20
202 0 20
203 0 20
204 0 20
205 0 20
206 0 20
207 0 20
208 0 20
209 0 20
210 0 20
211 0 20
212 0 20
213 0 20
214 0 20
215 0 20
216 0 20
217 0 20
218 0 20
219 0 20
220 0 20
221 0 33
222 0 33
223 0 33
224 0 33
225 0 33
226 0 33
227 0 33
228 0 33
229 0 33
230 0 33
231 0 33
232 0 33
233 0 33
234 0 33
235 0 33
236 0 33
237 0 42
238 0 42
239 0 42
240 0 42
241 0 42
242 0 42
243 0 50
244 0 50
245 0 50
246 0 50
247 0 50
248 0 44
249 0 44
250 0 44
251 0 44
252 0 44
253 0 44
254 0 44
255 0 44
256 0 44
257 0 44
258 0 44
259 0 44
260 0 44
261 0 44
262 0 44
263 0 44
264 0 44
265 0 44
266 0 44
267 0 44
268 0 44
269 0 44
270 0 44
271 0 40
272 0 40
273 0 40
274 0 40
275 0 40
276 0 40
277 0 40
278 0 40
279 0 40
280 0 40
281 0 40
282 0 45
283 0 45
284 0 45
285 0 45
286 0 45
287 0 45
288 0 45
289 0 45
290 0 45
291 0 45
292 0 45
293 0 45
294 0 45
295 0 45
296 0 45
297 0 45
298 0 45
299 0 45
300 0 45
301 0 45
302 0 45
303 0 45
304 0 50
305 0 50
306 0 50
307 0 50
308 0 50
309 0 50
310 0 50
311 0 50
312 0 53
313 0 53
314 0 50
315 0 50
316 0 50
317 0 50
318 0 50
319 0 50
320 0 50
321 0 50
322 0 50
323 0 50
324 0 50
325 0 50
326 0 50
327 0 46
328 0 46
329 0 46
330 0 46
331 0 46
332 0 46
333 0 46
334 0 46
335 0 46
336 0 46
337 0 46
338 0 46
339 0 46
340 0 46
341 0 43
342 0 43
343 0 43
344 0 43
345 0 43
346 0 43
347 0 43
348 0 43
349 0 43
350 0 43
351 0 43
352 0 43
353 0 43
354 0 43
355 0 43
356 0 43
357 0 43
358 0 43
359 0 43
360 0 43
361 0 43
362 0 47
363 0 47
364 1 47
365 1 47
366 1 47
367 1 44
368 1 44
369 1 44
370 1 44
371 1 44
372 1 44
373 1 44
374 1 44
375 1 44
376 1 47
377 1 47
378 1 47
379 1 47
380 1 47
381 1 47
382 1 47
383 1 47
384 1 47
385 1 47
386 1 47
387 1 47
388 1 47
389 1 47
390 1 47
391 1 47
392 1 47
393 1 47
394 1 47
395 1 47
396 1 47
397 1 47
398 1 47
399 1 47
400 1 47
401 1 47
402 1 47
403 1 47
404 1 47
405 1 47
406 1 47
407 1 50
408 1 50
409 1 50
410 1 50
411 1 50
412 1 50
413 1 50
414 1 50
415 1 50
416 1 50
417 1 50
418 1 50
419 1 50
420 1 50
421 1 50
422 1 50
423 1 50
424 1 50
425 1 52
426 1 52
427 1 52
428 1 52
429 1 52
430 1 52
431 1 52
432 1 52
433 1 52
434 1 52
435 1 52
436 1 52
437 1 52
438 1 52
439 1 52
440 1 52
441 1 52
442 1 52
443 1 52
444 1 52
445 1 52
446 1 52
447 1 52
448 1 52
449 1 52
450 1 52
451 1 52
452 1 52
453 1 52
454 1 52
455 1 52
456 1 52
457 1 52
458 1 52
459 1 52
460 1 52
461 1 52
462 1 50
463 1 50
464 1 50
465 1 50
466 1 50
467 1 50
468 1 50
469 1 50
470 1 50
471 1 50
472 1 50
473 1 50
474 1 50
475 1 50
476 1 50
477 1 50
478 1 50
479 1 50
480 1 50
481 1 50
482 1 50
483 1 50
484 1 50
485 1 50
486 1 50
487 1 50
488 1 50
489 1 50
490 1 50
491 1 50
492 1 50
493 1 50
494 1 50
495 1 50
496 1 50
497 1 50
498 1 50
499 1 50
500 1 50
501 1 50
502 1 47
503 1 47
504 1 50
505 1 50
506 1 50
507 1 50
508 1 50
509 1 50
510 1 50
511 1 50
512 1 50
513 1 48
514 1 48
515 1 48
516 1 48
517 1 48
518 1 48
519 1 48
520 1 48
521 1 48
522 1 46
523 1 46
524 1 46
525 1 46
526 1 46
527 1 46
528 1 46
529 1 46
530 1 46
531 1 46
532 1 46
533 1 46
534 1 46
535 1 46
536 1 46
537 1 46
538 1 46
539 1 48
540 1 48
541 1 48
542 1 48
543 1 48
544 1 48
545 1 48
546 1 48
547 1 50
548 1 50
549 1 48
550 1 48
551 1 48
552 1 48
553 1 48
554 1 48
555 1 48
556 1 48
557 1 48
558 1 48
559 1 48
560 1 48
561 1 48
562 1 46
563 1 45
564 1 45
565 1 45
566 1 45
567 1 45
568 1 45
569 1 45
570 1 45
571 1 45
572 1 45
573 1 45
574 1 45
575 1 45
576 1 45
577 1 45
578 1 45
579 1 45
580 1 43
581 1 43
582 1 43
583 2 43
584 2 42
585 2 42
586 2 42
587 2 42
588 2 41
589 2 41
590 2 41
591 2 41
592 2 41
593 2 41
594 2 41
595 2 41
596 2 41
597 2 41
598 2 41
599 2 41
600 2 41
601 2 41
602 2 41
603 2 41
604 2 41
605 2 42
606 2 42
607 2 42
608 2 42
609 2 42
610 2 42
611 2 42
612 2 44
613 2 44
614 2 44
615 2 44
616 2 44
617 2 44
618 2 44
619 2 44
620 2 44
621 2 44
622 2 43
623 2 43
624 2 43
625 2 42
626 2 42
627 2 42
628 2 42
629 2 42
630 2 42
631 2 42
632 2 42
633 2 42
634 2 42
635 2 42
636 2 42
637 2 42
638 2 42
639 2 42
640 2 42
641 2 42
642 2 42
643 2 42
644 2 42
645 2 42
646 2 42
647 2 42
648 2 42
649 2 42
650 2 42
651 2 41
652 2 41
653 2 41
654 2 41
655 2 41
656 2 41
657 2 41
658 2 41
659 2 41
660 2 40
661 2 40
662 2 40
663 2 40
664 2 40
665 2 40
666 2 40
667 2 40
668 2 40
669 2 40
670 2 40
671 2 40
672 2 40
673 2 40
674 2 40
675 2 40
676 2 40
677 2 40
678 2 40
679 2 40
680 2 40
681 2 40
682 2 41
683 2 41
684 2 41
685 2 41
686 2 41
687 2 41
688 2 41
689 2 40
690 2 40
691 2 40
692 2 40
693 2 40
694 2 39
695 2 38
696 2 38
697 2 38
698 2 38
699 2 38
700 2 37
701 2 37
702 2 37
703 2 37
704 2 37
705 2 37
706 2 37
707 2 37
708 2 37
709 2 37
710 2 37
711 2 37
712 2 37
713 2 37
714 2 37
715 2 37
716 2 37
717 2 37
718 2 36
719 2 36
720 2 36
721 2 36
722 2 36
723 2 36
724 2 36
725 2 36
726 2 36
727 2 36
728 2 38
729 2 38
730 2 38
731 2 38
732 2 38
733 2 38
734 2 37
735 2 37
736 2 37
737 2 37
738 2 37
739 2 38
740 2 38
741 2 38
742 2 38
743 2 38
744 2 38
745 2 38
746 2 38
747 2 38
748 2 38
749 2 38
750 2 38
751 2 38
752 2 38
753 2 38
754 2 39
755 2 39
756 2 39
757 2 39
758 2 39
759 2 39
760 2 39
761 2 39
762 2 39
763 2 39
764 2 39
765 2 39
766 2 39
767 2 39
768 2 39
769 2 39
770 2 39
771 2 39
772 2 39
773 2 39
774 2 39
775 2 39
776 2 39
777 2 39
778 2 39
779 3 39
780 3 39
781 3 39
782 3 39
783 3 40
784 3 40
785 3 40
786 3 40
787 3 40
788 3 39
789 3 39
790 3 39
791 3 39
792 3 39
793 3 39
794 3 39
795 3 38
796 3 38
797 3 38
798 3 38
799 3 38
800 3 38
801 3 38
802 3 38
803 3 38
804 3 38
805 3 38
806 3 38
807 3 38
808 3 38
809 3 38
810 3 38
811 3 38
812 3 38
813 3 38
814 3 38
815 3 38
816 3 38
817 3 38
818 3 38
819 3 38
820 3 38
821 3 38
822 3 38
823 3 38
824 3 39
825 3 39
826 3 39
827 3 39
828 3 39
829 3 39
830 3 39
831 3 39
832 3 39
833 3 39
834 3 39
835 3 39
836 3 39
837 3 39
838 3 39
839 3 39
840 3 39
841 3 39
842 3 39
843 3 39
844 3 39
845 3 39
846 3 39
847 3 39
848 3 40
849 3 40
850 3 40
851 3 40
852 3 40
853 3 40
854 3 40
855 3 40
856 3 40
857 3 40
858 3 40
859 3 41
860 3 41
861 3 41
862 3 41
863 3 41
864 3 41
865 3 41
866 3 41
867 3 41
868 3 42
869 3 42
870 3 41
871 3 40
872 3 40
873 3 40
874 3 40
875 3 40
876 3 40
877 3 40
878 3 40
879 3 40
880 3 40
881 3 40
882 3 40
883 3 40
884 3 40
885 3 40
886 3 40
887 3 40
888 3 40
889 3 40
890 3 40
891 3 40
892 3 40
893 3 40
894 3 40
895 3 40
896 3 40
897 3 40
898 3 40
899 3 40
900 3 40
901 3 40
902 3 40
903 3 40
904 3 40
905 3 40
906 3 40
907 3 40
908 3 40
909 3 40
910 3 40
911 3 41
912 3 41
913 3 41
914 3 41
915 3 41
916 3 40
917 3 40
918 3 41
919 3 41
920 3 41
921 3 41
922 3 42
923 3 42
924 3 42
925 3 42
926 3 42
927 3 42
928 3 42
929 3 41
930 3 41
931 3 41
932 3 41
933 3 41
934 3 41
935 3 41
936 3 41
937 3 41
938 3 41
939 3 41
940 3 41
941 3 41
942 3 41
943 3 41
944 3 41
945 3 41
946 3 41
947 3 41
948 3 41
949 3 41
950 3 41
951 3 41
952 4 41
953 4 41
954 4 41
955 4 42
956 4 42
957 4 42
958 4 42
959 4 42
960 4 42
961 4 42
962 4 42
963 4 42
964 4 41
965 4 41
966 4 41
967 4 41
968 4 41
969 4 41
970 4 40
971 4 40
972 4 40
973 4 40
974 4 40
975 4 40
976 4 40
977 4 40
978 4 40
979 4 40
980 4 40
981 4 40
982 4 39
983 4 39
984 4 39
985 4 38
986 4 38
987 4 39
988 4 39
989 4 39
990 4 39
991 4 40
992 4 40
993 4 40
994 4 40
995 4 40
996 4 40
997 4 40
998 4 40
999 4 40
1000 4 40
1001 4 40
1002 4 40
1003 4 40
1004 4 40
1005 4 40
1006 4 40
1007 4 40
1008 4 40
1009 4 39
1010 4 39
1011 4 39
1012 4 39
1013 4 39
1014 4 39
1015 4 39
1016 4 39
1017 4 39
1018 4 38
1019 4 38
1020 4 38
1021 4 38
1022 4 38
1023 4 38
1024 4 38
1025 4 38
1026 4 38
1027 4 39
1028 4 39
1029 4 39
1030 4 39
1031 4 38
1032 4 38
1033 4 39
1034 4 39
1035 4 39
1036 4 39
1037 4 39
1038 4 38
1039 4 38
1040 4 38
1041 4 38
1042 4 38
1043 4 38
1044 4 38
1045 4 38
1046 4 38
1047 4 38
1048 4 38
1049 4 37
1050 4 37
1051 4 37
1052 4 37
1053 4 37
1054 4 37
1055 4 37
1056 4 36
1057 4 36
1058 4 36
1059 4 36
1060 4 36
1061 4 36
1062 5 36
1063 5 36
1064 5 36
1065 5 35
1066 5 35
1067 5 35
1068 5 35
1069 5 35
1070 5 34
1071 5 34
1072 5 34
1073 5 33
1074 5 33
1075 5 33
1076 5 33
1077 5 33
1078 5 33
1079 5 33
1080 5 33
1081 5 33
1082 5 33
1083 5 33
1084 5 33
1085 5 33
1086 5 33
1087 5 33
1088 5 33
1089 5 33
1090 5 33
1091 5 33
1092 5 33
1093 5 33
1094 5 33
1095 5 33
1096 5 33
1097 5 33
1098 5 33
1099 5 33
1100 5 33
1101 5 33
1102 5 33
1103 5 33
1104 5 33
1105 5 33
1106 5 33
1107 5 32
1108 5 32
1109 5 32
1110 5 33
1111 5 33
1112 5 33
1113 5 33
1114 5 33
1115 5 33
1116 5 33
1117 5 33
1118 5 33
1119 5 33
1120 5 33
1121 5 33
1122 5 33
1123 5 33
1124 5 33
1125 5 33
1126 5 33
1127 5 33
1128 5 33
1129 5 32
1130 5 32
1131 5 32
1132 5 32
1133 5 32
1134 5 32
1135 5 32
1136 5 32
1137 6 32
1138 6 32
1139 6 32
1140 6 32
1141 6 32
1142 6 32
1143 6 32
1144 6 32
1145 6 33
1146 6 33
1147 6 33
1148 6 33
1149 6 32
1150 6 32
1151 6 32
1152 6 32
1153 6 32
1154 6 33
1155 6 32
1156 6 32
1157 6 32
1158 6 32
1159 6 32
1160 6 32
1161 6 32
1162 6 32
1163 6 32
1164 6 32
1165 6 32
1166 6 32
1167 6 32
1168 6 32
1169 6 32
1170 6 32
1171 6 32
1172 6 32
1173 6 32
1174 6 32
1175 6 32
1176 6 32
1177 6 32
1178 6 32
1179 6 32
1180 6 32
1181 6 32
1182 6 32
1183 6 32
1184 6 32
1185 6 33
1186 6 33
1187 6 33
1188 6 33
1189 6 33
1190 6 32
1191 6 32
1192 6 33
1193 6 32
1194 6 32
1195 6 32
1196 6 32
1197 6 32
1198 6 32
1199 6 32
1200 6 32
1201 6 32
1202 6 32
1203 6 32
1204 6 32
1205 6 32
1206 6 32
1207 6 32
1208 6 32
1209 6 32
1210 6 32
1211 6 32
1212 6 32
1213 7 32
1214 7 32
1215 7 31
1216 7 31
1217 7 31
1218 7 31
1219 7 31
1220 7 31
1221 7 31
1222 7 31
1223 7 31
1224 7 31
1225 7 31
1226 7 31
1227 7 31
1228 7 31
1229 7 31
1230 7 31
1231 7 31
1232 7 31
1233 7 31
1234 7 30
1235 7 30
1236 7 30
1237 7 30
1238 7 30
1239 7 30
1240 7 30
1241 7 29
1242 7 29
1243 7 29
1244 7 29
1245 7 29
1246 7 29
1247 7 29
1248 7 29
1249 7 29
1250 7 29
1251 7 29
1252 7 29
1253 7 29
1254 7 29
1255 7 29
1256 7 29
1257 7 29
1258 7 29
1259 7 29
1260 7 28
1261 7 28
1262 7 28
1263 8 28
1264 8 28
1265 8 28
1266 8 28
1267 8 28
1268 8 28
1269 8 28
1270 8 28
1271 8 28
1272 8 28
1273 8 28
1274 8 28
1275 8 28
1276 8 28
1277 8 28
1278 8 28
1279 8 28
1280 8 28
1281 8 28
1282 8 28
1283 8 28
1284 8 28
1285 8 28
1286 8 28
1287 8 28
1288 8 28
1289 8 28
1290 8 28
1291 8 28
1292 8 28
1293 8 28
1294 8 28
1295 8 27
1296 8 27
1297 8 27
1298 8 27
1299 8 27
1300 8 27
1301 8 27
1302 8 27
1303 8 27
1304 8 27
1305 8 27
1306 8 27
1307 8 27
1308 8 27
1309 8 27
1310 8 27
1311 8 27
1312 8 27
1313 8 27
1314 8 27
1315 8 27
1316 8 27
1317 8 27
1318 8 27
1319 8 27
1320 8 27
1321 8 27
1322 8 27
1323 8 28
1324 8 27
1325 8 27
1326 9 27
1327 9 27
1328 9 27
1329 9 27
1330 9 27
1331 9 28
1332 9 28
1333 9 27
1334 9 27
1335 9 27
1336 9 27
1337 9 27
1338 9 27
1339 9 27
1340 9 27
1341 9 27
1342 9 27
1343 9 27
1344 9 27
1345 9 27
1346 9 27
1347 9 27
1348 9 27
1349 9 27
1350 10 26
1351 10 26
1352 10 26
1353 10 26
1354 10 27
1355 10 27
1356 10 26
1357 10 26
1358 10 26
1359 10 26
1360 10 26
1361 10 26
1362 10 26
1363 10 26
1364 10 26
1365 10 26
1366 10 26
1367 10 26
1368 10 26
1369 10 26
1370 10 26
1371 10 26
1372 10 26
1373 10 26
1374 10 26
1375 10 26
1376 10 26
1377 10 26
1378 10 26
1379 10 26
1380 10 26
1381 10 26
1382 10 26
1383 10 26
1384 10 26
1385 10 27
1386 11 27
1387 11 27
1388 11 26
1389 11 26
1390 11 26
1391 11 26
1392 11 26
1393 11 26
1394 11 26
1395 11 26
1396 11 26
1397 11 26
1398 11 26
1399 11 26
1400 11 26
1401 11 26
1402 11 26
1403 11 26
1404 11 25
1405 11 25
1406 11 25
1407 11 25
1408 11 25
1409 11 25
1410 11 25
1411 11 25
1412 11 25
1413 11 25
1414 11 25
1415 11 25
1416 11 25
1417 11 25
1418 11 25
1419 11 25
1420 11 25
1421 12 25
1422 12 25
1423 12 25
1424 12 25
1425 12 25
1426 12 25
1427 12 25
1428 12 25
1429 12 25
1430 12 25
1431 12 25
1432 12 25
1433 12 25
1434 12 25
1435 12 25
1436 12 25
1437 12 25
1438 12 25
1439 12 25
1440 12 25
1441 12 25
1442 12 25
1443 13 25
1444 13 25
1445 13 25
1446 13 25
1447 13 25
1448 13 25
1449 13 25
1450 13 25
1451 13 25
1452 13 25
1453 13 24
1454 13 24
1455 13 24
1456 13 24
1457 13 24
1458 13 24
1459 13 24
1460 13 24
1461 13 24
1462 13 24
1463 13 24
1464 13 24
1465 13 24
1466 13 24
1467 13 24
1468 13 24
1469 13 24
1470 13 24
1471 13 24
1472 13 24
1473 13 24
1474 13 24
1475 14 24
1476 14 24
1477 14 24
1478 14 23
1479 14 23
1480 14 23
1481 14 23
1482 14 23
1483 14 23
1484 14 23
1485 14 23
1486 14 23
1487 14 23
1488 14 23
1489 14 22
1490 14 22
1491 14 23
1492 14 23
1493 15 23
1494 15 23
1495 15 23
1496 15 23
1497 15 22
1498 15 22
1499 15 22
1500 15 22
1501 15 22
1502 15 22
1503 15 22
1504 15 22
1505 15 22
1506 15 22
1507 15 22
1508 15 22
1509 15 22
1510 15 22
1511 15 22
1512 15 22
1513 15 22
1514 15 22
1515 15 22
1516 15 22
1517 15 22
1518 15 22
1519 16 22
1520 16 22
1521 16 22
1522 16 22
1523 16 22
1524 16 22
1525 16 22
1526 16 22
1527 16 22
1528 16 22
1529 16 22
1530 16 22
1531 16 22
1532 17 21
1533 17 21
1534 17 21
1535 17 22
1536 17 22
1537 17 21
1538 17 21
1539 17 22
1540 17 22
1541 17 22
1542 17 22
1543 17 22
1544 17 21
1545 17 21
1546 17 21
1547 17 21
1548 17 21
1549 17 21
1550 18 21
1551 18 21
1552 18 21
1553 18 21
1554 18 21
1555 18 21
1556 18 21
1557 18 21
1558 18 21
1559 18 21
1560 18 21
1561 18 21
1562 18 21
1563 18 21
1564 19 21
1565 19 21
1566 19 21
1567 19 21
1568 19 21
1569 19 21
1570 19 21
1571 19 21
1572 19 21
1573 19 21
1574 19 21
1575 19 21
1576 19 21
1577 19 21
1578 19 21
1579 20 20
1580 20 20
1581 20 20
1582 20 20
1583 20 20
1584 20 20
1585 20 20
1586 20 20
1587 20 20
1588 21 20
1589 21 20
1590 21 20
1591 21 20
1592 22 20
1593 22 20
1594 22 20
1595 22 20
1596 22 20
1597 22 20
1598 22 20
1599 22 20
1600 22 20
1601 22 20
1602 22 20
1603 22 20
1604 22 20
1605 23 20
1606 23 20
1607 23 20
1608 23 20
1609 23 20
1610 24 20
1611 24 20
1612 24 20
1613 24 20
1614 24 20
1615 25 20
1616 25 20
1617 25 20
1618 25 20
1619 25 20
1620 25 20
1621 25 19
1622 25 19
1623 25 19
1624 25 20
1625 26 20
1626 26 20
1627 26 20
1628 26 20
1629 26 20
1630 26 19
1631 27 19
1632 27 19
1633 27 19
1634 27 19
1635 27 19
1636 27 20
1637 27 20
1638 27 20
1639 27 20
1640 27 20
1641 27 20
1642 28 20
1643 28 20
1644 29 20
1645 30 20
1646 30 20
1647 30 20
1648 30 20
1649 30 20
1650 31 20
1651 31 20
1652 31 20
1653 32 20
1654 33 20
1655 33 20
1656 33 20
1657 34 20
1658 34 20
1659 37 20
1660 37 20
1661 38 19
1662 38 20
1663 38 20
1664 39 20
1665 40 20
1666 40 20
1667 43 20
1668 44 20
1669 44 20
1670 44 19
1671 44 19
1672 45 19
1673 45 19
1674 45 19
1675 45 19
1676 46 19
1677 46 19
1678 46 19
1679 48 19
1680 48 19
1681 49 19
1682 50 19
1683 51 19
1684 52 19
1685 53 19
1686 53 19
1687 59 19
1688 64 19
1689 93 19
1690 93 19
1691 100 19
