0 0 0
1 0 0
2 0 0
3 0 0
4 0 0
5 0 0
6 0 0
7 0 0
8 0 0
9 0 0
10 0 0
11 0 0
12 0 0
13 0 0
14 0 0
15 0 0
16 0 0
17 0 0
18 0 0
19 0 0
20 0 0
21 0 0
22 0 0
23 0 0
24 0 0
25 0 0
26 0 0
27 0 0
28 0 0
29 0 0
30 0 0
31 0 0
32 0 0
33 0 0
34 0 0
35 0 0
36 0 0
37 0 0
38 0 0
39 0 0
40 0 0
41 0 0
42 0 0
43 0 0
44 0 0
45 0 0
46 0 0
47 0 0
48 0 0
49 0 0
50 0 0
51 0 0
52 0 0
53 0 0
54 0 0
55 0 0
56 0 0
57 0 0
58 0 0
59 0 0
60 0 0
61 0 0
62 0 0
63 0 0
64 0 0
65 0 0
66 0 0
67 0 0
68 0 0
69 0 0
70 0 0
71 0 0
72 0 0
73 0 0
74 0 0
75 0 0
76 0 0
77 0 0
78 0 0
79 0 0
80 0 0
81 0 0
82 0 0
83 0 0
84 0 0
85 0 0
86 0 0
87 0 0
88 0 0
89 0 0
90 0 0
91 0 0
92 0 0
93 0 0
94 0 0
95 0 0
96 0 0
97 0 0
98 0 0
99 0 0
100 0 0
101 0 0
102 0 0
103 0 0
104 0 0
105 0 0
106 0 0
107 0 0
108 0 0
109 0 0
110 0 0
111 0 0
112 0 0
113 0 0
114 0 0
115 0 0
116 0 0
117 0 0
118 0 0
119 0 0
120 0 0
121 0 0
122 0 0
123 0 0
124 0 0
125 0 0
126 0 0
127 0 0
128 0 0
129 0 0
130 0 0
131 0 0
132 0 0
133 0 0
134 0 0
135 0 0
136 0 0
137 0 0
138 0 0
139 0 0
140 0 0
141 0 0
142 0 0
143 0 0
144 0 0
145 0 0
146 0 0
147 0 0
148 0 0
149 0 0
150 0 0
151 0 0
152 0 0
153 0 0
154 0 0
155 0 0
156 0 0
157 0 0
158 0 0
159 0 0
160 0 0
161 0 0
162 0 0
163 0 0
164 0 0
165 0 0
166 0 0
167 0 0
168 0 0
169 0 0
170 0 0
171 0 0
172 0 0
173 0 0
174 0 0
175 0 0
176 0 0
177 0 0
178 0 0
179 0 0
180 0 0
181 0 0
182 0 0
183 0 0
184 0 0
185 0 0
186 0 0
187 0 0
188 0 0
189 0 0
190 0 0
191 0 0
192 0 0
193 0 0
194 0 0
195 0 0
196 0 0
197 0 0
198 0 0
199 0 0
200 0 0
201 0 0
202 0 0
203 0 0
204 0 0
205 0 0
206 0 0
207 0 0
208 0 0
209 0 0
210 0 0
211 0 0
212 0 0
213 0 0
214 0 0
215 0 0
216 0 0
217 0 0
218 0 0
219 0 0
220 0 0
221 0 0
222 0 0
223 0 0
224 0 0
225 0 0
226 0 0
227 0 0
228 0 0
229 0 0
230 0 0
231 0 0
232 0 0
233 0 0
234 0 0
235 0 0
236 0 0
237 0 0
238 0 0
239 0 0
240 0 0
241 0 0
242 0 0
243 0 0
244 0 0
245 0 0
246 0 0
247 0 0
248 0 0
249 0 0
250 0 0
251 0 0
252 0 0
253 0 0
254 0 0
255 0 0
256 0 0
257 0 0
258 0 0
259 0 0
260 0 0
261 0 0
262 0 0
263 0 0
264 0 0
265 0 0
266 0 0
267 0 0
268 0 0
269 0 0
270 0 0
271 0 0
272 0 0
273 0 0
274 0 0
275 0 0
276 0 0
277 0 0
278 0 0
279 0 0
280 0 0
281 0 0
282 0 0
283 0 0
284 0 0
285 0 0
286 0 0
287 0 0
288 0 0
289 0 0
290 0 0
291 0 0
292 0 0
293 0 0
294 0 0
295 0 0
296 0 0
297 0 0
298 0 0
299 0 0
300 0 0
301 0 0
302 0 0
303 0 0
304 0 0
305 0 0
306 0 0
307 0 0
308 0 0
309 0 0
310 0 0
311 0 0
312 0 0
313 0 0
314 0 0
315 0 0
316 0 0
317 0 0
318 0 0
319 0 0
320 0 0
321 0 0
322 0 0
323 0 0
324 0 0
325 0 0
326 0 0
327 0 0
328 0 0
329 0 0
330 0 0
331 0 0
332 0 0
333 0 0
334 0 0
335 0 0
336 0 0
337 0 0
338 0 0
339 0 0
340 0 0
341 0 0
342 0 0
343 0 0
344 0 0
345 0 0
346 0 0
347 0 0
348 0 0
349 0 0
350 0 0
351 0 0
352 0 0
353 0 0
354 0 0
355 0 0
356 0 0
357 0 0
358 0 0
359 0 0
360 0 0
361 0 0
362 0 0
363 0 0
364 1 0
365 1 0
366 1 0
367 1 0
368 1 0
369 1 0
370 1 0
371 1 0
372 1 0
373 1 0
374 1 0
375 1 0
376 1 0
377 1 0
378 1 0
379 1 0
380 1 0
381 1 0
382 1 0
383 1 0
384 1 0
385 1 0
386 1 0
387 1 0
388 1 0
389 1 0
390 1 0
391 1 0
392 1 0
393 1 0
394 1 0
395 1 0
396 1 0
397 1 0
398 1 0
399 1 0
400 1 0
401 1 0
402 1 0
403 1 0
404 1 0
405 1 0
406 1 0
407 1 0
408 1 0
409 1 0
410 1 0
411 1 0
412 1 0
413 1 0
414 1 0
415 1 0
416 1 0
417 1 0
418 1 0
419 1 0
420 1 0
421 1 0
422 1 0
423 1 0
424 1 0
425 1 0
426 1 0
427 1 0
428 1 0
429 1 0
430 1 0
431 1 0
432 1 0
433 1 0
434 1 0
435 1 0
436 1 0
437 1 0
438 1 0
439 1 0
440 1 0
441 1 0
442 1 0
443 1 0
444 1 0
445 1 0
446 1 0
447 1 0
448 1 0
449 1 0
450 1 0
451 1 0
452 1 0
453 1 0
454 1 0
455 1 0
456 1 0
457 1 0
458 1 0
459 1 0
460 1 0
461 1 0
462 1 0
463 1 0
464 1 0
465 1 0
466 1 0
467 1 0
468 1 0
469 1 0
470 1 0
471 1 0
472 1 0
473 1 0
474 1 0
475 1 0
476 1 0
477 1 0
478 1 0
479 1 0
480 1 0
481 1 0
482 1 0
483 1 0
484 1 0
485 1 0
486 1 0
487 1 0
488 1 0
489 1 0
490 1 0
491 1 0
492 1 0
493 1 0
494 1 0
495 1 0
496 1 0
497 1 0
498 1 0
499 1 0
500 1 0
501 1 0
502 1 0
503 1 0
504 1 0
505 1 0
506 1 0
507 1 0
508 1 0
509 1 0
510 1 0
511 1 0
512 1 0
513 1 0
514 1 0
515 1 0
516 1 0
517 1 0
518 1 0
519 1 0
520 1 0
521 1 0
522 1 0
523 1 0
524 1 0
525 1 0
526 1 0
527 1 0
528 1 0
529 1 0
530 1 0
531 1 0
532 1 0
533 1 0
534 1 0
535 1 0
536 1 0
537 1 0
538 1 0
539 1 0
540 1 0
541 1 0
542 1 0
543 1 0
544 1 0
545 1 0
546 1 0
547 1 0
548 1 0
549 1 0
550 1 0
551 1 0
552 1 0
553 1 0
554 1 0
555 1 0
556 1 0
557 1 0
558 1 0
559 1 0
560 1 0
561 1 0
562 1 0
563 1 0
564 1 0
565 1 0
566 1 0
567 1 0
568 1 0
569 1 0
570 1 0
571 1 0
572 1 0
573 1 0
574 1 0
575 1 0
576 1 0
577 1 0
578 1 0
579 1 0
580 1 0
581 1 0
582 1 0
583 2 0
584 2 0
585 2 0
586 2 0
587 2 0
588 2 0
589 2 0
590 2 0
591 2 0
592 2 0
593 2 0
594 2 0
595 2 0
596 2 0
597 2 0
598 2 0
599 2 0
600 2 0
601 2 0
602 2 0
603 2 0
604 2 0
605 2 0
606 2 0
607 2 0
608 2 0
609 2 0
610 2 0
611 2 0
612 2 0
613 2 0
614 2 0
615 2 0
616 2 0
617 2 0
618 2 0
619 2 0
620 2 0
621 2 0
622 2 0
623 2 0
624 2 0
625 2 0
626 2 0
627 2 0
628 2 0
629 2 0
630 2 0
631 2 0
632 2 0
633 2 0
634 2 0
635 2 0
636 2 0
637 2 0
638 2 0
639 2 0
640 2 0
641 2 0
642 2 0
643 2 0
644 2 0
645 2 0
646 2 0
647 2 0
648 2 0
649 2 0
650 2 0
651 2 0
652 2 0
653 2 0
654 2 0
655 2 0
656 2 0
657 2 0
658 2 0
659 2 0
660 2 0
661 2 0
662 2 0
663 2 0
664 2 0
665 2 0
666 2 0
667 2 0
668 2 0
669 2 0
670 2 0
671 2 0
672 2 0
673 2 0
674 2 0
675 2 0
676 2 0
677 2 0
678 2 0
679 2 0
680 2 0
681 2 0
682 2 0
683 2 0
684 2 0
685 2 0
686 2 0
687 2 0
688 2 0
689 2 0
690 2 0
691 2 0
692 2 0
693 2 0
694 2 0
695 2 0
696 2 0
697 2 0
698 2 0
699 2 0
700 2 0
701 2 0
702 2 0
703 2 0
704 2 0
705 2 0
706 2 0
707 2 0
708 2 0
709 2 0
710 2 0
711 2 0
712 2 0
713 2 0
714 2 0
715 2 0
716 2 0
717 2 0
718 2 0
719 2 0
720 2 0
721 2 0
722 2 0
723 2 0
724 2 0
725 2 0
726 2 0
727 2 0
728 2 0
729 2 0
730 2 0
731 2 0
732 2 0
733 2 0
734 2 0
735 2 0
736 2 0
737 2 0
738 2 0
739 2 0
740 2 0
741 2 0
742 2 0
743 2 0
744 2 0
745 2 0
746 2 0
747 2 0
748 2 0
749 2 0
750 2 0
751 2 0
752 2 0
753 2 0
754 2 0
755 2 0
756 2 0
757 2 0
758 2 0
759 2 0
760 2 0
761 2 0
762 2 0
763 2 0
764 2 0
765 2 0
766 2 0
767 2 0
768 2 0
769 2 0
770 2 0
771 2 0
772 2 0
773 2 0
774 2 0
775 2 0
776 2 0
777 2 0
778 2 0
779 3 0
780 3 0
781 3 0
782 3 0
783 3 0
784 3 0
785 3 0
786 3 0
787 3 0
788 3 0
789 3 0
790 3 0
791 3 0
792 3 0
793 3 0
794 3 0
795 3 0
796 3 0
797 3 0
798 3 0
799 3 0
800 3 0
801 3 0
802 3 0
803 3 0
804 3 0
805 3 0
806 3 0
807 3 0
808 3 0
809 3 0
810 3 0
811 3 0
812 3 0
813 3 0
814 3 0
815 3 0
816 3 0
817 3 0
818 3 0
819 3 0
820 3 0
821 3 0
822 3 0
823 3 0
824 3 0
825 3 0
826 3 0
827 3 0
828 3 0
829 3 0
830 3 0
831 3 0
832 3 0
833 3 0
834 3 0
835 3 0
836 3 0
837 3 0
838 3 0
839 3 0
840 3 0
841 3 0
842 3 0
843 3 0
844 3 0
845 3 0
846 3 0
847 3 0
848 3 0
849 3 0
850 3 0
851 3 0
852 3 0
853 3 0
854 3 0
855 3 0
856 3 0
857 3 0
858 3 0
859 3 0
860 3 0
861 3 0
862 3 0
863 3 0
864 3 0
865 3 0
866 3 0
867 3 0
868 3 0
869 3 0
870 3 0
871 3 0
872 3 0
873 3 0
874 3 0
875 3 0
876 3 0
877 3 0
878 3 0
879 3 0
880 3 0
881 3 0
882 3 0
883 3 0
884 3 0
885 3 0
886 3 0
887 3 0
888 3 0
889 3 0
890 3 0
891 3 0
892 3 0
893 3 0
894 3 0
895 3 0
896 3 0
897 3 0
898 3 0
899 3 0
900 3 0
901 3 0
902 3 0
903 3 0
904 3 0
905 3 0
906 3 0
907 3 0
908 3 0
909 3 0
910 3 0
911 3 0
912 3 0
913 3 0
914 3 0
915 3 0
916 3 0
917 3 0
918 3 0
919 3 0
920 3 0
921 3 0
922 3 0
923 3 0
924 3 0
925 3 0
926 3 0
927 3 0
928 3 0
929 3 0
930 3 0
931 3 0
932 3 0
933 3 0
934 3 0
935 3 0
936 3 0
937 3 0
938 3 0
939 3 0
940 3 0
941 3 0
942 3 0
943 3 0
944 3 0
945 3 0
946 3 0
947 3 0
948 3 0
949 3 0
950 3 0
951 3 0
952 4 0
953 4 0
954 4 0
955 4 0
956 4 0
957 4 0
958 4 0
959 4 0
960 4 0
961 4 0
962 4 0
963 4 0
964 4 0
965 4 1
966 4 1
967 4 1
968 4 1
969 4 1
970 4 1
971 4 1
972 4 2
973 4 2
974 4 2
975 4 2
976 4 2
977 4 2
978 4 2
979 4 2
980 4 2
981 4 2
982 4 2
983 4 2
984 4 2
985 4 2
986 4 2
987 4 2
988 4 2
989 4 2
990 4 2
991 4 2
992 4 2
993 4 2
994 4 2
995 4 2
996 4 2
997 4 2
998 4 2
999 4 2
1000 4 2
1001 4 2
1002 4 2
1003 4 2
1004 4 2
1005 4 2
1006 4 2
1007 4 2
1008 4 2
1009 4 3
1010 4 3
1011 4 3
1012 4 3
1013 4 3
1014 4 3
1015 4 4
1016 4 4
1017 4 4
1018 4 4
1019 4 4
1020 4 4
1021 4 4
1022 4 4
1023 4 4
1024 4 4
1025 4 4
1026 4 4
1027 4 4
1028 4 4
1029 4 4
1030 4 4
1031 4 4
1032 4 4
1033 4 5
1034 4 5
1035 4 5
1036 4 5
1037 4 5
1038 4 5
1039 4 5
1040 4 5
1041 4 5
1042 4 5
1043 4 5
1044 4 6
1045 4 6
1046 4 6
1047 4 6
1048 4 6
1049 4 6
1050 4 6
1051 4 6
1052 4 6
1053 4 6
1054 4 6
1055 4 6
1056 4 7
1057 4 7
1058 4 7
1059 4 8
1060 4 8
1061 4 8
1062 5 8
1063 5 8
1064 5 8
1065 5 8
1066 5 9
1067 5 9
1068 5 9
1069 5 9
1070 5 9
1071 5 9
1072 5 10
1073 5 11
1074 5 11
1075 5 11
1076 5 11
1077 5 11
1078 5 11
1079 5 11
1080 5 11
1081 5 11
1082 5 11
1083 5 11
1084 5 11
1085 5 11
1086 5 11
1087 5 11
1088 5 11
1089 5 11
1090 5 11
1091 5 11
1092 5 11
1093 5 11
1094 5 11
1095 5 11
1096 5 11
1097 5 11
1098 5 11
1099 5 11
1100 5 11
1101 5 11
1102 5 11
1103 5 11
1104 5 11
1105 5 11
1106 5 11
1107 5 11
1108 5 11
1109 5 11
1110 5 11
1111 5 11
1112 5 11
1113 5 11
1114 5 11
1115 5 11
1116 5 11
1117 5 11
1118 5 11
1119 5 11
1120 5 11
1121 5 11
1122 5 11
1123 5 11
1124 5 11
1125 5 11
1126 5 11
1127 5 11
1128 5 11
1129 5 11
1130 5 11
1131 5 11
1132 5 11
1133 5 11
1134 5 11
1135 5 11
1136 5 11
1137 6 11
1138 6 11
1139 6 11
1140 6 11
1141 6 11
1142 6 11
1143 6 11
1144 6 11
1145 6 12
1146 6 12
1147 6 12
1148 6 12
1149 6 12
1150 6 12
1151 6 12
1152 6 12
1153 6 13
1154 6 13
1155 6 13
1156 6 13
1157 6 13
1158 6 13
1159 6 13
1160 6 13
1161 6 13
1162 6 13
1163 6 13
1164 6 13
1165 6 13
1166 6 13
1167 6 13
1168 6 13
1169 6 13
1170 6 13
1171 6 13
1172 6 13
1173 6 14
1174 6 14
1175 6 15
1176 6 15
1177 6 15
1178 6 15
1179 6 15
1180 6 15
1181 6 15
1182 6 16
1183 6 16
1184 6 16
1185 6 17
1186 6 17
1187 6 17
1188 6 17
1189 6 17
1190 6 17
1191 6 17
1192 6 17
1193 6 18
1194 6 18
1195 6 18
1196 6 18
1197 6 18
1198 6 18
1199 6 18
1200 6 18
1201 6 18
1202 6 18
1203 6 19
1204 6 19
1205 6 19
1206 6 19
1207 6 19
1208 6 18
1209 6 18
1210 6 18
1211 6 18
1212 6 18
1213 7 18
1214 7 18
1215 7 18
1216 7 18
1217 7 18
1218 7 18
1219 7 18
1220 7 18
1221 7 18
1222 7 18
1223 7 18
1224 7 18
1225 7 18
1226 7 18
1227 7 18
1228 7 18
1229 7 18
1230 7 18
1231 7 18
1232 7 18
1233 7 18
1234 7 18
1235 7 18
1236 7 19
1237 7 19
1238 7 19
1239 7 19
1240 7 19
1241 7 19
1242 7 19
1243 7 19
1244 7 19
1245 7 19
1246 7 19
1247 7 19
1248 7 19
1249 7 19
1250 7 19
1251 7 19
1252 7 19
1253 7 19
1254 7 19
1255 7 19
1256 7 19
1257 7 19
1258 7 19
1259 7 19
1260 7 19
1261 7 19
1262 7 19
1263 8 19
1264 8 19
1265 8 19
1266 8 19
1267 8 20
1268 8 20
1269 8 20
1270 8 20
1271 8 20
1272 8 20
1273 8 20
1274 8 20
1275 8 20
1276 8 20
1277 8 20
1278 8 20
1279 8 20
1280 8 20
1281 8 20
1282 8 20
1283 8 20
1284 8 20
1285 8 20
1286 8 20
1287 8 20
1288 8 20
1289 8 20
1290 8 20
1291 8 20
1292 8 19
1293 8 19
1294 8 19
1295 8 19
1296 8 19
1297 8 19
1298 8 20
1299 8 20
1300 8 20
1301 8 20
1302 8 20
1303 8 20
1304 8 20
1305 8 20
1306 8 20
1307 8 20
1308 8 20
1309 8 20
1310 8 20
1311 8 20
1312 8 20
1313 8 20
1314 8 20
1315 8 20
1316 8 20
1317 8 20
1318 8 20
1319 8 20
1320 8 20
1321 8 20
1322 8 20
1323 8 20
1324 8 20
1325 8 20
1326 9 20
1327 9 20
1328 9 20
1329 9 20
1330 9 20
1331 9 20
1332 9 20
1333 9 19
1334 9 19
1335 9 19
1336 9 19
1337 9 19
1338 9 19
1339 9 19
1340 9 19
1341 9 19
1342 9 20
1343 9 20
1344 9 20
1345 9 20
1346 9 19
1347 9 19
1348 9 19
1349 9 19
1350 10 19
1351 10 19
1352 10 20
1353 10 20
1354 10 20
1355 10 20
1356 10 21
1357 10 21
1358 10 21
1359 10 21
1360 10 21
1361 10 21
1362 10 21
1363 10 21
1364 10 21
1365 10 21
1366 10 21
1367 10 21
1368 10 21
1369 10 22
1370 10 22
1371 10 22
1372 10 22
1373 10 22
1374 10 22
1375 10 22
1376 10 22
1377 10 22
1378 10 22
1379 10 22
1380 10 22
1381 10 23
1382 10 23
1383 10 23
1384 10 23
1385 10 23
1386 11 23
1387 11 23
1388 11 24
1389 11 24
1390 11 24
1391 11 24
1392 11 24
1393 11 24
1394 11 24
1395 11 24
1396 11 24
1397 11 24
1398 11 25
1399 11 25
1400 11 25
1401 11 25
1402 11 25
1403 11 25
1404 11 25
1405 11 25
1406 11 25
1407 11 25
1408 11 25
1409 11 25
1410 11 25
1411 11 26
1412 11 26
1413 11 26
1414 11 26
1415 11 26
1416 11 26
1417 11 26
1418 11 26
1419 11 26
1420 11 25
1421 12 26
1422 12 26
1423 12 26
1424 12 26
1425 12 26
1426 12 26
1427 12 26
1428 12 26
1429 12 25
1430 12 25
1431 12 25
1432 12 25
1433 12 26
1434 12 26
1435 12 26
1436 12 26
1437 12 26
1438 12 26
1439 12 26
1440 12 26
1441 12 26
1442 12 26
1443 13 26
1444 13 26
1445 13 26
1446 13 26
1447 13 26
1448 13 26
1449 13 26
1450 13 26
1451 13 26
1452 13 26
1453 13 27
1454 13 27
1455 13 27
1456 13 27
1457 13 27
1458 13 28
1459 13 28
1460 13 28
1461 13 28
1462 13 28
1463 13 28
1464 13 29
1465 13 29
1466 13 29
1467 13 29
1468 13 29
1469 13 29
1470 13 29
1471 13 29
1472 13 30
1473 13 30
1474 13 30
1475 14 30
1476 14 30
1477 14 30
1478 14 30
1479 14 31
1480 14 31
1481 14 31
1482 14 31
1483 14 32
1484 14 32
1485 14 32
1486 14 32
1487 14 33
1488 14 33
1489 14 33
1490 14 33
1491 14 34
1492 14 34
1493 15 34
1494 15 34
1495 15 34
1496 15 34
1497 15 35
1498 15 35
1499 15 35
1500 15 35
1501 15 35
1502 15 35
1503 15 35
1504 15 35
1505 15 35
1506 15 35
1507 15 36
1508 15 36
1509 15 36
1510 15 36
1511 15 36
1512 15 36
1513 15 36
1514 15 36
1515 15 37
1516 15 37
1517 15 37
1518 15 37
1519 16 37
1520 16 37
1521 16 37
1522 16 38
1523 16 38
1524 16 38
1525 16 38
1526 16 38
1527 16 38
1528 16 38
1529 16 38
1530 16 38
1531 16 38
1532 17 38
1533 17 39
1534 17 39
1535 17 39
1536 17 39
1537 17 40
1538 17 40
1539 17 40
1540 17 40
1541 17 40
1542 17 40
1543 17 40
1544 17 40
1545 17 41
1546 17 41
1547 17 41
1548 17 41
1549 17 41
1550 18 41
1551 18 41
1552 18 41
1553 18 41
1554 18 42
1555 18 42
1556 18 42
1557 18 42
1558 18 42
1559 18 42
1560 18 42
1561 18 42
1562 18 43
1563 18 43
1564 19 43
1565 19 43
1566 19 43
1567 19 43
1568 19 43
1569 19 43
1570 19 44
1571 19 44
1572 19 44
1573 19 44
1574 19 44
1575 19 44
1576 19 45
1577 19 45
1578 19 45
1579 20 45
1580 20 45
1581 20 45
1582 20 45
1583 20 45
1584 20 45
1585 20 46
1586 20 46
1587 20 46
1588 21 46
1589 21 46
1590 21 46
1591 21 46
1592 22 46
1593 22 47
1594 22 47
1595 22 47
1596 22 47
1597 22 47
1598 22 47
1599 22 48
1600 22 48
1601 22 48
1602 22 48
1603 22 48
1604 22 48
1605 23 48
1606 23 48
1607 23 48
1608 23 48
1609 23 48
1610 24 48
1611 24 48
1612 24 49
1613 24 49
1614 24 49
1615 25 49
1616 25 49
1617 25 49
1618 25 49
1619 25 49
1620 25 49
1621 25 49
1622 25 49
1623 25 49
1624 25 50
1625 26 50
1626 26 50
1627 26 50
1628 26 50
1629 26 50
1630 26 50
1631 27 50
1632 27 50
1633 27 50
1634 27 50
1635 27 50
1636 27 51
1637 27 51
1638 27 51
1639 27 51
1640 27 51
1641 27 51
1642 28 51
1643 28 51
1644 29 51
1645 30 51
1646 30 51
1647 30 51
1648 30 51
1649 30 51
1650 31 51
1651 31 51
1652 31 52
1653 32 52
1654 33 52
1655 33 52
1656 33 52
1657 34 52
1658 34 52
1659 37 52
1660 37 52
1661 38 52
1662 38 53
1663 38 53
1664 39 53
1665 40 53
1666 40 53
1667 43 53
1668 44 53
1669 44 53
1670 44 53
1671 44 53
1672 45 53
1673 45 53
1674 45 53
1675 45 53
1676 46 53
1677 46 53
1678 46 54
1679 48 54
1680 48 54
1681 49 54
1682 50 54
1683 51 54
1684 52 54
1685 53 55
1686 53 55
1687 59 55
1688 64 55
1689 93 55
1690 93 55
1691 100 55
