0 0 0
1 0 0
2 0 0
3 0 0
4 0 0
5 0 0
6 0 0
7 0 0
8 0 0
9 0 0
10 0 0
11 0 0
12 0 0
13 0 0
14 0 0
15 0 0
16 0 0
17 0 0
18 0 0
19 0 0
20 0 0
21 0 0
22 0 0
23 0 0
24 0 0
25 0 0
26 0 0
27 0 0
28 0 0
29 0 0
30 0 0
31 0 0
32 0 0
33 0 0
34 0 0
35 0 0
36 0 0
37 0 0
38 0 0
39 0 0
40 0 0
41 0 0
42 0 0
43 0 0
44 0 0
45 0 0
46 0 0
47 0 0
48 0 0
49 0 0
50 0 0
51 0 0
52 0 0
53 0 0
54 0 0
55 0 0
56 0 0
57 0 0
58 0 0
59 0 0
60 0 0
61 0 0
62 0 0
63 0 0
64 0 0
65 0 0
66 0 0
67 0 0
68 0 0
69 0 0
70 0 0
71 0 0
72 0 0
73 0 0
74 0 0
75 0 0
76 0 0
77 0 0
78 0 0
79 0 0
80 0 0
81 0 0
82 0 0
83 0 0
84 0 0
85 0 0
86 0 0
87 0 0
88 0 0
89 0 0
90 0 0
91 0 0
92 0 0
93 0 0
94 0 0
95 0 0
96 0 0
97 0 0
98 0 0
99 0 0
100 0 0
101 0 0
102 0 0
103 0 0
104 0 0
105 0 0
106 0 0
107 0 0
108 0 0
109 0 0
110 0 0
111 0 0
112 0 0
113 0 0
114 0 0
115 0 0
116 0 0
117 0 0
118 0 0
119 0 0
120 0 0
121 0 0
122 0 0
123 0 0
124 0 0
125 0 0
126 0 0
127 0 0
128 0 0
129 0 0
130 0 0
131 0 0
132 0 0
133 0 0
134 0 0
135 0 0
136 0 0
137 0 0
138 0 0
139 0 0
140 0 0
141 0 0
142 0 0
143 0 0
144 0 0
145 0 0
146 0 0
147 0 0
148 0 0
149 0 0
150 0 0
151 0 0
152 0 0
153 0 0
154 0 0
155 0 0
156 0 0
157 0 0
158 0 0
159 0 0
160 0 0
161 0 0
162 0 0
163 0 0
164 0 0
165 0 0
166 0 0
167 0 0
168 0 0
169 0 0
170 0 0
171 0 0
172 0 0
173 0 0
174 0 0
175 0 0
176 0 0
177 0 0
178 0 0
179 0 0
180 0 0
181 0 0
182 0 0
183 0 0
184 0 0
185 0 0
186 0 0
187 0 0
188 0 0
189 0 0
190 0 0
191 0 0
192 0 0
193 0 0
194 0 0
195 0 0
196 0 0
197 0 0
198 0 0
199 0 0
200 0 0
201 0 0
202 0 0
203 0 0
204 0 0
205 0 0
206 0 0
207 0 0
208 0 0
209 0 0
210 0 0
211 0 0
212 0 0
213 0 0
214 0 0
215 0 0
216 0 0
217 0 0
218 0 0
219 0 0
220 0 0
221 0 0
222 0 0
223 0 0
224 0 0
225 0 0
226 0 0
227 0 0
228 0 0
229 0 0
230 0 0
231 0 0
232 0 0
233 0 0
234 0 0
235 0 0
236 0 0
237 0 0
238 0 0
239 0 0
240 0 0
241 0 0
242 0 0
243 0 0
244 0 0
245 0 0
246 0 0
247 0 0
248 0 0
249 0 0
250 0 0
251 0 0
252 0 0
253 0 0
254 0 0
255 0 0
256 0 0
257 0 0
258 0 0
259 0 0
260 0 0
261 0 0
262 0 0
263 0 0
264 0 0
265 0 0
266 0 0
267 0 0
268 0 0
269 0 0
270 0 0
271 0 0
272 0 0
273 0 0
274 0 0
275 0 0
276 0 0
277 0 0
278 0 0
279 0 0
280 0 0
281 0 0
282 0 0
283 0 0
284 0 0
285 0 0
286 0 0
287 0 0
288 0 0
289 0 0
290 0 0
291 0 0
292 0 0
293 0 0
294 0 0
295 0 0
296 0 0
297 0 0
298 0 0
299 0 0
300 0 0
301 0 0
302 0 0
303 0 0
304 0 0
305 0 0
306 0 0
307 0 0
308 0 0
309 0 0
310 0 0
311 0 0
312 0 0
313 0 0
314 0 0
315 0 0
316 0 0
317 0 0
318 0 0
319 0 0
320 0 0
321 0 0
322 0 0
323 0 0
324 0 0
325 0 0
326 0 0
327 0 0
328 0 0
329 0 0
330 0 0
331 0 0
332 0 0
333 0 0
334 0 0
335 0 0
336 0 0
337 0 0
338 0 0
339 0 0
340 0 0
341 0 0
342 0 0
343 0 0
344 0 0
345 0 0
346 0 0
347 0 0
348 0 0
349 0 0
350 0 0
351 0 0
352 0 0
353 0 0
354 0 0
355 0 0
356 0 0
357 0 0
358 0 0
359 0 0
360 0 0
361 0 0
362 0 0
363 0 0
364 1 0
365 1 0
366 1 0
367 1 0
368 1 0
369 1 0
370 1 0
371 1 0
372 1 0
373 1 0
374 1 0
375 1 0
376 1 0
377 1 0
378 1 0
379 1 0
380 1 0
381 1 0
382 1 0
383 1 0
384 1 0
385 1 0
386 1 0
387 1 0
388 1 0
389 1 0
390 1 0
391 1 0
392 1 0
393 1 0
394 1 0
395 1 0
396 1 0
397 1 0
398 1 0
399 1 0
400 1 0
401 1 0
402 1 0
403 1 0
404 1 0
405 1 0
406 1 0
407 1 0
408 1 0
409 1 0
410 1 0
411 1 0
412 1 0
413 1 0
414 1 0
415 1 0
416 1 0
417 1 0
418 1 0
419 1 0
420 1 0
421 1 0
422 1 0
423 1 0
424 1 0
425 1 0
426 1 0
427 1 0
428 1 0
429 1 0
430 1 0
431 1 0
432 1 0
433 1 0
434 1 0
435 1 0
436 1 0
437 1 0
438 1 0
439 1 0
440 1 0
441 1 0
442 1 0
443 1 0
444 1 0
445 1 0
446 1 0
447 1 0
448 1 0
449 1 0
450 1 0
451 1 0
452 1 0
453 1 0
454 1 0
455 1 0
456 1 0
457 1 0
458 1 0
459 1 0
460 1 0
461 1 0
462 1 0
463 1 0
464 1 0
465 1 0
466 1 0
467 1 0
468 1 0
469 1 0
470 1 0
471 1 0
472 1 0
473 1 0
474 1 0
475 1 0
476 1 0
477 1 0
478 1 0
479 1 0
480 1 0
481 1 0
482 1 0
483 1 0
484 1 0
485 1 0
486 1 0
487 1 0
488 1 0
489 1 0
490 1 0
491 1 0
492 1 0
493 1 0
494 1 0
495 1 0
496 1 0
497 1 0
498 1 0
499 1 0
500 1 0
501 1 0
502 1 0
503 1 4
504 1 4
505 1 4
506 1 4
507 1 4
508 1 4
509 1 4
510 1 4
511 1 4
512 1 4
513 1 4
514 1 4
515 1 4
516 1 4
517 1 4
518 1 4
519 1 4
520 1 4
521 1 4
522 1 7
523 1 7
524 1 7
525 1 7
526 1 7
527 1 7
528 1 7
529 1 7
530 1 7
531 1 7
532 1 7
533 1 7
534 1 7
535 1 7
536 1 7
537 1 7
538 1 7
539 1 7
540 1 7
541 1 7
542 1 7
543 1 7
544 1 7
545 1 7
546 1 7
547 1 7
548 1 7
549 1 7
550 1 6
551 1 6
552 1 6
553 1 6
554 1 6
555 1 6
556 1 6
557 1 6
558 1 6
559 1 6
560 1 6
561 1 6
562 1 6
563 1 6
564 1 6
565 1 6
566 1 6
567 1 6
568 1 6
569 1 6
570 1 6
571 1 6
572 1 6
573 1 6
574 1 6
575 1 6
576 1 6
577 1 6
578 1 6
579 1 6
580 1 6
581 1 6
582 1 6
583 2 9
584 2 9
585 2 9
586 2 9
587 2 8
588 2 8
589 2 8
590 2 8
591 2 8
592 2 8
593 2 8
594 2 8
595 2 8
596 2 8
597 2 8
598 2 8
599 2 8
600 2 8
601 2 8
602 2 8
603 2 8
604 2 8
605 2 8
606 2 8
607 2 8
608 2 8
609 2 8
610 2 8
611 2 8
612 2 8
613 2 8
614 2 8
615 2 8
616 2 8
617 2 8
618 2 8
619 2 8
620 2 8
621 2 8
622 2 8
623 2 8
624 2 8
625 2 10
626 2 10
627 2 10
628 2 10
629 2 10
630 2 10
631 2 10
632 2 10
633 2 10
634 2 10
635 2 10
636 2 10
637 2 10
638 2 10
639 2 10
640 2 10
641 2 10
642 2 10
643 2 10
644 2 10
645 2 10
646 2 10
647 2 10
648 2 10
649 2 10
650 2 10
651 2 10
652 2 10
653 2 10
654 2 10
655 2 10
656 2 10
657 2 10
658 2 10
659 2 10
660 2 10
661 2 10
662 2 10
663 2 10
664 2 10
665 2 10
666 2 10
667 2 10
668 2 10
669 2 10
670 2 10
671 2 10
672 2 10
673 2 10
674 2 10
675 2 10
676 2 10
677 2 10
678 2 10
679 2 10
680 2 10
681 2 10
682 2 10
683 2 9
684 2 9
685 2 9
686 2 9
687 2 9
688 2 9
689 2 9
690 2 9
691 2 9
692 2 9
693 2 9
694 2 9
695 2 9
696 2 9
697 2 9
698 2 9
699 2 9
700 2 8
701 2 8
702 2 8
703 2 8
704 2 8
705 2 8
706 2 8
707 2 8
708 2 8
709 2 8
710 2 8
711 2 8
712 2 8
713 2 8
714 2 8
715 2 8
716 2 8
717 2 8
718 2 8
719 2 8
720 2 8
721 2 8
722 2 8
723 2 8
724 2 8
725 2 8
726 2 8
727 2 8
728 2 8
729 2 8
730 2 10
731 2 10
732 2 10
733 2 10
734 2 10
735 2 10
736 2 10
737 2 10
738 2 10
739 2 12
740 2 12
741 2 12
742 2 12
743 2 14
744 2 14
745 2 14
746 2 14
747 2 14
748 2 14
749 2 14
750 2 14
751 2 13
752 2 13
753 2 13
754 2 13
755 2 13
756 2 13
757 2 13
758 2 13
759 2 13
760 2 13
761 2 13
762 2 13
763 2 13
764 2 13
765 2 13
766 2 13
767 2 13
768 2 13
769 2 13
770 2 13
771 2 13
772 2 13
773 2 13
774 2 13
775 2 13
776 2 13
777 2 13
778 2 13
779 3 13
780 3 13
781 3 15
782 3 15
783 3 15
784 3 15
785 3 15
786 3 15
787 3 15
788 3 16
789 3 16
790 3 16
791 3 16
792 3 16
793 3 16
794 3 16
795 3 16
796 3 16
797 3 16
798 3 16
799 3 16
800 3 16
801 3 16
802 3 16
803 3 18
804 3 18
805 3 18
806 3 18
807 3 18
808 3 18
809 3 18
810 3 18
811 3 18
812 3 18
813 3 18
814 3 18
815 3 18
816 3 18
817 3 18
818 3 18
819 3 18
820 3 18
821 3 18
822 3 18
823 3 18
824 3 18
825 3 18
826 3 18
827 3 18
828 3 18
829 3 19
830 3 19
831 3 19
832 3 19
833 3 19
834 3 19
835 3 19
836 3 19
837 3 19
838 3 19
839 3 19
840 3 19
841 3 19
842 3 19
843 3 19
844 3 19
845 3 19
846 3 19
847 3 21
848 3 21
849 3 21
850 3 21
851 3 21
852 3 21
853 3 21
854 3 21
855 3 21
856 3 21
857 3 21
858 3 20
859 3 20
860 3 20
861 3 20
862 3 20
863 3 20
864 3 20
865 3 20
866 3 20
867 3 20
868 3 20
869 3 20
870 3 20
871 3 21
872 3 21
873 3 21
874 3 21
875 3 21
876 3 21
877 3 21
878 3 21
879 3 21
880 3 21
881 3 21
882 3 21
883 3 21
884 3 21
885 3 21
886 3 21
887 3 21
888 3 21
889 3 21
890 3 21
891 3 21
892 3 21
893 3 21
894 3 21
895 3 21
896 3 21
897 3 21
898 3 21
899 3 21
900 3 21
901 3 21
902 3 21
903 3 21
904 3 21
905 3 21
906 3 21
907 3 22
908 3 22
909 3 22
910 3 22
911 3 23
912 3 23
913 3 23
914 3 23
915 3 23
916 3 23
917 3 23
918 3 23
919 3 24
920 3 24
921 3 24
922 3 24
923 3 24
924 3 24
925 3 24
926 3 24
927 3 24
928 3 24
929 3 23
930 3 23
931 3 23
932 3 23
933 3 23
934 3 23
935 3 23
936 3 23
937 3 23
938 3 23
939 3 23
940 3 23
941 3 23
942 3 23
943 3 23
944 3 23
945 3 23
946 3 25
947 3 25
948 3 25
949 3 25
950 3 25
951 3 25
952 4 25
953 4 25
954 4 26
955 4 25
956 4 25
957 4 25
958 4 25
959 4 25
960 4 25
961 4 25
962 4 25
963 4 25
964 4 25
965 4 24
966 4 24
967 4 24
968 4 24
969 4 24
970 4 24
971 4 25
972 4 25
973 4 25
974 4 25
975 4 25
976 4 25
977 4 25
978 4 25
979 4 25
980 4 25
981 4 25
982 4 25
983 4 26
984 4 26
985 4 25
986 4 26
987 4 26
988 4 26
989 4 26
990 4 26
991 4 26
992 4 26
993 4 27
994 4 27
995 4 27
996 4 27
997 4 28
998 4 28
999 4 28
1000 4 28
1001 4 28
1002 4 28
1003 4 28
1004 4 28
1005 4 28
1006 4 28
1007 4 28
1008 4 28
1009 4 29
1010 4 29
1011 4 29
1012 4 29
1013 4 29
1014 4 29
1015 4 29
1016 4 29
1017 4 29
1018 4 29
1019 4 29
1020 4 30
1021 4 30
1022 4 30
1023 4 30
1024 4 30
1025 4 30
1026 4 30
1027 4 31
1028 4 31
1029 4 31
1030 4 31
1031 4 31
1032 4 31
1033 4 31
1034 4 31
1035 4 31
1036 4 32
1037 4 32
1038 4 32
1039 4 32
1040 4 32
1041 4 32
1042 4 32
1043 4 32
1044 4 33
1045 4 33
1046 4 33
1047 4 33
1048 4 33
1049 4 33
1050 4 33
1051 4 32
1052 4 32
1053 4 32
1054 4 32
1055 4 32
1056 4 33
1057 4 33
1058 4 34
1059 4 34
1060 4 34
1061 4 35
1062 5 35
1063 5 35
1064 5 34
1065 5 34
1066 5 34
1067 5 35
1068 5 35
1069 5 35
1070 5 34
1071 5 34
1072 5 34
1073 5 34
1074 5 34
1075 5 34
1076 5 34
1077 5 34
1078 5 34
1079 5 34
1080 5 35
1081 5 35
1082 5 35
1083 5 35
1084 5 35
1085 5 35
1086 5 35
1087 5 35
1088 5 35
1089 5 35
1090 5 35
1091 5 35
1092 5 35
1093 5 36
1094 5 36
1095 5 36
1096 5 36
1097 5 36
1098 5 36
1099 5 36
1100 5 36
1101 5 36
1102 5 36
1103 5 36
1104 5 36
1105 5 36
1106 5 36
1107 5 36
1108 5 36
1109 5 36
1110 5 37
1111 5 37
1112 5 37
1113 5 37
1114 5 37
1115 5 37
1116 5 37
1117 5 37
1118 5 37
1119 5 37
1120 5 37
1121 5 37
1122 5 37
1123 5 37
1124 5 37
1125 5 37
1126 5 37
1127 5 37
1128 5 37
1129 5 37
1130 5 37
1131 5 37
1132 5 37
1133 5 37
1134 5 37
1135 5 37
1136 5 37
1137 6 36
1138 6 36
1139 6 36
1140 6 36
1141 6 36
1142 6 36
1143 6 36
1144 6 36
1145 6 37
1146 6 37
1147 6 38
1148 6 38
1149 6 38
1150 6 38
1151 6 38
1152 6 38
1153 6 38
1154 6 38
1155 6 38
1156 6 38
1157 6 38
1158 6 38
1159 6 38
1160 6 38
1161 6 38
1162 6 38
1163 6 38
1164 6 38
1165 6 38
1166 6 38
1167 6 38
1168 6 38
1169 6 38
1170 6 38
1171 6 38
1172 6 38
1173 6 39
1174 6 39
1175 6 39
1176 6 39
1177 6 39
1178 6 40
1179 6 40
1180 6 40
1181 6 40
1182 6 40
1183 6 40
1184 6 40
1185 6 40
1186 6 40
1187 6 40
1188 6 40
1189 6 40
1190 6 40
1191 6 41
1192 6 41
1193 6 42
1194 6 42
1195 6 42
1196 6 42
1197 6 42
1198 6 42
1199 6 42
1200 6 42
1201 6 42
1202 6 42
1203 6 42
1204 6 42
1205 6 42
1206 6 42
1207 6 42
1208 6 42
1209 6 42
1210 6 42
1211 6 42
1212 6 42
1213 7 42
1214 7 42
1215 7 42
1216 7 42
1217 7 42
1218 7 42
1219 7 42
1220 7 42
1221 7 42
1222 7 42
1223 7 42
1224 7 43
1225 7 43
1226 7 43
1227 7 43
1228 7 43
1229 7 43
1230 7 43
1231 7 43
1232 7 43
1233 7 43
1234 7 43
1235 7 43
1236 7 43
1237 7 43
1238 7 43
1239 7 43
1240 7 43
1241 7 43
1242 7 44
1243 7 43
1244 7 43
1245 7 43
1246 7 43
1247 7 44
1248 7 44
1249 7 45
1250 7 45
1251 7 45
1252 7 44
1253 7 44
1254 7 44
1255 7 44
1256 7 44
1257 7 44
1258 7 44
1259 7 44
1260 7 44
1261 7 44
1262 7 44
1263 8 44
1264 8 44
1265 8 44
1266 8 44
1267 8 44
1268 8 44
1269 8 44
1270 8 44
1271 8 44
1272 8 44
1273 8 44
1274 8 44
1275 8 44
1276 8 44
1277 8 44
1278 8 44
1279 8 44
1280 8 44
1281 8 44
1282 8 44
1283 8 44
1284 8 44
1285 8 44
1286 8 44
1287 8 44
1288 8 44
1289 8 44
1290 8 44
1291 8 44
1292 8 43
1293 8 43
1294 8 43
1295 8 44
1296 8 44
1297 8 44
1298 8 44
1299 8 44
1300 8 44
1301 8 44
1302 8 44
1303 8 44
1304 8 44
1305 8 44
1306 8 44
1307 8 44
1308 8 44
1309 8 44
1310 8 44
1311 8 45
1312 8 45
1313 8 45
1314 8 45
1315 8 45
1316 8 45
1317 8 44
1318 8 44
1319 8 45
1320 8 45
1321 8 44
1322 8 44
1323 8 45
1324 8 44
1325 8 44
1326 9 44
1327 9 44
1328 9 45
1329 9 45
1330 9 45
1331 9 45
1332 9 45
1333 9 45
1334 9 45
1335 9 45
1336 9 45
1337 9 46
1338 9 46
1339 9 46
1340 9 46
1341 9 46
1342 9 46
1343 9 46
1344 9 46
1345 9 46
1346 9 46
1347 9 46
1348 9 46
1349 9 46
1350 10 46
1351 10 47
1352 10 47
1353 10 47
1354 10 48
1355 10 48
1356 10 48
1357 10 48
1358 10 48
1359 10 49
1360 10 49
1361 10 49
1362 10 49
1363 10 49
1364 10 49
1365 10 49
1366 10 49
1367 10 49
1368 10 49
1369 10 49
1370 10 49
1371 10 49
1372 10 49
1373 10 49
1374 10 49
1375 10 49
1376 10 50
1377 10 50
1378 10 50
1379 10 50
1380 10 50
1381 10 50
1382 10 50
1383 10 51
1384 10 50
1385 10 51
1386 11 51
1387 11 51
1388 11 51
1389 11 51
1390 11 52
1391 11 52
1392 11 52
1393 11 52
1394 11 52
1395 11 52
1396 11 52
1397 11 52
1398 11 52
1399 11 52
1400 11 52
1401 11 53
1402 11 53
1403 11 53
1404 11 53
1405 11 53
1406 11 53
1407 11 54
1408 11 54
1409 11 54
1410 11 54
1411 11 54
1412 11 54
1413 11 54
1414 11 54
1415 11 55
1416 11 55
1417 11 55
1418 11 55
1419 11 55
1420 11 55
1421 12 55
1422 12 55
1423 12 55
1424 12 55
1425 12 55
1426 12 55
1427 12 55
1428 12 55
1429 12 55
1430 12 55
1431 12 55
1432 12 55
1433 12 55
1434 12 55
1435 12 55
1436 12 55
1437 12 55
1438 12 56
1439 12 56
1440 12 56
1441 12 56
1442 12 56
1443 13 55
1444 13 56
1445 13 56
1446 13 56
1447 13 56
1448 13 56
1449 13 56
1450 13 56
1451 13 56
1452 13 56
1453 13 56
1454 13 56
1455 13 56
1456 13 57
1457 13 56
1458 13 56
1459 13 56
1460 13 56
1461 13 56
1462 13 56
1463 13 56
1464 13 56
1465 13 56
1466 13 56
1467 13 56
1468 13 56
1469 13 56
1470 13 56
1471 13 56
1472 13 56
1473 13 56
1474 13 56
1475 14 56
1476 14 56
1477 14 56
1478 14 57
1479 14 57
1480 14 57
1481 14 57
1482 14 57
1483 14 57
1484 14 58
1485 14 58
1486 14 58
1487 14 58
1488 14 58
1489 14 58
1490 14 58
1491 14 59
1492 14 59
1493 15 59
1494 15 59
1495 15 59
1496 15 59
1497 15 59
1498 15 59
1499 15 59
1500 15 59
1501 15 59
1502 15 59
1503 15 59
1504 15 59
1505 15 60
1506 15 60
1507 15 60
1508 15 60
1509 15 60
1510 15 60
1511 15 60
1512 15 60
1513 15 60
1514 15 60
1515 15 60
1516 15 60
1517 15 61
1518 15 61
1519 16 61
1520 16 61
1521 16 61
1522 16 61
1523 16 61
1524 16 61
1525 16 61
1526 16 61
1527 16 61
1528 16 61
1529 16 61
1530 16 61
1531 16 61
1532 17 61
1533 17 62
1534 17 62
1535 17 62
1536 17 62
1537 17 62
1538 17 62
1539 17 62
1540 17 62
1541 17 62
1542 17 62
1543 17 63
1544 17 63
1545 17 63
1546 17 63
1547 17 63
1548 17 63
1549 17 63
1550 18 63
1551 18 63
1552 18 63
1553 18 63
1554 18 63
1555 18 63
1556 18 64
1557 18 64
1558 18 64
1559 18 64
1560 18 64
1561 18 64
1562 18 64
1563 18 64
1564 19 64
1565 19 64
1566 19 64
1567 19 64
1568 19 64
1569 19 65
1570 19 65
1571 19 65
1572 19 65
1573 19 65
1574 19 65
1575 19 65
1576 19 65
1577 19 65
1578 19 65
1579 20 66
1580 20 66
1581 20 66
1582 20 66
1583 20 66
1584 20 66
1585 20 66
1586 20 66
1587 20 66
1588 21 66
1589 21 66
1590 21 66
1591 21 66
1592 22 67
1593 22 67
1594 22 67
1595 22 67
1596 22 67
1597 22 67
1598 22 67
1599 22 67
1600 22 67
1601 22 67
1602 22 67
1603 22 67
1604 22 67
1605 23 68
1606 23 68
1607 23 68
1608 23 68
1609 23 68
1610 24 68
1611 24 68
1612 24 68
1613 24 68
1614 24 68
1615 25 68
1616 25 68
1617 25 68
1618 25 68
1619 25 68
1620 25 68
1621 25 68
1622 25 68
1623 25 68
1624 25 68
1625 26 69
1626 26 69
1627 26 69
1628 26 69
1629 26 69
1630 26 69
1631 27 69
1632 27 69
1633 27 69
1634 27 69
1635 27 69
1636 27 69
1637 27 69
1638 27 69
1639 27 69
1640 27 69
1641 27 69
1642 28 69
1643 28 69
1644 29 69
1645 30 69
1646 30 69
1647 30 69
1648 30 69
1649 30 69
1650 31 70
1651 31 70
1652 31 70
1653 32 70
1654 33 70
1655 33 70
1656 33 70
1657 34 70
1658 34 70
1659 37 70
1660 37 70
1661 38 70
1662 38 70
1663 38 70
1664 39 70
1665 40 70
1666 40 71
1667 43 71
1668 44 71
1669 44 71
1670 44 71
1671 44 71
1672 45 71
1673 45 71
1674 45 71
1675 45 71
1676 46 71
1677 46 71
1678 46 71
1679 48 71
1680 48 71
1681 49 71
1682 50 71
1683 51 71
1684 52 71
1685 53 72
1686 53 72
1687 59 72
1688 64 72
1689 93 72
1690 93 72
1691 100 72
