0 0 0
1 0 0
2 0 0
3 0 0
4 0 0
5 0 0
6 0 0
7 0 0
8 0 0
9 0 0
10 0 0
11 0 0
12 0 0
13 0 0
14 0 0
15 0 0
16 0 0
17 0 0
18 0 0
19 0 0
20 0 0
21 0 0
22 0 0
23 0 0
24 0 0
25 0 0
26 0 0
27 0 0
28 0 0
29 0 0
30 0 0
31 0 0
32 0 0
33 0 0
34 0 0
35 0 0
36 0 0
37 0 0
38 0 0
39 0 0
40 0 0
41 0 0
42 0 0
43 0 0
44 0 0
45 0 0
46 0 0
47 0 0
48 0 0
49 0 0
50 0 0
51 0 0
52 0 0
53 0 0
54 0 0
55 0 0
56 0 0
57 0 0
58 0 0
59 0 0
60 0 0
61 0 0
62 0 0
63 0 0
64 0 0
65 0 0
66 0 0
67 0 0
68 0 0
69 0 0
70 0 0
71 0 0
72 0 0
73 0 0
74 0 0
75 0 0
76 0 0
77 0 0
78 0 0
79 0 0
80 0 0
81 0 0
82 0 0
83 0 0
84 0 0
85 0 0
86 0 0
87 0 33
88 0 33
89 0 33
90 0 33
91 0 33
92 0 33
93 0 33
94 0 33
95 0 33
96 0 33
97 0 33
98 0 33
99 0 33
100 0 33
101 0 33
102 0 33
103 0 33
104 0 33
105 0 33
106 0 33
107 0 33
108 0 33
109 0 33
110 0 33
111 0 33
112 0 33
113 0 33
114 0 33
115 0 33
116 0 33
117 0 33
118 0 33
119 0 33
120 0 33
121 0 33
122 0 33
123 0 33
124 0 33
125 0 33
126 0 33
127 0 33
128 0 33
129 0 33
130 0 33
131 0 33
132 0 33
133 0 33
134 0 33
135 0 33
136 0 33
137 0 33
138 0 33
139 0 33
140 0 33
141 0 33
142 0 33
143 0 33
144 0 33
145 0 33
146 0 33
147 0 33
148 0 33
149 0 33
150 0 33
151 0 33
152 0 33
153 0 33
154 0 33
155 0 33
156 0 33
157 0 33
158 0 33
159 0 33
160 0 33
161 0 33
162 0 33
163 0 33
164 0 33
165 0 33
166 0 33
167 0 33
168 0 33
169 0 33
170 0 33
171 0 33
172 0 33
173 0 33
174 0 33
175 0 33
176 0 33
177 0 33
178 0 50
179 0 50
180 0 50
181 0 50
182 0 50
183 0 50
184 0 60
185 0 60
186 0 60
187 0 60
188 0 60
189 0 60
190 0 60
191 0 60
192 0 60
193 0 66
194 0 66
195 0 66
196 0 66
197 0 57
198 0 57
199 0 57
200 0 62
201 0 62
202 0 62
203 0 66
204 0 66
205 0 66
206 0 66
207 0 66
208 0 66
209 0 66
210 0 66
211 0 66
212 0 66
213 0 66
214 0 66
215 0 66
216 0 66
217 0 66
218 0 66
219 0 66
220 0 66
221 0 66
222 0 66
223 0 66
224 0 66
225 0 66
226 0 66
227 0 66
228 0 66
229 0 66
230 0 66
231 0 66
232 0 66
233 0 66
234 0 66
235 0 66
236 0 66
237 0 66
238 0 66
239 0 66
240 0 66
241 0 66
242 0 66
243 0 66
244 0 66
245 0 66
246 0 66
247 0 66
248 0 66
249 0 70
250 0 70
251 0 70
252 0 70
253 0 70
254 0 70
255 0 70
256 0 70
257 0 70
258 0 70
259 0 70
260 0 70
261 0 70
262 0 70
263 0 70
264 0 70
265 0 70
266 0 70
267 0 70
268 0 70
269 0 70
270 0 63
271 0 63
272 0 63
273 0 63
274 0 63
275 0 63
276 0 63
277 0 63
278 0 63
279 0 63
280 0 63
281 0 63
282 0 63
283 0 63
284 0 63
285 0 63
286 0 63
287 0 63
288 0 63
289 0 63
290 0 63
291 0 63
292 0 63
293 0 63
294 0 63
295 0 63
296 0 63
297 0 63
298 0 63
299 0 63
300 0 63
301 0 63
302 0 66
303 0 66
304 0 66
305 0 66
306 0 66
307 0 66
308 0 66
309 0 66
310 0 66
311 0 66
312 0 66
313 0 66
314 0 66
315 0 66
316 0 66
317 0 66
318 0 66
319 0 66
320 0 66
321 0 66
322 0 66
323 0 66
324 0 66
325 0 66
326 0 66
327 0 66
328 0 66
329 0 66
330 0 66
331 0 66
332 0 66
333 0 66
334 0 66
335 0 66
336 0 66
337 0 66
338 0 66
339 0 66
340 0 66
341 0 66
342 0 66
343 0 66
344 0 66
345 0 66
346 0 66
347 0 66
348 0 66
349 0 66
350 0 66
351 0 66
352 0 66
353 0 66
354 0 66
355 0 66
356 0 66
357 0 66
358 0 66
359 0 66
360 0 66
361 0 66
362 0 66
363 0 66
364 0 66
365 0 66
366 0 66
367 0 66
368 0 66
369 0 66
370 0 66
371 0 66
372 0 66
373 0 66
374 0 66
375 0 66
376 0 69
377 0 69
378 0 71
379 0 73
380 0 73
381 0 73
382 0 73
383 0 73
384 0 73
385 0 73
386 0 73
387 0 73
388 0 73
389 0 73
390 0 73
391 0 73
392 0 73
393 0 73
394 0 73
395 0 73
396 0 73
397 0 73
398 0 73
399 0 73
400 0 73
401 0 73
402 0 73
403 0 73
404 0 73
405 0 73
406 0 73
407 0 75
408 0 75
409 0 75
410 0 75
411 0 75
412 0 75
413 0 75
414 0 75
415 0 75
416 0 70
417 0 70
418 0 70
419 0 70
420 0 66
421 0 66
422 0 66
423 0 66
424 0 66
425 0 66
426 0 66
427 0 66
428 0 66
429 0 66
430 0 66
431 0 63
432 0 63
433 0 63
434 0 63
435 0 60
436 0 60
437 0 60
438 0 60
439 0 60
440 0 60
441 0 60
442 0 60
443 0 60
444 0 60
445 0 60
446 0 60
447 0 60
448 0 60
449 0 60
450 0 60
451 0 60
452 0 60
453 0 60
454 0 60
455 0 60
456 0 57
457 0 57
458 0 57
459 0 57
460 0 57
461 0 57
462 0 57
463 0 57
464 0 57
465 0 54
466 0 54
467 0 54
468 0 54
469 0 54
470 0 54
471 0 54
472 0 54
473 0 54
474 0 54
475 0 54
476 0 54
477 0 54
478 0 54
479 0 54
480 0 54
481 0 54
482 0 54
483 0 54
484 0 54
485 0 54
486 0 54
487 0 54
488 0 54
489 0 54
490 0 54
491 0 54
492 0 54
493 0 54
494 0 54
495 0 54
496 0 54
497 0 54
498 0 54
499 0 54
500 0 54
501 0 54
502 0 54
503 0 54
504 0 54
505 0 54
506 0 54
507 0 54
508 0 54
509 0 54
510 0 54
511 0 54
512 0 54
513 0 54
514 0 54
515 0 54
516 0 54
517 0 54
518 0 54
519 0 54
520 0 56
521 0 56
522 0 56
523 0 56
524 0 56
525 0 56
526 0 56
527 0 56
528 0 56
529 0 56
530 0 56
531 0 56
532 0 56
533 0 56
534 0 56
535 0 54
536 0 54
537 0 54
538 0 54
539 0 54
540 0 54
541 0 54
542 0 54
543 0 54
544 0 56
545 0 56
546 0 56
547 0 56
548 0 56
549 0 56
550 0 56
551 0 56
552 0 56
553 0 56
554 0 56
555 0 56
556 0 56
557 0 56
558 0 53
559 0 53
560 0 53
561 0 53
562 0 53
563 0 53
564 0 55
565 0 55
566 0 55
567 0 55
568 0 55
569 0 55
570 0 53
571 0 53
572 0 53
573 0 53
574 0 53
575 0 53
576 0 53
577 0 53
578 0 53
579 0 53
580 0 53
581 0 53
582 0 53
583 0 53
584 0 53
585 0 53
586 0 53
587 0 53
588 0 53
589 0 53
590 0 51
591 0 51
592 0 51
593 0 51
594 0 53
595 0 54
596 0 54
597 0 54
598 0 54
599 0 54
600 0 54
601 0 54
602 0 53
603 0 53
604 0 53
605 0 53
606 0 53
607 0 53
608 0 53
609 0 53
610 0 53
611 0 53
612 0 53
613 0 53
614 0 53
615 0 53
616 0 53
617 0 53
618 0 53
619 0 53
620 0 51
621 0 51
622 0 51
623 0 51
624 0 51
625 0 51
626 0 51
627 0 51
628 0 51
629 0 50
630 0 50
631 0 50
632 0 50
633 0 50
634 0 50
635 0 50
636 0 50
637 0 50
638 0 50
639 0 50
640 0 50
641 0 50
642 0 50
643 0 50
644 0 50
645 0 50
646 0 50
647 0 48
648 0 47
649 0 47
650 0 45
651 0 45
652 0 45
653 0 45
654 0 45
655 0 44
656 0 44
657 0 43
658 0 43
659 0 43
660 0 43
661 0 43
662 0 43
663 0 43
664 0 43
665 0 43
666 0 42
667 0 42
668 0 42
669 0 42
670 0 42
671 0 42
672 0 43
673 0 43
674 0 43
675 0 43
676 0 43
677 0 43
678 0 43
679 0 43
680 0 43
681 0 43
682 0 43
683 0 42
684 0 42
685 0 42
686 0 42
687 0 42
688 0 42
689 0 42
690 0 42
691 0 42
692 0 41
693 0 41
694 0 40
695 0 40
696 0 40
697 0 40
698 0 40
699 0 40
700 0 40
701 0 40
702 0 40
703 0 40
704 0 40
705 0 40
706 0 40
707 0 40
708 0 39
709 0 39
710 0 39
711 0 39
712 0 39
713 0 39
714 0 40
715 0 40
716 0 40
717 0 40
718 0 40
719 0 40
720 0 40
721 0 40
722 0 40
723 0 40
724 0 40
725 0 40
726 0 40
727 0 40
728 0 40
729 0 40
730 0 40
731 0 40
732 0 40
733 0 40
734 0 40
735 0 40
736 0 40
737 0 40
738 0 40
739 0 40
740 0 40
741 0 40
742 0 40
743 0 40
744 0 40
745 0 40
746 0 40
747 0 40
748 0 40
749 0 40
750 0 40
751 0 40
752 0 40
753 0 40
754 0 40
755 0 40
756 0 41
757 0 41
758 0 41
759 0 41
760 0 41
761 0 41
762 0 41
763 0 41
764 0 40
765 0 40
766 0 40
767 0 40
768 0 40
769 0 41
770 0 41
771 0 41
772 0 41
773 0 41
774 0 41
775 0 41
776 0 41
777 0 40
778 0 40
779 0 40
780 0 39
781 0 39
782 0 39
783 0 39
784 0 39
785 0 39
786 0 40
787 0 40
788 0 40
789 0 40
790 0 40
791 0 40
792 0 40
793 0 41
794 0 41
795 0 41
796 0 41
797 0 41
798 0 41
799 0 41
800 0 41
801 0 41
802 0 41
803 0 41
804 0 41
805 0 41
806 0 40
807 0 40
808 0 40
809 0 39
810 0 39
811 0 39
812 0 39
813 0 39
814 0 39
815 0 39
816 0 39
817 0 39
818 0 39
819 0 39
820 0 39
821 0 39
822 0 38
823 0 38
824 0 38
825 0 38
826 0 38
827 0 38
828 0 38
829 0 38
830 0 38
831 0 38
832 0 38
833 0 38
834 0 38
835 0 38
836 0 38
837 0 38
838 0 38
839 0 38
840 0 38
841 0 38
842 0 38
843 0 38
844 0 38
845 0 38
846 0 38
847 0 38
848 0 38
849 0 38
850 0 38
851 0 38
852 0 38
853 0 38
854 0 38
855 0 38
856 0 38
857 0 38
858 0 38
859 0 37
860 0 37
861 0 37
862 0 37
863 0 37
864 0 37
865 0 37
866 0 37
867 0 37
868 0 37
869 0 37
870 0 37
871 0 37
872 0 37
873 0 37
874 0 37
875 0 38
876 0 38
877 0 38
878 0 38
879 0 38
880 0 38
881 0 38
882 0 37
883 0 37
884 0 37
885 0 37
886 0 37
887 0 37
888 0 37
889 0 37
890 0 37
891 0 37
892 0 37
893 0 37
894 0 37
895 0 37
896 0 38
897 0 38
898 0 38
899 0 38
900 0 38
901 0 38
902 0 38
903 0 38
904 0 38
905 0 38
906 0 38
907 0 38
908 0 38
909 0 38
910 0 38
911 0 38
912 0 38
913 0 38
914 0 38
915 0 38
916 0 37
917 0 37
918 0 37
919 0 37
920 0 37
921 0 37
922 0 37
923 0 37
924 0 37
925 0 37
926 0 37
927 0 37
928 0 37
929 0 37
930 0 37
931 0 37
932 0 36
933 0 36
934 0 36
935 0 36
936 0 36
937 0 35
938 0 35
939 0 35
940 0 35
941 0 35
942 0 35
943 0 35
944 0 35
945 0 35
946 0 35
947 0 35
948 0 35
949 0 35
950 0 35
951 0 35
952 0 35
953 0 35
954 0 35
955 0 35
956 0 35
957 0 35
958 0 35
959 0 35
960 0 35
961 0 34
962 0 34
963 0 34
964 0 34
965 0 34
966 0 34
967 0 34
968 0 34
969 0 34
970 0 34
971 0 34
972 0 34
973 0 34
974 0 35
975 0 35
976 0 35
977 0 35
978 0 35
979 0 35
980 0 35
981 0 35
982 0 35
983 0 35
984 0 35
985 0 35
986 0 35
987 0 35
988 0 35
989 0 35
990 0 35
991 0 35
992 0 35
993 0 34
994 0 34
995 0 34
996 0 34
997 0 34
998 0 34
999 0 34
1000 0 34
1001 0 34
1002 0 33
1003 0 33
1004 0 33
1005 0 33
1006 0 33
1007 0 33
1008 0 33
1009 0 33
1010 0 33
1011 0 33
1012 0 33
1013 0 33
1014 0 33
1015 0 33
1016 0 33
1017 0 33
1018 0 33
1019 0 33
1020 0 33
1021 0 33
1022 0 33
1023 0 32
1024 0 32
1025 0 32
1026 0 32
1027 0 31
1028 0 31
1029 0 31
1030 0 31
1031 0 31
1032 0 31
1033 0 31
1034 0 31
1035 0 30
1036 0 30
1037 0 30
1038 0 30
1039 1 30
1040 1 30
1041 1 30
1042 1 30
1043 1 30
1044 1 30
1045 1 30
1046 1 30
1047 1 31
1048 1 31
1049 1 31
1050 1 31
1051 1 31
1052 1 31
1053 1 31
1054 1 31
1055 1 31
1056 1 31
1057 1 31
1058 1 31
1059 1 31
1060 1 31
1061 1 31
1062 1 31
1063 1 30
1064 1 30
1065 1 30
1066 1 30
1067 1 30
1068 1 30
1069 1 30
1070 1 30
1071 1 30
1072 1 30
1073 1 30
1074 1 30
1075 1 30
1076 1 30
1077 1 30
1078 1 30
1079 1 30
1080 1 30
1081 1 31
1082 1 31
1083 1 31
1084 1 31
1085 1 30
1086 1 30
1087 1 30
1088 1 30
1089 1 30
1090 1 30
1091 1 29
1092 1 29
1093 1 29
1094 1 29
1095 1 29
1096 1 29
1097 1 29
1098 1 29
1099 1 29
1100 1 29
1101 1 29
1102 1 29
1103 1 29
1104 1 29
1105 1 29
1106 1 29
1107 1 29
1108 1 29
1109 1 29
1110 1 29
1111 1 29
1112 1 29
1113 1 28
1114 1 28
1115 1 28
1116 1 28
1117 1 28
1118 1 28
1119 1 28
1120 1 28
1121 1 28
1122 1 28
1123 1 28
1124 1 28
1125 1 28
1126 1 28
1127 1 28
1128 1 28
1129 1 28
1130 1 28
1131 1 28
1132 1 28
1133 1 28
1134 1 28
1135 1 29
1136 1 29
1137 1 29
1138 1 28
1139 1 28
1140 1 28
1141 1 28
1142 1 28
1143 1 28
1144 1 28
1145 1 28
1146 1 28
1147 1 28
1148 1 28
1149 1 28
1150 1 28
1151 1 28
1152 1 28
1153 1 28
1154 1 28
1155 1 28
1156 1 28
1157 1 28
1158 1 28
1159 1 28
1160 1 28
1161 1 28
1162 1 28
1163 1 28
1164 1 28
1165 1 27
1166 1 27
1167 1 27
1168 1 27
1169 1 27
1170 1 27
1171 1 27
1172 1 26
1173 1 27
1174 1 27
1175 1 27
1176 1 27
1177 1 27
1178 1 27
1179 1 27
1180 1 26
1181 1 26
1182 1 26
1183 1 26
1184 1 26
1185 1 26
1186 1 26
1187 1 26
1188 1 26
1189 1 26
1190 1 26
1191 1 26
1192 1 26
1193 1 26
1194 1 26
1195 1 26
1196 1 26
1197 1 26
1198 1 26
1199 1 26
1200 1 26
1201 1 25
1202 1 25
1203 1 25
1204 1 25
1205 1 25
1206 1 25
1207 1 25
1208 1 25
1209 1 25
1210 1 25
1211 1 25
1212 1 26
1213 1 25
1214 1 25
1215 1 25
1216 1 25
1217 1 25
1218 1 25
1219 1 25
1220 1 25
1221 1 26
1222 1 26
1223 1 26
1224 1 26
1225 1 26
1226 1 26
1227 1 26
1228 1 26
1229 1 26
1230 1 26
1231 1 26
1232 1 26
1233 1 26
1234 1 25
1235 1 25
1236 1 25
1237 1 25
1238 1 25
1239 1 25
1240 1 25
1241 1 25
1242 1 25
1243 1 25
1244 1 25
1245 1 25
1246 1 25
1247 1 26
1248 1 26
1249 1 25
1250 1 25
1251 1 25
1252 1 25
1253 1 25
1254 1 25
1255 1 25
1256 1 25
1257 1 26
1258 1 26
1259 1 26
1260 1 26
1261 1 26
1262 1 26
1263 1 26
1264 1 26
1265 1 26
1266 1 26
1267 1 26
1268 1 26
1269 1 26
1270 1 26
1271 1 26
1272 1 26
1273 1 26
1274 1 26
1275 1 26
1276 1 26
1277 1 26
1278 1 26
1279 1 26
1280 1 26
1281 1 25
1282 1 25
1283 1 25
1284 1 25
1285 1 25
1286 1 25
1287 1 25
1288 1 25
1289 1 25
1290 1 25
1291 1 25
1292 1 25
1293 1 25
1294 1 25
1295 1 25
1296 1 25
1297 1 25
1298 1 25
1299 1 25
1300 1 25
1301 1 25
1302 1 25
1303 1 25
1304 1 25
1305 1 25
1306 1 25
1307 1 25
1308 1 24
1309 1 24
1310 1 24
1311 1 24
1312 1 24
1313 1 24
1314 1 24
1315 1 24
1316 1 24
1317 1 24
1318 1 24
1319 1 24
1320 1 24
1321 1 24
1322 1 24
1323 1 24
1324 1 24
1325 1 24
1326 1 24
1327 1 24
1328 1 24
1329 1 24
1330 1 24
1331 1 24
1332 1 24
1333 1 24
1334 1 24
1335 1 24
1336 1 24
1337 1 24
1338 1 24
1339 1 24
1340 1 23
1341 1 23
1342 1 23
1343 1 23
1344 1 23
1345 1 23
1346 1 23
1347 1 23
1348 1 23
1349 1 23
1350 1 23
1351 1 23
1352 1 23
1353 1 23
1354 1 23
1355 1 23
1356 1 23
1357 1 23
1358 1 23
1359 1 23
1360 1 23
1361 1 23
1362 2 23
1363 2 23
1364 2 23
1365 2 22
1366 2 22
1367 2 22
1368 2 22
1369 2 22
1370 2 22
1371 2 22
1372 2 22
1373 2 22
1374 2 22
1375 2 22
1376 2 22
1377 2 22
1378 2 22
1379 2 22
1380 2 22
1381 2 21
1382 2 21
1383 2 21
1384 2 21
1385 2 21
1386 2 21
1387 2 21
1388 2 21
1389 2 21
1390 2 21
1391 2 21
1392 2 21
1393 2 21
1394 2 21
1395 2 21
1396 2 21
1397 2 21
1398 2 20
1399 2 20
1400 2 20
1401 2 20
1402 2 20
1403 2 20
1404 2 20
1405 2 20
1406 2 20
1407 2 20
1408 2 20
1409 2 20
1410 2 20
1411 2 20
1412 2 20
1413 2 20
1414 2 20
1415 2 20
1416 2 20
1417 2 20
1418 2 20
1419 2 20
1420 2 20
1421 2 20
1422 2 20
1423 2 20
1424 2 20
1425 2 20
1426 2 20
1427 2 19
1428 2 19
1429 2 19
1430 2 19
1431 2 19
1432 2 19
1433 2 19
1434 2 19
1435 2 19
1436 2 19
1437 2 19
1438 2 19
1439 2 19
1440 2 19
1441 2 19
1442 2 19
1443 2 19
1444 2 19
1445 2 19
1446 2 19
1447 2 19
1448 2 19
1449 2 19
1450 2 19
1451 2 19
1452 2 19
1453 2 19
1454 2 19
1455 2 19
1456 2 19
1457 2 19
1458 2 19
1459 2 19
1460 2 19
1461 2 19
1462 2 19
1463 2 19
1464 2 19
1465 2 19
1466 2 19
1467 2 18
1468 2 18
1469 2 18
1470 2 18
1471 2 18
1472 2 18
1473 2 18
1474 2 18
1475 2 18
1476 2 18
1477 2 18
1478 2 18
1479 2 18
1480 2 18
1481 2 18
1482 2 18
1483 2 18
1484 2 18
1485 2 18
1486 2 18
1487 2 18
1488 2 18
1489 2 18
1490 2 18
1491 2 18
1492 2 18
1493 2 18
1494 2 18
1495 2 18
1496 2 18
1497 2 18
1498 2 18
1499 2 18
1500 2 18
1501 2 18
1502 2 17
1503 2 17
1504 2 17
1505 2 17
1506 2 17
1507 2 17
1508 2 17
1509 2 17
1510 2 18
1511 2 18
1512 2 18
1513 2 18
1514 2 18
1515 2 18
1516 2 18
1517 2 18
1518 2 18
1519 2 18
1520 2 18
1521 2 17
1522 2 17
1523 2 17
1524 2 17
1525 2 17
1526 2 17
1527 2 17
1528 2 17
1529 2 17
1530 2 17
1531 2 17
1532 3 17
1533 3 17
1534 3 17
1535 3 17
1536 3 17
1537 3 17
1538 3 17
1539 3 17
1540 3 17
1541 3 17
1542 3 17
1543 3 17
1544 3 17
1545 3 17
1546 3 17
1547 3 17
1548 3 17
1549 3 17
1550 3 17
1551 3 17
1552 3 17
1553 3 17
1554 3 17
1555 3 17
1556 3 17
1557 3 17
1558 3 17
1559 3 17
1560 3 17
1561 3 17
1562 3 17
1563 3 17
1564 3 17
1565 3 16
1566 3 16
1567 3 16
1568 3 16
1569 3 16
1570 3 16
1571 3 16
1572 3 16
1573 3 16
1574 3 16
1575 3 16
1576 3 16
1577 3 16
1578 3 16
1579 3 16
1580 3 16
1581 3 16
1582 3 16
1583 3 16
1584 3 16
1585 3 16
1586 3 16
1587 3 16
1588 3 16
1589 3 16
1590 3 16
1591 3 16
1592 3 16
1593 3 16
1594 4 16
1595 4 16
1596 4 16
1597 4 16
1598 4 16
1599 4 16
1600 4 16
1601 4 16
1602 4 16
1603 4 16
1604 4 16
1605 4 16
1606 4 16
1607 4 16
1608 4 16
1609 4 17
1610 4 17
1611 4 17
1612 4 17
1613 4 16
1614 4 16
1615 4 16
1616 5 16
1617 5 16
1618 5 16
1619 5 16
1620 5 16
1621 5 16
1622 5 16
1623 5 16
1624 5 16
1625 5 16
1626 5 16
1627 5 16
1628 5 16
1629 5 16
1630 5 16
1631 5 16
1632 5 16
1633 5 16
1634 5 16
1635 5 16
1636 5 16
1637 5 16
1638 5 16
1639 5 16
1640 5 16
1641 6 16
1642 6 16
1643 6 16
1644 6 16
1645 6 16
1646 6 16
1647 6 16
1648 6 16
1649 6 16
1650 6 16
1651 6 16
1652 6 16
1653 6 16
1654 6 16
1655 6 16
1656 6 16
1657 6 16
1658 6 16
1659 6 16
1660 6 16
1661 6 16
1662 6 16
1663 6 16
1664 6 16
1665 6 16
1666 6 16
1667 6 16
1668 6 16
1669 6 16
1670 6 16
1671 7 16
1672 7 16
1673 7 16
1674 7 16
1675 7 16
1676 7 16
1677 7 16
1678 7 16
1679 7 16
1680 7 16
1681 7 16
1682 7 16
1683 7 16
1684 7 17
1685 7 16
1686 7 16
1687 7 16
1688 7 16
1689 7 16
1690 7 17
1691 7 17
1692 7 17
1693 8 17
1694 8 17
1695 8 17
1696 8 17
1697 8 17
1698 8 17
1699 8 17
1700 8 17
1701 8 17
1702 8 17
1703 8 17
1704 9 17
1705 9 17
1706 9 17
1707 9 17
1708 9 17
1709 9 17
1710 9 17
1711 10 17
1712 10 17
1713 10 17
1714 10 17
1715 11 17
1716 12 17
1717 12 17
1718 13 17
1719 17 18
1720 18 18
1721 19 18
1722 21 18
1723 21 19
1724 21 18
1725 21 18
1726 21 19
1727 21 19
1728 22 19
1729 22 19
1730 22 19
1731 22 19
1732 23 19
1733 24 20
1734 26 20
1735 26 20
1736 26 20
1737 30 20
1738 30 20
1739 32 20
1740 38 20
1741 38 20
1742 39 20
1743 41 21
1744 51 21
1745 52 21
1746 98 21
1747 99 21
1748 100 21
