0 0 0
1 0 0
2 0 0
3 0 0
4 0 0
5 0 0
6 0 0
7 0 0
8 0 0
9 0 0
10 0 0
11 0 0
12 0 0
13 0 0
14 0 0
15 0 0
16 0 0
17 0 0
18 0 0
19 0 0
20 0 0
21 0 0
22 0 0
23 0 0
24 0 0
25 0 0
26 0 0
27 0 0
28 0 0
29 0 0
30 0 0
31 0 0
32 0 0
33 0 0
34 0 0
35 0 0
36 0 0
37 0 0
38 0 0
39 0 0
40 0 0
41 0 0
42 0 0
43 0 0
44 0 0
45 0 0
46 0 0
47 0 0
48 0 0
49 0 0
50 0 0
51 0 0
52 0 0
53 0 0
54 0 0
55 0 0
56 0 0
57 0 0
58 0 0
59 0 0
60 0 0
61 0 0
62 0 0
63 0 0
64 0 0
65 0 0
66 0 0
67 0 0
68 0 0
69 0 0
70 0 0
71 0 0
72 0 0
73 0 0
74 0 0
75 0 0
76 0 0
77 0 0
78 0 0
79 0 0
80 0 0
81 0 0
82 0 0
83 0 0
84 0 0
85 0 0
86 0 0
87 0 0
88 0 0
89 0 0
90 0 0
91 0 0
92 0 0
93 0 0
94 0 0
95 0 0
96 0 0
97 0 0
98 0 0
99 0 0
100 0 0
101 0 0
102 0 0
103 0 0
104 0 0
105 0 0
106 0 0
107 0 0
108 0 0
109 0 0
110 0 0
111 0 0
112 0 0
113 0 0
114 0 0
115 0 0
116 0 0
117 0 0
118 0 0
119 0 0
120 0 0
121 0 0
122 0 0
123 0 0
124 0 0
125 0 0
126 0 0
127 0 0
128 0 0
129 0 0
130 0 0
131 0 0
132 0 0
133 0 0
134 0 0
135 0 0
136 0 0
137 0 0
138 0 0
139 0 0
140 0 0
141 0 0
142 0 0
143 0 0
144 0 0
145 0 0
146 0 0
147 0 0
148 0 0
149 0 0
150 0 0
151 0 0
152 0 0
153 0 0
154 0 0
155 0 0
156 0 0
157 0 0
158 0 0
159 0 0
160 0 0
161 0 0
162 0 0
163 0 0
164 0 0
165 0 0
166 0 0
167 0 0
168 0 0
169 0 0
170 0 0
171 0 0
172 0 0
173 0 0
174 0 0
175 0 0
176 0 0
177 0 0
178 0 0
179 0 0
180 0 0
181 0 0
182 0 0
183 0 0
184 0 0
185 0 0
186 0 0
187 0 0
188 0 0
189 0 0
190 0 0
191 0 0
192 0 0
193 0 0
194 0 0
195 0 0
196 0 0
197 0 0
198 0 0
199 0 0
200 0 0
201 0 0
202 0 0
203 0 0
204 0 0
205 0 0
206 0 0
207 0 0
208 0 0
209 0 0
210 0 0
211 0 0
212 0 0
213 0 0
214 0 0
215 0 0
216 0 0
217 0 0
218 0 0
219 0 0
220 0 0
221 0 0
222 0 0
223 0 0
224 0 0
225 0 0
226 0 0
227 0 0
228 0 0
229 0 0
230 0 0
231 0 0
232 0 0
233 0 0
234 0 0
235 0 0
236 0 0
237 0 0
238 0 0
239 0 0
240 0 0
241 0 0
242 0 0
243 0 0
244 0 0
245 0 0
246 0 0
247 0 0
248 0 0
249 0 0
250 0 0
251 0 0
252 0 0
253 0 0
254 0 0
255 0 0
256 0 0
257 0 0
258 0 0
259 0 0
260 0 0
261 0 0
262 0 0
263 0 0
264 0 0
265 0 0
266 0 0
267 0 0
268 0 0
269 0 0
270 0 9
271 0 9
272 0 9
273 0 9
274 0 9
275 0 9
276 0 9
277 0 9
278 0 9
279 0 9
280 0 9
281 0 9
282 0 9
283 0 9
284 0 9
285 0 9
286 0 9
287 0 9
288 0 9
289 0 9
290 0 9
291 0 9
292 0 9
293 0 9
294 0 9
295 0 9
296 0 9
297 0 9
298 0 9
299 0 9
300 0 9
301 0 9
302 0 16
303 0 16
304 0 16
305 0 16
306 0 16
307 0 16
308 0 16
309 0 16
310 0 16
311 0 16
312 0 16
313 0 16
314 0 16
315 0 16
316 0 16
317 0 16
318 0 16
319 0 16
320 0 16
321 0 16
322 0 16
323 0 16
324 0 16
325 0 16
326 0 16
327 0 16
328 0 16
329 0 16
330 0 16
331 0 16
332 0 16
333 0 16
334 0 16
335 0 16
336 0 16
337 0 16
338 0 16
339 0 16
340 0 16
341 0 16
342 0 16
343 0 16
344 0 16
345 0 16
346 0 16
347 0 16
348 0 16
349 0 16
350 0 16
351 0 16
352 0 16
353 0 16
354 0 16
355 0 16
356 0 16
357 0 16
358 0 16
359 0 16
360 0 16
361 0 16
362 0 16
363 0 16
364 0 16
365 0 16
366 0 16
367 0 16
368 0 16
369 0 16
370 0 16
371 0 16
372 0 16
373 0 16
374 0 16
375 0 16
376 0 15
377 0 15
378 0 21
379 0 20
380 0 20
381 0 20
382 0 20
383 0 20
384 0 20
385 0 20
386 0 20
387 0 20
388 0 20
389 0 20
390 0 20
391 0 20
392 0 20
393 0 20
394 0 20
395 0 20
396 0 20
397 0 20
398 0 20
399 0 20
400 0 20
401 0 20
402 0 20
403 0 20
404 0 20
405 0 20
406 0 20
407 0 18
408 0 18
409 0 18
410 0 18
411 0 18
412 0 18
413 0 18
414 0 18
415 0 18
416 0 17
417 0 17
418 0 17
419 0 17
420 0 16
421 0 16
422 0 16
423 0 16
424 0 16
425 0 16
426 0 16
427 0 16
428 0 16
429 0 16
430 0 16
431 0 15
432 0 15
433 0 15
434 0 15
435 0 15
436 0 15
437 0 15
438 0 15
439 0 15
440 0 15
441 0 15
442 0 15
443 0 15
444 0 15
445 0 15
446 0 15
447 0 15
448 0 15
449 0 15
450 0 15
451 0 15
452 0 15
453 0 15
454 0 15
455 0 15
456 0 14
457 0 14
458 0 14
459 0 14
460 0 14
461 0 14
462 0 14
463 0 14
464 0 14
465 0 13
466 0 13
467 0 13
468 0 13
469 0 13
470 0 13
471 0 13
472 0 13
473 0 13
474 0 13
475 0 13
476 0 13
477 0 13
478 0 13
479 0 13
480 0 13
481 0 13
482 0 13
483 0 13
484 0 13
485 0 13
486 0 13
487 0 13
488 0 13
489 0 13
490 0 13
491 0 13
492 0 13
493 0 13
494 0 13
495 0 13
496 0 13
497 0 13
498 0 13
499 0 13
500 0 13
501 0 13
502 0 13
503 0 13
504 0 13
505 0 13
506 0 13
507 0 13
508 0 13
509 0 13
510 0 13
511 0 13
512 0 13
513 0 13
514 0 13
515 0 13
516 0 13
517 0 13
518 0 13
519 0 13
520 0 17
521 0 17
522 0 17
523 0 17
524 0 17
525 0 17
526 0 17
527 0 17
528 0 17
529 0 17
530 0 17
531 0 17
532 0 17
533 0 17
534 0 17
535 0 16
536 0 16
537 0 16
538 0 16
539 0 16
540 0 16
541 0 16
542 0 16
543 0 16
544 0 16
545 0 16
546 0 16
547 0 16
548 0 16
549 0 16
550 0 16
551 0 16
552 0 16
553 0 16
554 0 16
555 0 16
556 0 16
557 0 16
558 0 19
559 0 19
560 0 19
561 0 19
562 0 19
563 0 19
564 0 18
565 0 18
566 0 18
567 0 18
568 0 18
569 0 18
570 0 17
571 0 17
572 0 17
573 0 17
574 0 17
575 0 17
576 0 17
577 0 17
578 0 17
579 0 17
580 0 17
581 0 17
582 0 17
583 0 17
584 0 17
585 0 17
586 0 17
587 0 17
588 0 17
589 0 17
590 0 20
591 0 20
592 0 20
593 0 20
594 0 23
595 0 25
596 0 25
597 0 25
598 0 25
599 0 25
600 0 25
601 0 25
602 0 25
603 0 25
604 0 25
605 0 25
606 0 25
607 0 25
608 0 25
609 0 25
610 0 25
611 0 25
612 0 25
613 0 25
614 0 25
615 0 25
616 0 25
617 0 25
618 0 25
619 0 25
620 0 24
621 0 24
622 0 24
623 0 24
624 0 24
625 0 24
626 0 24
627 0 24
628 0 24
629 0 23
630 0 23
631 0 23
632 0 23
633 0 23
634 0 23
635 0 23
636 0 23
637 0 23
638 0 23
639 0 23
640 0 23
641 0 23
642 0 23
643 0 23
644 0 23
645 0 23
646 0 23
647 0 25
648 0 25
649 0 25
650 0 27
651 0 27
652 0 27
653 0 27
654 0 27
655 0 26
656 0 26
657 0 28
658 0 28
659 0 28
660 0 28
661 0 28
662 0 28
663 0 28
664 0 28
665 0 28
666 0 27
667 0 27
668 0 27
669 0 27
670 0 27
671 0 27
672 0 26
673 0 26
674 0 26
675 0 26
676 0 26
677 0 26
678 0 26
679 0 26
680 0 26
681 0 26
682 0 26
683 0 26
684 0 26
685 0 26
686 0 26
687 0 26
688 0 26
689 0 26
690 0 26
691 0 26
692 0 27
693 0 27
694 0 29
695 0 29
696 0 29
697 0 29
698 0 29
699 0 29
700 0 29
701 0 29
702 0 29
703 0 29
704 0 29
705 0 28
706 0 28
707 0 28
708 0 28
709 0 28
710 0 28
711 0 28
712 0 28
713 0 28
714 0 29
715 0 29
716 0 29
717 0 29
718 0 29
719 0 29
720 0 29
721 0 29
722 0 29
723 0 29
724 0 29
725 0 29
726 0 29
727 0 29
728 0 29
729 0 29
730 0 29
731 0 29
732 0 29
733 0 29
734 0 29
735 0 29
736 0 29
737 0 29
738 0 29
739 0 29
740 0 29
741 0 29
742 0 29
743 0 29
744 0 29
745 0 29
746 0 29
747 0 29
748 0 29
749 0 29
750 0 29
751 0 29
752 0 29
753 0 29
754 0 29
755 0 29
756 0 31
757 0 31
758 0 31
759 0 31
760 0 31
761 0 31
762 0 31
763 0 31
764 0 30
765 0 30
766 0 30
767 0 30
768 0 30
769 0 31
770 0 31
771 0 31
772 0 31
773 0 31
774 0 31
775 0 31
776 0 31
777 0 30
778 0 30
779 0 30
780 0 30
781 0 30
782 0 30
783 0 30
784 0 30
785 0 30
786 0 31
787 0 31
788 0 31
789 0 31
790 0 31
791 0 31
792 0 31
793 0 32
794 0 32
795 0 32
796 0 32
797 0 32
798 0 32
799 0 32
800 0 32
801 0 32
802 0 32
803 0 32
804 0 32
805 0 32
806 0 31
807 0 31
808 0 31
809 0 31
810 0 31
811 0 31
812 0 31
813 0 31
814 0 31
815 0 31
816 0 31
817 0 31
818 0 31
819 0 31
820 0 31
821 0 31
822 0 30
823 0 30
824 0 30
825 0 30
826 0 30
827 0 30
828 0 30
829 0 30
830 0 30
831 0 30
832 0 30
833 0 30
834 0 30
835 0 30
836 0 30
837 0 30
838 0 30
839 0 30
840 0 30
841 0 30
842 0 30
843 0 30
844 0 30
845 0 30
846 0 30
847 0 30
848 0 30
849 0 30
850 0 30
851 0 30
852 0 30
853 0 30
854 0 30
855 0 30
856 0 30
857 0 30
858 0 30
859 0 31
860 0 31
861 0 31
862 0 31
863 0 31
864 0 30
865 0 30
866 0 30
867 0 30
868 0 30
869 0 30
870 0 30
871 0 30
872 0 30
873 0 30
874 0 30
875 0 31
876 0 31
877 0 31
878 0 31
879 0 31
880 0 31
881 0 31
882 0 32
883 0 32
884 0 32
885 0 32
886 0 32
887 0 32
888 0 32
889 0 32
890 0 32
891 0 32
892 0 32
893 0 32
894 0 32
895 0 32
896 0 33
897 0 33
898 0 33
899 0 33
900 0 33
901 0 33
902 0 33
903 0 33
904 0 33
905 0 33
906 0 33
907 0 33
908 0 33
909 0 33
910 0 33
911 0 33
912 0 33
913 0 33
914 0 33
915 0 33
916 0 33
917 0 33
918 0 33
919 0 33
920 0 33
921 0 33
922 0 33
923 0 33
924 0 33
925 0 33
926 0 33
927 0 34
928 0 34
929 0 34
930 0 34
931 0 34
932 0 33
933 0 33
934 0 33
935 0 33
936 0 33
937 0 32
938 0 32
939 0 32
940 0 32
941 0 32
942 0 32
943 0 32
944 0 32
945 0 32
946 0 32
947 0 32
948 0 32
949 0 32
950 0 32
951 0 32
952 0 32
953 0 32
954 0 32
955 0 32
956 0 32
957 0 32
958 0 32
959 0 32
960 0 32
961 0 33
962 0 33
963 0 33
964 0 33
965 0 33
966 0 32
967 0 32
968 0 32
969 0 32
970 0 32
971 0 32
972 0 32
973 0 32
974 0 32
975 0 32
976 0 32
977 0 32
978 0 32
979 0 32
980 0 32
981 0 32
982 0 32
983 0 32
984 0 32
985 0 32
986 0 32
987 0 32
988 0 32
989 0 32
990 0 32
991 0 32
992 0 32
993 0 33
994 0 33
995 0 33
996 0 33
997 0 33
998 0 33
999 0 34
1000 0 34
1001 0 34
1002 0 33
1003 0 33
1004 0 33
1005 0 33
1006 0 33
1007 0 33
1008 0 33
1009 0 33
1010 0 33
1011 0 33
1012 0 33
1013 0 33
1014 0 33
1015 0 33
1016 0 33
1017 0 33
1018 0 33
1019 0 33
1020 0 33
1021 0 33
1022 0 33
1023 0 34
1024 0 33
1025 0 33
1026 0 33
1027 0 32
1028 0 32
1029 0 32
1030 0 32
1031 0 32
1032 0 32
1033 0 32
1034 0 32
1035 0 32
1036 0 32
1037 0 32
1038 0 32
1039 1 32
1040 1 32
1041 1 32
1042 1 32
1043 1 32
1044 1 32
1045 1 32
1046 1 32
1047 1 33
1048 1 33
1049 1 33
1050 1 33
1051 1 33
1052 1 33
1053 1 33
1054 1 33
1055 1 33
1056 1 33
1057 1 33
1058 1 33
1059 1 33
1060 1 33
1061 1 33
1062 1 33
1063 1 32
1064 1 32
1065 1 32
1066 1 32
1067 1 32
1068 1 32
1069 1 32
1070 1 32
1071 1 32
1072 1 32
1073 1 32
1074 1 32
1075 1 32
1076 1 32
1077 1 32
1078 1 32
1079 1 32
1080 1 32
1081 1 33
1082 1 33
1083 1 33
1084 1 33
1085 1 34
1086 1 34
1087 1 34
1088 1 34
1089 1 34
1090 1 34
1091 1 35
1092 1 35
1093 1 34
1094 1 34
1095 1 34
1096 1 34
1097 1 34
1098 1 34
1099 1 34
1100 1 34
1101 1 34
1102 1 34
1103 1 34
1104 1 34
1105 1 34
1106 1 34
1107 1 34
1108 1 34
1109 1 34
1110 1 34
1111 1 34
1112 1 34
1113 1 35
1114 1 35
1115 1 35
1116 1 35
1117 1 35
1118 1 35
1119 1 35
1120 1 35
1121 1 35
1122 1 35
1123 1 35
1124 1 35
1125 1 35
1126 1 35
1127 1 35
1128 1 35
1129 1 35
1130 1 35
1131 1 34
1132 1 34
1133 1 34
1134 1 34
1135 1 35
1136 1 35
1137 1 35
1138 1 35
1139 1 35
1140 1 35
1141 1 35
1142 1 35
1143 1 35
1144 1 35
1145 1 35
1146 1 35
1147 1 35
1148 1 35
1149 1 35
1150 1 35
1151 1 35
1152 1 35
1153 1 35
1154 1 35
1155 1 35
1156 1 35
1157 1 35
1158 1 34
1159 1 34
1160 1 34
1161 1 34
1162 1 34
1163 1 34
1164 1 34
1165 1 35
1166 1 35
1167 1 35
1168 1 34
1169 1 34
1170 1 34
1171 1 35
1172 1 35
1173 1 35
1174 1 35
1175 1 35
1176 1 35
1177 1 35
1178 1 36
1179 1 36
1180 1 35
1181 1 35
1182 1 35
1183 1 35
1184 1 35
1185 1 35
1186 1 35
1187 1 35
1188 1 35
1189 1 35
1190 1 35
1191 1 35
1192 1 35
1193 1 35
1194 1 35
1195 1 35
1196 1 35
1197 1 35
1198 1 35
1199 1 34
1200 1 34
1201 1 35
1202 1 35
1203 1 35
1204 1 35
1205 1 35
1206 1 34
1207 1 34
1208 1 34
1209 1 34
1210 1 34
1211 1 34
1212 1 35
1213 1 35
1214 1 35
1215 1 35
1216 1 34
1217 1 34
1218 1 34
1219 1 34
1220 1 34
1221 1 34
1222 1 34
1223 1 34
1224 1 34
1225 1 34
1226 1 34
1227 1 34
1228 1 34
1229 1 34
1230 1 34
1231 1 34
1232 1 34
1233 1 34
1234 1 35
1235 1 35
1236 1 35
1237 1 35
1238 1 35
1239 1 35
1240 1 35
1241 1 35
1242 1 35
1243 1 35
1244 1 35
1245 1 35
1246 1 35
1247 1 35
1248 1 35
1249 1 35
1250 1 35
1251 1 35
1252 1 35
1253 1 35
1254 1 35
1255 1 35
1256 1 35
1257 1 35
1258 1 35
1259 1 35
1260 1 35
1261 1 35
1262 1 35
1263 1 35
1264 1 35
1265 1 35
1266 1 35
1267 1 35
1268 1 35
1269 1 35
1270 1 35
1271 1 35
1272 1 35
1273 1 35
1274 1 35
1275 1 35
1276 1 35
1277 1 35
1278 1 35
1279 1 35
1280 1 35
1281 1 35
1282 1 35
1283 1 35
1284 1 35
1285 1 35
1286 1 35
1287 1 35
1288 1 35
1289 1 35
1290 1 35
1291 1 35
1292 1 35
1293 1 35
1294 1 35
1295 1 35
1296 1 35
1297 1 35
1298 1 35
1299 1 35
1300 1 35
1301 1 35
1302 1 35
1303 1 35
1304 1 35
1305 1 35
1306 1 35
1307 1 35
1308 1 35
1309 1 35
1310 1 35
1311 1 35
1312 1 35
1313 1 35
1314 1 35
1315 1 35
1316 1 35
1317 1 35
1318 1 35
1319 1 35
1320 1 35
1321 1 35
1322 1 35
1323 1 35
1324 1 35
1325 1 35
1326 1 35
1327 1 35
1328 1 35
1329 1 35
1330 1 35
1331 1 35
1332 1 35
1333 1 35
1334 1 35
1335 1 35
1336 1 36
1337 1 36
1338 1 36
1339 1 36
1340 1 35
1341 1 35
1342 1 35
1343 1 35
1344 1 35
1345 1 35
1346 1 35
1347 1 35
1348 1 35
1349 1 35
1350 1 35
1351 1 35
1352 1 36
1353 1 36
1354 1 36
1355 1 36
1356 1 36
1357 1 36
1358 1 36
1359 1 36
1360 1 36
1361 1 36
1362 2 36
1363 2 36
1364 2 36
1365 2 37
1366 2 37
1367 2 36
1368 2 36
1369 2 36
1370 2 36
1371 2 36
1372 2 35
1373 2 36
1374 2 36
1375 2 36
1376 2 36
1377 2 36
1378 2 36
1379 2 36
1380 2 36
1381 2 36
1382 2 37
1383 2 37
1384 2 37
1385 2 37
1386 2 37
1387 2 37
1388 2 38
1389 2 38
1390 2 38
1391 2 38
1392 2 38
1393 2 38
1394 2 38
1395 2 38
1396 2 38
1397 2 37
1398 2 38
1399 2 38
1400 2 38
1401 2 38
1402 2 38
1403 2 38
1404 2 38
1405 2 38
1406 2 38
1407 2 38
1408 2 38
1409 2 38
1410 2 38
1411 2 38
1412 2 38
1413 2 38
1414 2 38
1415 2 39
1416 2 39
1417 2 39
1418 2 39
1419 2 39
1420 2 39
1421 2 39
1422 2 40
1423 2 40
1424 2 40
1425 2 40
1426 2 40
1427 2 40
1428 2 40
1429 2 41
1430 2 41
1431 2 41
1432 2 41
1433 2 41
1434 2 41
1435 2 41
1436 2 42
1437 2 42
1438 2 42
1439 2 42
1440 2 42
1441 2 42
1442 2 42
1443 2 42
1444 2 42
1445 2 42
1446 2 42
1447 2 42
1448 2 42
1449 2 42
1450 2 42
1451 2 43
1452 2 43
1453 2 43
1454 2 43
1455 2 43
1456 2 43
1457 2 43
1458 2 43
1459 2 43
1460 2 43
1461 2 43
1462 2 43
1463 2 43
1464 2 43
1465 2 43
1466 2 43
1467 2 43
1468 2 44
1469 2 44
1470 2 44
1471 2 44
1472 2 44
1473 2 44
1474 2 44
1475 2 44
1476 2 44
1477 2 44
1478 2 44
1479 2 44
1480 2 44
1481 2 45
1482 2 45
1483 2 45
1484 2 45
1485 2 45
1486 2 45
1487 2 45
1488 2 45
1489 2 45
1490 2 45
1491 2 45
1492 2 45
1493 2 45
1494 2 45
1495 2 45
1496 2 45
1497 2 45
1498 2 45
1499 2 45
1500 2 45
1501 2 45
1502 2 45
1503 2 45
1504 2 45
1505 2 45
1506 2 45
1507 2 45
1508 2 45
1509 2 45
1510 2 45
1511 2 45
1512 2 45
1513 2 45
1514 2 45
1515 2 45
1516 2 45
1517 2 45
1518 2 45
1519 2 45
1520 2 45
1521 2 45
1522 2 45
1523 2 45
1524 2 45
1525 2 45
1526 2 45
1527 2 45
1528 2 45
1529 2 45
1530 2 45
1531 2 45
1532 3 45
1533 3 45
1534 3 45
1535 3 45
1536 3 45
1537 3 46
1538 3 46
1539 3 45
1540 3 45
1541 3 46
1542 3 46
1543 3 45
1544 3 45
1545 3 46
1546 3 46
1547 3 46
1548 3 46
1549 3 46
1550 3 46
1551 3 46
1552 3 46
1553 3 47
1554 3 47
1555 3 47
1556 3 47
1557 3 47
1558 3 47
1559 3 47
1560 3 47
1561 3 47
1562 3 47
1563 3 47
1564 3 47
1565 3 47
1566 3 47
1567 3 47
1568 3 47
1569 3 47
1570 3 47
1571 3 47
1572 3 47
1573 3 47
1574 3 47
1575 3 47
1576 3 48
1577 3 47
1578 3 48
1579 3 48
1580 3 48
1581 3 48
1582 3 48
1583 3 48
1584 3 48
1585 3 48
1586 3 48
1587 3 48
1588 3 48
1589 3 48
1590 3 48
1591 3 48
1592 3 48
1593 3 48
1594 4 48
1595 4 48
1596 4 48
1597 4 49
1598 4 49
1599 4 49
1600 4 49
1601 4 49
1602 4 49
1603 4 49
1604 4 49
1605 4 49
1606 4 50
1607 4 50
1608 4 50
1609 4 50
1610 4 50
1611 4 50
1612 4 50
1613 4 50
1614 4 50
1615 4 50
1616 5 50
1617 5 50
1618 5 50
1619 5 50
1620 5 50
1621 5 50
1622 5 50
1623 5 50
1624 5 50
1625 5 50
1626 5 50
1627 5 50
1628 5 50
1629 5 50
1630 5 50
1631 5 50
1632 5 50
1633 5 50
1634 5 50
1635 5 50
1636 5 50
1637 5 50
1638 5 50
1639 5 50
1640 5 50
1641 6 50
1642 6 50
1643 6 50
1644 6 50
1645 6 50
1646 6 50
1647 6 50
1648 6 50
1649 6 50
1650 6 50
1651 6 50
1652 6 50
1653 6 50
1654 6 51
1655 6 51
1656 6 51
1657 6 51
1658 6 51
1659 6 51
1660 6 51
1661 6 52
1662 6 52
1663 6 52
1664 6 52
1665 6 52
1666 6 52
1667 6 52
1668 6 52
1669 6 52
1670 6 52
1671 7 52
1672 7 52
1673 7 53
1674 7 53
1675 7 53
1676 7 53
1677 7 53
1678 7 53
1679 7 53
1680 7 53
1681 7 53
1682 7 54
1683 7 54
1684 7 54
1685 7 54
1686 7 54
1687 7 54
1688 7 54
1689 7 54
1690 7 54
1691 7 54
1692 7 54
1693 8 54
1694 8 55
1695 8 55
1696 8 55
1697 8 55
1698 8 55
1699 8 55
1700 8 55
1701 8 55
1702 8 55
1703 8 55
1704 9 55
1705 9 55
1706 9 55
1707 9 55
1708 9 55
1709 9 55
1710 9 55
1711 10 55
1712 10 55
1713 10 55
1714 10 55
1715 11 55
1716 12 55
1717 12 55
1718 13 56
1719 17 56
1720 18 56
1721 19 56
1722 21 56
1723 21 56
1724 21 56
1725 21 56
1726 21 57
1727 21 57
1728 22 57
1729 22 57
1730 22 57
1731 22 57
1732 23 57
1733 24 57
1734 26 57
1735 26 57
1736 26 57
1737 30 57
1738 30 57
1739 32 57
1740 38 57
1741 38 57
1742 39 57
1743 41 58
1744 51 58
1745 52 58
1746 98 58
1747 99 58
1748 100 58
