0 0 0
1 0 0
2 0 0
3 0 0
4 0 0
5 0 0
6 0 0
7 0 0
8 0 0
9 0 0
10 0 0
11 0 0
12 0 0
13 0 0
14 0 0
15 0 0
16 0 0
17 0 0
18 0 0
19 0 0
20 0 0
21 0 0
22 0 0
23 0 0
24 0 0
25 0 0
26 0 0
27 0 0
28 0 0
29 0 0
30 0 0
31 0 0
32 0 0
33 0 0
34 0 0
35 0 0
36 0 0
37 0 0
38 0 0
39 0 0
40 0 0
41 0 0
42 0 0
43 0 0
44 0 0
45 0 0
46 0 0
47 0 0
48 0 0
49 0 0
50 0 0
51 0 0
52 0 0
53 0 0
54 0 0
55 0 0
56 0 0
57 0 0
58 0 0
59 0 0
60 0 0
61 0 0
62 0 0
63 0 0
64 0 0
65 0 0
66 0 0
67 0 0
68 0 0
69 0 0
70 0 0
71 0 0
72 0 0
73 0 0
74 0 0
75 0 0
76 0 0
77 0 0
78 0 0
79 0 0
80 0 0
81 0 0
82 0 0
83 0 0
84 0 0
85 0 0
86 0 0
87 0 0
88 0 0
89 0 0
90 0 0
91 0 0
92 0 0
93 0 0
94 0 0
95 0 0
96 0 0
97 0 0
98 0 0
99 0 0
100 0 0
101 0 0
102 0 0
103 0 0
104 0 0
105 0 0
106 0 0
107 0 0
108 0 0
109 0 0
110 0 0
111 0 0
112 0 0
113 0 0
114 0 0
115 0 0
116 0 0
117 0 0
118 0 0
119 0 0
120 0 0
121 0 0
122 0 0
123 0 0
124 0 0
125 0 0
126 0 0
127 0 0
128 0 0
129 0 0
130 0 0
131 0 0
132 0 0
133 0 0
134 0 0
135 0 0
136 0 0
137 0 0
138 0 0
139 0 0
140 0 0
141 0 0
142 0 0
143 0 0
144 0 0
145 0 0
146 0 0
147 0 0
148 0 0
149 0 0
150 0 0
151 0 0
152 0 0
153 0 0
154 0 0
155 0 0
156 0 0
157 0 0
158 0 0
159 0 0
160 0 0
161 0 0
162 0 0
163 0 0
164 0 0
165 0 0
166 0 0
167 0 0
168 0 0
169 0 0
170 0 0
171 0 0
172 0 0
173 0 0
174 0 0
175 0 0
176 0 0
177 0 0
178 0 0
179 0 0
180 0 0
181 0 0
182 0 0
183 0 0
184 0 0
185 0 0
186 0 0
187 0 0
188 0 0
189 0 0
190 0 0
191 0 0
192 0 0
193 0 0
194 0 0
195 0 0
196 0 0
197 0 14
198 0 14
199 0 14
200 0 12
201 0 12
202 0 12
203 0 11
204 0 11
205 0 11
206 0 11
207 0 11
208 0 11
209 0 11
210 0 11
211 0 11
212 0 11
213 0 11
214 0 11
215 0 11
216 0 11
217 0 11
218 0 11
219 0 11
220 0 11
221 0 11
222 0 11
223 0 11
224 0 11
225 0 11
226 0 11
227 0 11
228 0 11
229 0 11
230 0 11
231 0 11
232 0 11
233 0 11
234 0 11
235 0 11
236 0 11
237 0 11
238 0 11
239 0 11
240 0 11
241 0 11
242 0 11
243 0 11
244 0 11
245 0 11
246 0 11
247 0 11
248 0 11
249 0 10
250 0 10
251 0 10
252 0 10
253 0 10
254 0 10
255 0 10
256 0 10
257 0 10
258 0 10
259 0 10
260 0 10
261 0 10
262 0 10
263 0 10
264 0 10
265 0 10
266 0 10
267 0 10
268 0 10
269 0 10
270 0 9
271 0 9
272 0 9
273 0 9
274 0 9
275 0 9
276 0 9
277 0 9
278 0 9
279 0 9
280 0 9
281 0 9
282 0 9
283 0 9
284 0 9
285 0 9
286 0 9
287 0 9
288 0 9
289 0 9
290 0 9
291 0 9
292 0 9
293 0 9
294 0 9
295 0 9
296 0 9
297 0 9
298 0 9
299 0 9
300 0 9
301 0 9
302 0 8
303 0 8
304 0 8
305 0 8
306 0 8
307 0 8
308 0 8
309 0 8
310 0 8
311 0 8
312 0 8
313 0 8
314 0 8
315 0 8
316 0 8
317 0 8
318 0 8
319 0 8
320 0 8
321 0 8
322 0 8
323 0 8
324 0 8
325 0 8
326 0 8
327 0 8
328 0 8
329 0 8
330 0 8
331 0 8
332 0 8
333 0 8
334 0 8
335 0 8
336 0 8
337 0 8
338 0 8
339 0 8
340 0 8
341 0 8
342 0 8
343 0 8
344 0 8
345 0 8
346 0 8
347 0 8
348 0 8
349 0 8
350 0 8
351 0 8
352 0 8
353 0 8
354 0 8
355 0 8
356 0 8
357 0 8
358 0 8
359 0 8
360 0 8
361 0 8
362 0 8
363 0 8
364 0 8
365 0 8
366 0 8
367 0 8
368 0 8
369 0 8
370 0 8
371 0 8
372 0 8
373 0 8
374 0 8
375 0 8
376 0 7
377 0 7
378 0 7
379 0 6
380 0 6
381 0 6
382 0 6
383 0 6
384 0 6
385 0 6
386 0 6
387 0 6
388 0 6
389 0 6
390 0 6
391 0 6
392 0 6
393 0 6
394 0 6
395 0 6
396 0 6
397 0 6
398 0 6
399 0 6
400 0 6
401 0 6
402 0 6
403 0 6
404 0 6
405 0 6
406 0 6
407 0 6
408 0 6
409 0 6
410 0 6
411 0 6
412 0 6
413 0 6
414 0 6
415 0 6
416 0 11
417 0 11
418 0 11
419 0 11
420 0 16
421 0 16
422 0 16
423 0 16
424 0 16
425 0 16
426 0 16
427 0 16
428 0 16
429 0 16
430 0 16
431 0 15
432 0 15
433 0 15
434 0 15
435 0 15
436 0 15
437 0 15
438 0 15
439 0 15
440 0 15
441 0 15
442 0 15
443 0 15
444 0 15
445 0 15
446 0 15
447 0 15
448 0 15
449 0 15
450 0 15
451 0 15
452 0 15
453 0 15
454 0 15
455 0 15
456 0 14
457 0 14
458 0 14
459 0 14
460 0 14
461 0 14
462 0 14
463 0 14
464 0 14
465 0 13
466 0 13
467 0 13
468 0 13
469 0 13
470 0 13
471 0 13
472 0 13
473 0 13
474 0 13
475 0 13
476 0 13
477 0 13
478 0 13
479 0 13
480 0 13
481 0 13
482 0 13
483 0 13
484 0 13
485 0 13
486 0 13
487 0 13
488 0 13
489 0 13
490 0 13
491 0 13
492 0 13
493 0 13
494 0 13
495 0 13
496 0 13
497 0 13
498 0 13
499 0 13
500 0 13
501 0 13
502 0 13
503 0 13
504 0 13
505 0 13
506 0 13
507 0 13
508 0 13
509 0 13
510 0 13
511 0 13
512 0 13
513 0 13
514 0 13
515 0 13
516 0 13
517 0 13
518 0 13
519 0 13
520 0 13
521 0 13
522 0 13
523 0 13
524 0 13
525 0 13
526 0 13
527 0 13
528 0 13
529 0 13
530 0 13
531 0 13
532 0 13
533 0 13
534 0 13
535 0 12
536 0 12
537 0 12
538 0 12
539 0 12
540 0 12
541 0 12
542 0 12
543 0 12
544 0 12
545 0 12
546 0 12
547 0 12
548 0 12
549 0 12
550 0 12
551 0 12
552 0 12
553 0 12
554 0 12
555 0 12
556 0 12
557 0 12
558 0 11
559 0 11
560 0 11
561 0 11
562 0 11
563 0 11
564 0 11
565 0 11
566 0 11
567 0 11
568 0 11
569 0 11
570 0 10
571 0 10
572 0 10
573 0 10
574 0 10
575 0 10
576 0 10
577 0 10
578 0 10
579 0 10
580 0 10
581 0 10
582 0 10
583 0 10
584 0 10
585 0 10
586 0 10
587 0 10
588 0 10
589 0 10
590 0 10
591 0 10
592 0 10
593 0 10
594 0 10
595 0 9
596 0 9
597 0 9
598 0 9
599 0 9
600 0 9
601 0 9
602 0 9
603 0 9
604 0 9
605 0 9
606 0 9
607 0 9
608 0 9
609 0 9
610 0 9
611 0 9
612 0 9
613 0 9
614 0 9
615 0 9
616 0 9
617 0 9
618 0 9
619 0 9
620 0 9
621 0 9
622 0 9
623 0 9
624 0 9
625 0 9
626 0 9
627 0 9
628 0 9
629 0 8
630 0 8
631 0 8
632 0 8
633 0 8
634 0 8
635 0 8
636 0 8
637 0 8
638 0 8
639 0 8
640 0 8
641 0 8
642 0 8
643 0 8
644 0 8
645 0 8
646 0 8
647 0 8
648 0 8
649 0 8
650 0 8
651 0 8
652 0 8
653 0 8
654 0 8
655 0 7
656 0 7
657 0 7
658 0 7
659 0 7
660 0 7
661 0 7
662 0 7
663 0 7
664 0 7
665 0 7
666 0 7
667 0 7
668 0 7
669 0 7
670 0 7
671 0 7
672 0 7
673 0 7
674 0 7
675 0 7
676 0 7
677 0 7
678 0 7
679 0 7
680 0 7
681 0 7
682 0 7
683 0 7
684 0 7
685 0 7
686 0 7
687 0 7
688 0 7
689 0 7
690 0 7
691 0 7
692 0 6
693 0 6
694 0 6
695 0 6
696 0 6
697 0 6
698 0 6
699 0 6
700 0 6
701 0 6
702 0 6
703 0 6
704 0 6
705 0 6
706 0 6
707 0 6
708 0 6
709 0 6
710 0 6
711 0 6
712 0 6
713 0 6
714 0 6
715 0 6
716 0 6
717 0 6
718 0 6
719 0 6
720 0 6
721 0 6
722 0 6
723 0 6
724 0 6
725 0 6
726 0 6
727 0 6
728 0 6
729 0 6
730 0 6
731 0 6
732 0 6
733 0 6
734 0 6
735 0 6
736 0 6
737 0 6
738 0 6
739 0 6
740 0 6
741 0 6
742 0 6
743 0 6
744 0 6
745 0 6
746 0 6
747 0 6
748 0 6
749 0 6
750 0 6
751 0 6
752 0 6
753 0 6
754 0 6
755 0 6
756 0 6
757 0 6
758 0 6
759 0 6
760 0 6
761 0 6
762 0 6
763 0 6
764 0 6
765 0 6
766 0 6
767 0 6
768 0 8
769 0 7
770 0 7
771 0 7
772 0 7
773 0 7
774 0 7
775 0 7
776 0 7
777 0 7
778 0 7
779 0 7
780 0 7
781 0 7
782 0 7
783 0 7
784 0 7
785 0 7
786 0 7
787 0 7
788 0 7
789 0 7
790 0 7
791 0 7
792 0 7
793 0 7
794 0 7
795 0 7
796 0 7
797 0 7
798 0 8
799 0 8
800 0 8
801 0 8
802 0 8
803 0 8
804 0 8
805 0 8
806 0 10
807 0 10
808 0 10
809 0 10
810 0 10
811 0 10
812 0 10
813 0 10
814 0 10
815 0 10
816 0 10
817 0 10
818 0 10
819 0 10
820 0 10
821 0 10
822 0 10
823 0 10
824 0 10
825 0 10
826 0 10
827 0 10
828 0 10
829 0 10
830 0 10
831 0 10
832 0 10
833 0 10
834 0 10
835 0 10
836 0 10
837 0 10
838 0 10
839 0 10
840 0 10
841 0 10
842 0 10
843 0 10
844 0 10
845 0 10
846 0 10
847 0 10
848 0 10
849 0 10
850 0 10
851 0 10
852 0 10
853 0 10
854 0 10
855 0 10
856 0 10
857 0 10
858 0 10
859 0 9
860 0 9
861 0 9
862 0 9
863 0 9
864 0 9
865 0 9
866 0 9
867 0 9
868 0 9
869 0 9
870 0 9
871 0 9
872 0 9
873 0 9
874 0 9
875 0 9
876 0 9
877 0 9
878 0 9
879 0 9
880 0 9
881 0 9
882 0 9
883 0 9
884 0 9
885 0 9
886 0 9
887 0 9
888 0 9
889 0 9
890 0 9
891 0 9
892 0 9
893 0 9
894 0 9
895 0 9
896 0 9
897 0 9
898 0 9
899 0 9
900 0 9
901 0 9
902 0 9
903 0 9
904 0 9
905 0 9
906 0 9
907 0 9
908 0 9
909 0 9
910 0 9
911 0 9
912 0 9
913 0 9
914 0 9
915 0 9
916 0 9
917 0 9
918 0 9
919 0 9
920 0 9
921 0 9
922 0 9
923 0 9
924 0 9
925 0 9
926 0 9
927 0 8
928 0 8
929 0 8
930 0 8
931 0 8
932 0 8
933 0 8
934 0 8
935 0 8
936 0 8
937 0 8
938 0 8
939 0 8
940 0 8
941 0 8
942 0 8
943 0 8
944 0 8
945 0 8
946 0 8
947 0 8
948 0 8
949 0 8
950 0 8
951 0 8
952 0 8
953 0 8
954 0 8
955 0 8
956 0 8
957 0 8
958 0 8
959 0 8
960 0 8
961 0 8
962 0 8
963 0 8
964 0 8
965 0 8
966 0 8
967 0 8
968 0 8
969 0 8
970 0 8
971 0 8
972 0 8
973 0 8
974 0 8
975 0 8
976 0 8
977 0 8
978 0 8
979 0 8
980 0 8
981 0 8
982 0 8
983 0 8
984 0 8
985 0 8
986 0 8
987 0 8
988 0 8
989 0 8
990 0 8
991 0 8
992 0 8
993 0 8
994 0 8
995 0 8
996 0 8
997 0 8
998 0 8
999 0 7
1000 0 7
1001 0 7
1002 0 7
1003 0 7
1004 0 7
1005 0 7
1006 0 7
1007 0 7
1008 0 7
1009 0 7
1010 0 7
1011 0 7
1012 0 7
1013 0 7
1014 0 7
1015 0 7
1016 0 7
1017 0 7
1018 0 7
1019 0 7
1020 0 7
1021 0 7
1022 0 7
1023 0 7
1024 0 7
1025 0 7
1026 0 7
1027 0 7
1028 0 7
1029 0 7
1030 0 7
1031 0 7
1032 0 7
1033 0 8
1034 0 8
1035 0 8
1036 0 8
1037 0 8
1038 0 8
1039 1 9
1040 1 9
1041 1 9
1042 1 9
1043 1 9
1044 1 9
1045 1 9
1046 1 9
1047 1 10
1048 1 10
1049 1 10
1050 1 10
1051 1 10
1052 1 10
1053 1 10
1054 1 10
1055 1 10
1056 1 10
1057 1 10
1058 1 10
1059 1 10
1060 1 10
1061 1 10
1062 1 10
1063 1 10
1064 1 10
1065 1 10
1066 1 10
1067 1 10
1068 1 10
1069 1 10
1070 1 10
1071 1 10
1072 1 10
1073 1 10
1074 1 10
1075 1 10
1076 1 10
1077 1 10
1078 1 10
1079 1 10
1080 1 10
1081 1 10
1082 1 10
1083 1 10
1084 1 10
1085 1 9
1086 1 9
1087 1 9
1088 1 9
1089 1 9
1090 1 9
1091 1 9
1092 1 9
1093 1 9
1094 1 9
1095 1 9
1096 1 9
1097 1 9
1098 1 9
1099 1 9
1100 1 9
1101 1 9
1102 1 9
1103 1 9
1104 1 9
1105 1 9
1106 1 9
1107 1 9
1108 1 9
1109 1 10
1110 1 10
1111 1 10
1112 1 10
1113 1 11
1114 1 11
1115 1 11
1116 1 11
1117 1 11
1118 1 11
1119 1 11
1120 1 11
1121 1 11
1122 1 11
1123 1 11
1124 1 11
1125 1 11
1126 1 11
1127 1 11
1128 1 11
1129 1 11
1130 1 11
1131 1 11
1132 1 11
1133 1 11
1134 1 11
1135 1 12
1136 1 12
1137 1 12
1138 1 12
1139 1 12
1140 1 12
1141 1 12
1142 1 12
1143 1 12
1144 1 12
1145 1 12
1146 1 12
1147 1 12
1148 1 12
1149 1 12
1150 1 12
1151 1 12
1152 1 12
1153 1 12
1154 1 12
1155 1 12
1156 1 12
1157 1 12
1158 1 12
1159 1 12
1160 1 12
1161 1 12
1162 1 12
1163 1 12
1164 1 12
1165 1 13
1166 1 13
1167 1 14
1168 1 14
1169 1 14
1170 1 14
1171 1 14
1172 1 14
1173 1 14
1174 1 14
1175 1 14
1176 1 14
1177 1 14
1178 1 15
1179 1 15
1180 1 16
1181 1 16
1182 1 16
1183 1 16
1184 1 16
1185 1 16
1186 1 16
1187 1 16
1188 1 16
1189 1 16
1190 1 16
1191 1 16
1192 1 16
1193 1 16
1194 1 16
1195 1 16
1196 1 16
1197 1 16
1198 1 16
1199 1 17
1200 1 17
1201 1 18
1202 1 18
1203 1 18
1204 1 18
1205 1 17
1206 1 17
1207 1 17
1208 1 17
1209 1 17
1210 1 17
1211 1 17
1212 1 18
1213 1 18
1214 1 18
1215 1 18
1216 1 18
1217 1 18
1218 1 18
1219 1 18
1220 1 18
1221 1 18
1222 1 18
1223 1 18
1224 1 18
1225 1 18
1226 1 18
1227 1 18
1228 1 18
1229 1 18
1230 1 18
1231 1 18
1232 1 18
1233 1 18
1234 1 19
1235 1 19
1236 1 19
1237 1 19
1238 1 19
1239 1 19
1240 1 20
1241 1 20
1242 1 20
1243 1 20
1244 1 20
1245 1 20
1246 1 20
1247 1 20
1248 1 20
1249 1 21
1250 1 21
1251 1 21
1252 1 21
1253 1 21
1254 1 21
1255 1 21
1256 1 21
1257 1 21
1258 1 22
1259 1 22
1260 1 22
1261 1 22
1262 1 22
1263 1 22
1264 1 22
1265 1 22
1266 1 22
1267 1 22
1268 1 22
1269 1 22
1270 1 22
1271 1 22
1272 1 22
1273 1 22
1274 1 22
1275 1 22
1276 1 22
1277 1 22
1278 1 22
1279 1 22
1280 1 22
1281 1 22
1282 1 22
1283 1 22
1284 1 22
1285 1 22
1286 1 21
1287 1 21
1288 1 22
1289 1 22
1290 1 23
1291 1 23
1292 1 23
1293 1 23
1294 1 23
1295 1 23
1296 1 23
1297 1 23
1298 1 23
1299 1 23
1300 1 23
1301 1 23
1302 1 23
1303 1 23
1304 1 23
1305 1 23
1306 1 23
1307 1 23
1308 1 24
1309 1 24
1310 1 24
1311 1 24
1312 1 24
1313 1 24
1314 1 24
1315 1 24
1316 1 24
1317 1 24
1318 1 24
1319 1 24
1320 1 24
1321 1 24
1322 1 24
1323 1 24
1324 1 24
1325 1 24
1326 1 24
1327 1 24
1328 1 24
1329 1 24
1330 1 24
1331 1 24
1332 1 24
1333 1 24
1334 1 24
1335 1 24
1336 1 24
1337 1 24
1338 1 24
1339 1 24
1340 1 24
1341 1 24
1342 1 24
1343 1 24
1344 1 24
1345 1 24
1346 1 24
1347 1 24
1348 1 24
1349 1 24
1350 1 24
1351 1 24
1352 1 25
1353 1 25
1354 1 25
1355 1 25
1356 1 25
1357 1 25
1358 1 25
1359 1 25
1360 1 26
1361 1 26
1362 2 26
1363 2 27
1364 2 27
1365 2 27
1366 2 27
1367 2 28
1368 2 28
1369 2 28
1370 2 28
1371 2 28
1372 2 29
1373 2 29
1374 2 29
1375 2 29
1376 2 29
1377 2 29
1378 2 29
1379 2 29
1380 2 29
1381 2 30
1382 2 30
1383 2 30
1384 2 30
1385 2 31
1386 2 31
1387 2 31
1388 2 31
1389 2 31
1390 2 31
1391 2 31
1392 2 31
1393 2 31
1394 2 31
1395 2 31
1396 2 31
1397 2 31
1398 2 32
1399 2 32
1400 2 32
1401 2 32
1402 2 32
1403 2 32
1404 2 32
1405 2 32
1406 2 31
1407 2 31
1408 2 31
1409 2 32
1410 2 32
1411 2 32
1412 2 32
1413 2 32
1414 2 32
1415 2 32
1416 2 32
1417 2 32
1418 2 32
1419 2 33
1420 2 33
1421 2 33
1422 2 33
1423 2 33
1424 2 34
1425 2 34
1426 2 34
1427 2 34
1428 2 34
1429 2 34
1430 2 34
1431 2 34
1432 2 35
1433 2 35
1434 2 35
1435 2 35
1436 2 35
1437 2 35
1438 2 35
1439 2 35
1440 2 35
1441 2 35
1442 2 35
1443 2 35
1444 2 35
1445 2 35
1446 2 36
1447 2 36
1448 2 36
1449 2 36
1450 2 36
1451 2 36
1452 2 36
1453 2 36
1454 2 36
1455 2 36
1456 2 36
1457 2 36
1458 2 37
1459 2 37
1460 2 37
1461 2 37
1462 2 37
1463 2 37
1464 2 37
1465 2 37
1466 2 37
1467 2 37
1468 2 38
1469 2 38
1470 2 38
1471 2 38
1472 2 38
1473 2 38
1474 2 38
1475 2 38
1476 2 38
1477 2 38
1478 2 39
1479 2 39
1480 2 39
1481 2 39
1482 2 39
1483 2 39
1484 2 39
1485 2 39
1486 2 39
1487 2 39
1488 2 39
1489 2 39
1490 2 39
1491 2 39
1492 2 39
1493 2 39
1494 2 39
1495 2 39
1496 2 39
1497 2 39
1498 2 39
1499 2 39
1500 2 39
1501 2 39
1502 2 40
1503 2 40
1504 2 40
1505 2 40
1506 2 40
1507 2 40
1508 2 40
1509 2 40
1510 2 40
1511 2 40
1512 2 40
1513 2 40
1514 2 40
1515 2 41
1516 2 41
1517 2 41
1518 2 41
1519 2 41
1520 2 41
1521 2 41
1522 2 41
1523 2 41
1524 2 42
1525 2 42
1526 2 42
1527 2 42
1528 2 42
1529 2 42
1530 2 42
1531 2 42
1532 3 42
1533 3 42
1534 3 42
1535 3 42
1536 3 42
1537 3 43
1538 3 43
1539 3 43
1540 3 43
1541 3 43
1542 3 43
1543 3 44
1544 3 44
1545 3 44
1546 3 44
1547 3 44
1548 3 44
1549 3 44
1550 3 44
1551 3 44
1552 3 45
1553 3 45
1554 3 45
1555 3 45
1556 3 45
1557 3 45
1558 3 45
1559 3 45
1560 3 45
1561 3 46
1562 3 46
1563 3 46
1564 3 46
1565 3 46
1566 3 46
1567 3 46
1568 3 46
1569 3 46
1570 3 46
1571 3 46
1572 3 46
1573 3 46
1574 3 46
1575 3 46
1576 3 46
1577 3 47
1578 3 47
1579 3 47
1580 3 47
1581 3 47
1582 3 48
1583 3 48
1584 3 48
1585 3 48
1586 3 48
1587 3 48
1588 3 48
1589 3 48
1590 3 48
1591 3 48
1592 3 48
1593 3 48
1594 4 48
1595 4 49
1596 4 49
1597 4 49
1598 4 49
1599 4 49
1600 4 49
1601 4 50
1602 4 50
1603 4 50
1604 4 50
1605 4 50
1606 4 50
1607 4 50
1608 4 50
1609 4 51
1610 4 51
1611 4 51
1612 4 51
1613 4 51
1614 4 51
1615 4 52
1616 5 52
1617 5 52
1618 5 52
1619 5 52
1620 5 52
1621 5 52
1622 5 52
1623 5 52
1624 5 52
1625 5 52
1626 5 52
1627 5 52
1628 5 53
1629 5 53
1630 5 53
1631 5 53
1632 5 53
1633 5 53
1634 5 53
1635 5 53
1636 5 53
1637 5 53
1638 5 53
1639 5 53
1640 5 53
1641 6 53
1642 6 54
1643 6 54
1644 6 54
1645 6 54
1646 6 54
1647 6 54
1648 6 54
1649 6 54
1650 6 54
1651 6 54
1652 6 54
1653 6 54
1654 6 54
1655 6 54
1656 6 55
1657 6 55
1658 6 55
1659 6 55
1660 6 55
1661 6 55
1662 6 55
1663 6 55
1664 6 55
1665 6 55
1666 6 55
1667 6 55
1668 6 56
1669 6 56
1670 6 56
1671 7 56
1672 7 56
1673 7 56
1674 7 56
1675 7 56
1676 7 56
1677 7 56
1678 7 56
1679 7 57
1680 7 57
1681 7 57
1682 7 57
1683 7 57
1684 7 57
1685 7 57
1686 7 57
1687 7 57
1688 7 58
1689 7 58
1690 7 58
1691 7 58
1692 7 58
1693 8 58
1694 8 58
1695 8 58
1696 8 58
1697 8 58
1698 8 58
1699 8 58
1700 8 58
1701 8 58
1702 8 59
1703 8 59
1704 9 59
1705 9 59
1706 9 59
1707 9 59
1708 9 59
1709 9 59
1710 9 59
1711 10 59
1712 10 59
1713 10 59
1714 10 59
1715 11 59
1716 12 59
1717 12 59
1718 13 59
1719 17 59
1720 18 59
1721 19 59
1722 21 60
1723 21 60
1724 21 60
1725 21 60
1726 21 60
1727 21 60
1728 22 60
1729 22 60
1730 22 60
1731 22 60
1732 23 60
1733 24 60
1734 26 60
1735 26 60
1736 26 60
1737 30 60
1738 30 60
1739 32 61
1740 38 61
1741 38 61
1742 39 61
1743 41 61
1744 51 61
1745 52 61
1746 98 61
1747 99 61
1748 100 61
