0 0 0
1 0 0
2 0 0
3 0 0
4 0 0
5 0 0
6 0 0
7 0 0
8 0 0
9 0 0
10 0 0
11 0 0
12 0 0
13 0 0
14 0 0
15 0 0
16 0 0
17 0 0
18 0 0
19 0 0
20 0 0
21 0 0
22 0 0
23 0 0
24 0 0
25 0 0
26 0 0
27 0 0
28 0 0
29 0 0
30 0 0
31 0 0
32 0 0
33 0 0
34 0 0
35 0 0
36 0 0
37 0 0
38 0 0
39 0 0
40 0 0
41 0 0
42 0 0
43 0 0
44 0 0
45 0 0
46 0 0
47 0 0
48 0 0
49 0 0
50 0 0
51 0 0
52 0 0
53 0 0
54 0 0
55 0 0
56 0 0
57 0 0
58 0 0
59 0 0
60 0 0
61 0 0
62 0 0
63 0 0
64 0 0
65 0 0
66 0 0
67 0 0
68 0 0
69 0 0
70 0 0
71 0 0
72 0 0
73 0 0
74 0 0
75 0 0
76 0 0
77 0 0
78 0 0
79 0 0
80 0 0
81 0 0
82 0 0
83 0 0
84 0 0
85 0 0
86 0 0
87 0 0
88 0 0
89 0 0
90 0 0
91 0 0
92 0 0
93 0 0
94 0 0
95 0 0
96 0 0
97 0 0
98 0 0
99 0 0
100 0 0
101 0 0
102 0 0
103 0 0
104 0 0
105 0 0
106 0 0
107 0 0
108 0 0
109 0 0
110 0 0
111 0 0
112 0 0
113 0 0
114 0 0
115 0 0
116 0 0
117 0 0
118 0 0
119 0 0
120 0 0
121 0 0
122 0 0
123 0 0
124 0 0
125 0 0
126 0 0
127 0 0
128 0 0
129 0 0
130 0 0
131 0 0
132 0 0
133 0 0
134 0 0
135 0 0
136 0 0
137 0 0
138 0 0
139 0 0
140 0 0
141 0 0
142 0 0
143 0 0
144 0 0
145 0 0
146 0 0
147 0 0
148 0 0
149 0 0
150 0 0
151 0 0
152 0 0
153 0 0
154 0 0
155 0 0
156 0 0
157 0 0
158 0 0
159 0 0
160 0 0
161 0 0
162 0 0
163 0 0
164 0 0
165 0 0
166 0 0
167 0 0
168 0 0
169 0 0
170 0 0
171 0 0
172 0 0
173 0 0
174 0 0
175 0 0
176 0 0
177 0 0
178 0 0
179 0 0
180 0 0
181 0 0
182 0 0
183 0 0
184 0 0
185 0 0
186 0 0
187 0 0
188 0 0
189 0 0
190 0 0
191 0 0
192 0 0
193 0 0
194 0 0
195 0 0
196 0 0
197 0 0
198 0 0
199 0 0
200 0 0
201 0 0
202 0 0
203 0 0
204 0 0
205 0 0
206 0 0
207 0 0
208 0 0
209 0 0
210 0 0
211 0 0
212 0 0
213 0 0
214 0 0
215 0 0
216 0 0
217 0 0
218 0 0
219 0 0
220 0 0
221 0 0
222 0 0
223 0 0
224 0 0
225 0 0
226 0 0
227 0 0
228 0 0
229 0 0
230 0 0
231 0 0
232 0 0
233 0 0
234 0 0
235 0 0
236 0 0
237 0 0
238 0 0
239 0 0
240 0 0
241 0 0
242 0 0
243 0 0
244 0 0
245 0 0
246 0 0
247 0 0
248 0 0
249 0 0
250 0 0
251 0 0
252 0 0
253 0 0
254 0 0
255 0 0
256 0 0
257 0 0
258 0 0
259 0 0
260 0 0
261 0 0
262 0 0
263 0 0
264 0 0
265 0 0
266 0 0
267 0 0
268 0 0
269 0 0
270 0 0
271 0 0
272 0 0
273 0 0
274 0 0
275 0 0
276 0 0
277 0 0
278 0 0
279 0 0
280 0 0
281 0 0
282 0 0
283 0 0
284 0 0
285 0 0
286 0 0
287 0 0
288 0 0
289 0 0
290 0 0
291 0 0
292 0 0
293 0 0
294 0 0
295 0 0
296 0 0
297 0 0
298 0 0
299 0 0
300 0 0
301 0 0
302 0 8
303 0 8
304 0 8
305 0 8
306 0 8
307 0 8
308 0 8
309 0 8
310 0 8
311 0 8
312 0 8
313 0 8
314 0 8
315 0 8
316 0 8
317 0 8
318 0 8
319 0 8
320 0 8
321 0 8
322 0 8
323 0 8
324 0 8
325 0 8
326 0 8
327 0 8
328 0 8
329 0 8
330 0 8
331 0 8
332 0 8
333 0 8
334 0 8
335 0 8
336 0 8
337 0 8
338 0 8
339 0 8
340 0 8
341 0 8
342 0 8
343 0 8
344 0 8
345 0 8
346 0 8
347 0 8
348 0 8
349 0 8
350 0 8
351 0 8
352 0 8
353 0 8
354 0 8
355 0 8
356 0 8
357 0 8
358 0 8
359 0 8
360 0 8
361 0 8
362 0 8
363 0 8
364 0 8
365 0 8
366 0 8
367 0 8
368 0 8
369 0 8
370 0 8
371 0 8
372 0 8
373 0 8
374 0 8
375 0 8
376 0 7
377 0 7
378 0 14
379 0 13
380 0 13
381 0 13
382 0 13
383 0 13
384 0 13
385 0 13
386 0 13
387 0 13
388 0 13
389 0 13
390 0 13
391 0 13
392 0 13
393 0 13
394 0 13
395 0 13
396 0 13
397 0 13
398 0 13
399 0 13
400 0 13
401 0 13
402 0 13
403 0 13
404 0 13
405 0 13
406 0 13
407 0 12
408 0 12
409 0 12
410 0 12
411 0 12
412 0 12
413 0 12
414 0 12
415 0 12
416 0 11
417 0 11
418 0 11
419 0 11
420 0 16
421 0 16
422 0 16
423 0 16
424 0 16
425 0 16
426 0 16
427 0 16
428 0 16
429 0 16
430 0 16
431 0 15
432 0 15
433 0 15
434 0 15
435 0 15
436 0 15
437 0 15
438 0 15
439 0 15
440 0 15
441 0 15
442 0 15
443 0 15
444 0 15
445 0 15
446 0 15
447 0 15
448 0 15
449 0 15
450 0 15
451 0 15
452 0 15
453 0 15
454 0 15
455 0 15
456 0 19
457 0 19
458 0 19
459 0 19
460 0 19
461 0 19
462 0 19
463 0 19
464 0 19
465 0 22
466 0 22
467 0 22
468 0 22
469 0 22
470 0 22
471 0 22
472 0 22
473 0 22
474 0 22
475 0 22
476 0 22
477 0 22
478 0 22
479 0 22
480 0 22
481 0 22
482 0 22
483 0 22
484 0 22
485 0 22
486 0 22
487 0 22
488 0 22
489 0 22
490 0 22
491 0 22
492 0 22
493 0 22
494 0 22
495 0 22
496 0 22
497 0 22
498 0 22
499 0 22
500 0 22
501 0 22
502 0 22
503 0 22
504 0 22
505 0 22
506 0 22
507 0 22
508 0 22
509 0 22
510 0 22
511 0 22
512 0 22
513 0 22
514 0 22
515 0 22
516 0 22
517 0 22
518 0 22
519 0 22
520 0 21
521 0 21
522 0 21
523 0 21
524 0 21
525 0 21
526 0 21
527 0 21
528 0 21
529 0 21
530 0 21
531 0 21
532 0 21
533 0 21
534 0 21
535 0 20
536 0 20
537 0 20
538 0 20
539 0 20
540 0 20
541 0 20
542 0 20
543 0 20
544 0 20
545 0 20
546 0 20
547 0 20
548 0 20
549 0 20
550 0 20
551 0 20
552 0 20
553 0 20
554 0 20
555 0 20
556 0 20
557 0 20
558 0 19
559 0 19
560 0 19
561 0 19
562 0 19
563 0 19
564 0 18
565 0 18
566 0 18
567 0 18
568 0 18
569 0 18
570 0 17
571 0 17
572 0 17
573 0 17
574 0 17
575 0 17
576 0 17
577 0 17
578 0 17
579 0 17
580 0 17
581 0 17
582 0 17
583 0 17
584 0 17
585 0 17
586 0 17
587 0 17
588 0 17
589 0 17
590 0 17
591 0 17
592 0 17
593 0 17
594 0 16
595 0 16
596 0 16
597 0 16
598 0 16
599 0 16
600 0 16
601 0 16
602 0 15
603 0 15
604 0 15
605 0 15
606 0 15
607 0 15
608 0 15
609 0 15
610 0 15
611 0 15
612 0 15
613 0 15
614 0 15
615 0 15
616 0 15
617 0 15
618 0 15
619 0 15
620 0 15
621 0 15
622 0 15
623 0 15
624 0 15
625 0 15
626 0 15
627 0 15
628 0 15
629 0 14
630 0 14
631 0 14
632 0 14
633 0 14
634 0 14
635 0 14
636 0 14
637 0 14
638 0 14
639 0 14
640 0 14
641 0 14
642 0 14
643 0 14
644 0 14
645 0 14
646 0 14
647 0 14
648 0 13
649 0 13
650 0 13
651 0 13
652 0 13
653 0 13
654 0 13
655 0 13
656 0 13
657 0 12
658 0 12
659 0 12
660 0 12
661 0 12
662 0 12
663 0 12
664 0 12
665 0 12
666 0 12
667 0 12
668 0 12
669 0 12
670 0 12
671 0 12
672 0 12
673 0 12
674 0 12
675 0 12
676 0 12
677 0 12
678 0 12
679 0 12
680 0 12
681 0 12
682 0 12
683 0 11
684 0 11
685 0 11
686 0 11
687 0 11
688 0 11
689 0 11
690 0 11
691 0 11
692 0 13
693 0 13
694 0 15
695 0 15
696 0 15
697 0 15
698 0 15
699 0 15
700 0 15
701 0 15
702 0 15
703 0 15
704 0 15
705 0 15
706 0 15
707 0 15
708 0 15
709 0 15
710 0 15
711 0 15
712 0 15
713 0 15
714 0 14
715 0 14
716 0 14
717 0 14
718 0 14
719 0 14
720 0 14
721 0 14
722 0 14
723 0 14
724 0 14
725 0 14
726 0 14
727 0 14
728 0 14
729 0 14
730 0 14
731 0 14
732 0 14
733 0 14
734 0 14
735 0 14
736 0 14
737 0 14
738 0 14
739 0 14
740 0 14
741 0 14
742 0 14
743 0 14
744 0 14
745 0 14
746 0 14
747 0 14
748 0 14
749 0 14
750 0 14
751 0 14
752 0 14
753 0 14
754 0 14
755 0 14
756 0 16
757 0 16
758 0 16
759 0 16
760 0 16
761 0 16
762 0 16
763 0 16
764 0 16
765 0 16
766 0 16
767 0 16
768 0 16
769 0 15
770 0 15
771 0 15
772 0 15
773 0 15
774 0 15
775 0 15
776 0 15
777 0 15
778 0 15
779 0 15
780 0 15
781 0 15
782 0 15
783 0 15
784 0 15
785 0 15
786 0 14
787 0 14
788 0 14
789 0 14
790 0 14
791 0 14
792 0 14
793 0 14
794 0 14
795 0 14
796 0 14
797 0 14
798 0 14
799 0 14
800 0 14
801 0 14
802 0 14
803 0 14
804 0 14
805 0 14
806 0 14
807 0 14
808 0 14
809 0 13
810 0 13
811 0 13
812 0 13
813 0 13
814 0 13
815 0 13
816 0 13
817 0 13
818 0 13
819 0 13
820 0 13
821 0 13
822 0 13
823 0 13
824 0 13
825 0 13
826 0 13
827 0 13
828 0 13
829 0 13
830 0 13
831 0 13
832 0 13
833 0 13
834 0 13
835 0 13
836 0 13
837 0 13
838 0 13
839 0 13
840 0 13
841 0 13
842 0 13
843 0 13
844 0 13
845 0 13
846 0 13
847 0 13
848 0 13
849 0 13
850 0 13
851 0 13
852 0 13
853 0 13
854 0 13
855 0 13
856 0 13
857 0 13
858 0 13
859 0 13
860 0 13
861 0 13
862 0 13
863 0 13
864 0 12
865 0 12
866 0 12
867 0 12
868 0 12
869 0 12
870 0 12
871 0 12
872 0 12
873 0 12
874 0 12
875 0 12
876 0 12
877 0 12
878 0 12
879 0 12
880 0 12
881 0 12
882 0 14
883 0 14
884 0 14
885 0 14
886 0 14
887 0 14
888 0 14
889 0 14
890 0 14
891 0 14
892 0 14
893 0 14
894 0 14
895 0 14
896 0 13
897 0 13
898 0 13
899 0 13
900 0 13
901 0 13
902 0 13
903 0 13
904 0 13
905 0 13
906 0 13
907 0 13
908 0 13
909 0 13
910 0 13
911 0 13
912 0 13
913 0 13
914 0 13
915 0 13
916 0 15
917 0 15
918 0 15
919 0 15
920 0 15
921 0 15
922 0 15
923 0 15
924 0 15
925 0 15
926 0 15
927 0 14
928 0 14
929 0 14
930 0 14
931 0 14
932 0 16
933 0 16
934 0 16
935 0 16
936 0 17
937 0 18
938 0 18
939 0 18
940 0 18
941 0 18
942 0 18
943 0 18
944 0 18
945 0 18
946 0 18
947 0 18
948 0 18
949 0 18
950 0 18
951 0 18
952 0 18
953 0 18
954 0 18
955 0 18
956 0 18
957 0 18
958 0 18
959 0 18
960 0 18
961 0 18
962 0 18
963 0 18
964 0 18
965 0 18
966 0 19
967 0 19
968 0 19
969 0 19
970 0 19
971 0 19
972 0 19
973 0 19
974 0 20
975 0 20
976 0 20
977 0 20
978 0 20
979 0 20
980 0 20
981 0 20
982 0 20
983 0 20
984 0 20
985 0 20
986 0 20
987 0 20
988 0 20
989 0 20
990 0 20
991 0 20
992 0 20
993 0 21
994 0 21
995 0 21
996 0 21
997 0 21
998 0 21
999 0 21
1000 0 21
1001 0 21
1002 0 20
1003 0 20
1004 0 20
1005 0 20
1006 0 20
1007 0 20
1008 0 20
1009 0 20
1010 0 20
1011 0 20
1012 0 20
1013 0 20
1014 0 20
1015 0 20
1016 0 20
1017 0 20
1018 0 20
1019 0 20
1020 0 20
1021 0 20
1022 0 20
1023 0 20
1024 0 20
1025 0 20
1026 0 20
1027 0 21
1028 0 21
1029 0 21
1030 0 21
1031 0 21
1032 0 21
1033 0 22
1034 0 22
1035 0 23
1036 0 23
1037 0 23
1038 0 23
1039 1 24
1040 1 24
1041 1 24
1042 1 24
1043 1 24
1044 1 24
1045 1 24
1046 1 24
1047 1 24
1048 1 24
1049 1 24
1050 1 24
1051 1 24
1052 1 24
1053 1 24
1054 1 24
1055 1 24
1056 1 24
1057 1 24
1058 1 24
1059 1 24
1060 1 24
1061 1 24
1062 1 24
1063 1 25
1064 1 25
1065 1 25
1066 1 25
1067 1 25
1068 1 25
1069 1 24
1070 1 24
1071 1 24
1072 1 24
1073 1 24
1074 1 24
1075 1 24
1076 1 24
1077 1 24
1078 1 24
1079 1 24
1080 1 24
1081 1 24
1082 1 24
1083 1 24
1084 1 24
1085 1 24
1086 1 25
1087 1 25
1088 1 25
1089 1 24
1090 1 24
1091 1 24
1092 1 24
1093 1 25
1094 1 25
1095 1 25
1096 1 25
1097 1 25
1098 1 25
1099 1 25
1100 1 25
1101 1 25
1102 1 25
1103 1 25
1104 1 25
1105 1 25
1106 1 25
1107 1 25
1108 1 25
1109 1 26
1110 1 26
1111 1 26
1112 1 26
1113 1 25
1114 1 25
1115 1 25
1116 1 25
1117 1 25
1118 1 25
1119 1 25
1120 1 25
1121 1 25
1122 1 25
1123 1 25
1124 1 25
1125 1 25
1126 1 25
1127 1 25
1128 1 25
1129 1 25
1130 1 25
1131 1 26
1132 1 26
1133 1 26
1134 1 26
1135 1 27
1136 1 27
1137 1 27
1138 1 28
1139 1 28
1140 1 28
1141 1 28
1142 1 28
1143 1 28
1144 1 28
1145 1 28
1146 1 28
1147 1 28
1148 1 28
1149 1 28
1150 1 28
1151 1 28
1152 1 28
1153 1 28
1154 1 28
1155 1 28
1156 1 29
1157 1 29
1158 1 30
1159 1 30
1160 1 30
1161 1 30
1162 1 30
1163 1 30
1164 1 30
1165 1 30
1166 1 30
1167 1 30
1168 1 31
1169 1 31
1170 1 31
1171 1 31
1172 1 31
1173 1 31
1174 1 31
1175 1 31
1176 1 31
1177 1 31
1178 1 30
1179 1 30
1180 1 31
1181 1 31
1182 1 31
1183 1 31
1184 1 31
1185 1 31
1186 1 31
1187 1 31
1188 1 31
1189 1 31
1190 1 31
1191 1 30
1192 1 30
1193 1 30
1194 1 30
1195 1 30
1196 1 30
1197 1 30
1198 1 30
1199 1 31
1200 1 31
1201 1 31
1202 1 31
1203 1 31
1204 1 31
1205 1 32
1206 1 32
1207 1 32
1208 1 32
1209 1 32
1210 1 32
1211 1 32
1212 1 32
1213 1 33
1214 1 33
1215 1 33
1216 1 33
1217 1 33
1218 1 33
1219 1 34
1220 1 34
1221 1 34
1222 1 34
1223 1 34
1224 1 34
1225 1 34
1226 1 34
1227 1 34
1228 1 34
1229 1 34
1230 1 34
1231 1 34
1232 1 34
1233 1 34
1234 1 35
1235 1 35
1236 1 35
1237 1 35
1238 1 35
1239 1 35
1240 1 35
1241 1 35
1242 1 35
1243 1 35
1244 1 35
1245 1 35
1246 1 35
1247 1 35
1248 1 35
1249 1 35
1250 1 35
1251 1 35
1252 1 35
1253 1 35
1254 1 35
1255 1 35
1256 1 35
1257 1 35
1258 1 36
1259 1 36
1260 1 36
1261 1 36
1262 1 36
1263 1 36
1264 1 36
1265 1 36
1266 1 36
1267 1 36
1268 1 36
1269 1 36
1270 1 36
1271 1 36
1272 1 36
1273 1 36
1274 1 36
1275 1 36
1276 1 36
1277 1 36
1278 1 36
1279 1 36
1280 1 36
1281 1 36
1282 1 36
1283 1 36
1284 1 36
1285 1 36
1286 1 36
1287 1 36
1288 1 36
1289 1 36
1290 1 37
1291 1 37
1292 1 37
1293 1 37
1294 1 37
1295 1 37
1296 1 37
1297 1 37
1298 1 37
1299 1 37
1300 1 37
1301 1 37
1302 1 37
1303 1 37
1304 1 37
1305 1 37
1306 1 38
1307 1 38
1308 1 37
1309 1 37
1310 1 37
1311 1 37
1312 1 37
1313 1 37
1314 1 37
1315 1 37
1316 1 37
1317 1 37
1318 1 37
1319 1 37
1320 1 38
1321 1 38
1322 1 38
1323 1 38
1324 1 38
1325 1 38
1326 1 38
1327 1 38
1328 1 38
1329 1 38
1330 1 38
1331 1 38
1332 1 38
1333 1 39
1334 1 39
1335 1 39
1336 1 39
1337 1 39
1338 1 39
1339 1 39
1340 1 40
1341 1 40
1342 1 40
1343 1 40
1344 1 40
1345 1 40
1346 1 40
1347 1 40
1348 1 40
1349 1 40
1350 1 40
1351 1 40
1352 1 40
1353 1 40
1354 1 40
1355 1 40
1356 1 40
1357 1 40
1358 1 40
1359 1 40
1360 1 41
1361 1 41
1362 2 41
1363 2 42
1364 2 42
1365 2 42
1366 2 42
1367 2 42
1368 2 42
1369 2 43
1370 2 43
1371 2 44
1372 2 44
1373 2 44
1374 2 44
1375 2 44
1376 2 44
1377 2 44
1378 2 44
1379 2 44
1380 2 44
1381 2 45
1382 2 45
1383 2 45
1384 2 45
1385 2 45
1386 2 46
1387 2 46
1388 2 46
1389 2 46
1390 2 46
1391 2 46
1392 2 46
1393 2 46
1394 2 46
1395 2 46
1396 2 46
1397 2 47
1398 2 47
1399 2 47
1400 2 47
1401 2 47
1402 2 47
1403 2 47
1404 2 47
1405 2 47
1406 2 47
1407 2 48
1408 2 48
1409 2 48
1410 2 48
1411 2 48
1412 2 48
1413 2 48
1414 2 48
1415 2 48
1416 2 48
1417 2 49
1418 2 49
1419 2 49
1420 2 49
1421 2 49
1422 2 49
1423 2 49
1424 2 50
1425 2 50
1426 2 50
1427 2 50
1428 2 50
1429 2 50
1430 2 50
1431 2 50
1432 2 51
1433 2 51
1434 2 51
1435 2 51
1436 2 51
1437 2 51
1438 2 51
1439 2 51
1440 2 51
1441 2 51
1442 2 51
1443 2 51
1444 2 51
1445 2 51
1446 2 51
1447 2 51
1448 2 51
1449 2 51
1450 2 52
1451 2 52
1452 2 52
1453 2 52
1454 2 52
1455 2 52
1456 2 52
1457 2 52
1458 2 52
1459 2 52
1460 2 52
1461 2 53
1462 2 52
1463 2 52
1464 2 52
1465 2 52
1466 2 52
1467 2 52
1468 2 53
1469 2 53
1470 2 52
1471 2 53
1472 2 53
1473 2 53
1474 2 53
1475 2 53
1476 2 53
1477 2 53
1478 2 53
1479 2 53
1480 2 53
1481 2 53
1482 2 53
1483 2 53
1484 2 53
1485 2 53
1486 2 53
1487 2 53
1488 2 53
1489 2 53
1490 2 53
1491 2 53
1492 2 53
1493 2 53
1494 2 53
1495 2 53
1496 2 53
1497 2 53
1498 2 53
1499 2 53
1500 2 53
1501 2 53
1502 2 53
1503 2 53
1504 2 53
1505 2 53
1506 2 53
1507 2 53
1508 2 53
1509 2 54
1510 2 54
1511 2 54
1512 2 54
1513 2 54
1514 2 54
1515 2 54
1516 2 54
1517 2 54
1518 2 54
1519 2 54
1520 2 54
1521 2 54
1522 2 54
1523 2 54
1524 2 54
1525 2 54
1526 2 54
1527 2 55
1528 2 55
1529 2 55
1530 2 55
1531 2 55
1532 3 55
1533 3 55
1534 3 54
1535 3 55
1536 3 55
1537 3 55
1538 3 55
1539 3 55
1540 3 55
1541 3 55
1542 3 55
1543 3 55
1544 3 55
1545 3 56
1546 3 56
1547 3 56
1548 3 56
1549 3 56
1550 3 56
1551 3 56
1552 3 56
1553 3 57
1554 3 57
1555 3 57
1556 3 57
1557 3 57
1558 3 57
1559 3 57
1560 3 57
1561 3 57
1562 3 57
1563 3 57
1564 3 57
1565 3 57
1566 3 57
1567 3 57
1568 3 57
1569 3 57
1570 3 57
1571 3 57
1572 3 57
1573 3 57
1574 3 57
1575 3 57
1576 3 58
1577 3 58
1578 3 58
1579 3 58
1580 3 58
1581 3 58
1582 3 59
1583 3 59
1584 3 59
1585 3 59
1586 3 59
1587 3 59
1588 3 59
1589 3 59
1590 3 59
1591 3 59
1592 3 59
1593 3 59
1594 4 59
1595 4 59
1596 4 59
1597 4 59
1598 4 59
1599 4 59
1600 4 60
1601 4 60
1602 4 60
1603 4 60
1604 4 60
1605 4 60
1606 4 60
1607 4 60
1608 4 60
1609 4 61
1610 4 61
1611 4 61
1612 4 61
1613 4 61
1614 4 61
1615 4 61
1616 5 62
1617 5 62
1618 5 62
1619 5 62
1620 5 62
1621 5 62
1622 5 62
1623 5 62
1624 5 62
1625 5 62
1626 5 62
1627 5 62
1628 5 62
1629 5 62
1630 5 62
1631 5 62
1632 5 62
1633 5 62
1634 5 62
1635 5 62
1636 5 62
1637 5 63
1638 5 63
1639 5 63
1640 5 63
1641 6 63
1642 6 63
1643 6 63
1644 6 63
1645 6 63
1646 6 63
1647 6 63
1648 6 63
1649 6 63
1650 6 63
1651 6 63
1652 6 63
1653 6 63
1654 6 63
1655 6 64
1656 6 64
1657 6 64
1658 6 64
1659 6 64
1660 6 64
1661 6 64
1662 6 64
1663 6 64
1664 6 64
1665 6 64
1666 6 64
1667 6 64
1668 6 65
1669 6 65
1670 6 65
1671 7 65
1672 7 65
1673 7 65
1674 7 65
1675 7 65
1676 7 65
1677 7 65
1678 7 65
1679 7 65
1680 7 65
1681 7 65
1682 7 66
1683 7 66
1684 7 66
1685 7 66
1686 7 66
1687 7 66
1688 7 66
1689 7 66
1690 7 66
1691 7 66
1692 7 66
1693 8 67
1694 8 67
1695 8 67
1696 8 67
1697 8 67
1698 8 67
1699 8 67
1700 8 67
1701 8 67
1702 8 67
1703 8 67
1704 9 67
1705 9 67
1706 9 67
1707 9 67
1708 9 67
1709 9 67
1710 9 67
1711 10 67
1712 10 67
1713 10 67
1714 10 67
1715 11 67
1716 12 67
1717 12 67
1718 13 67
1719 17 67
1720 18 68
1721 19 68
1722 21 68
1723 21 68
1724 21 68
1725 21 68
1726 21 68
1727 21 68
1728 22 68
1729 22 68
1730 22 68
1731 22 68
1732 23 68
1733 24 68
1734 26 68
1735 26 68
1736 26 68
1737 30 68
1738 30 68
1739 32 69
1740 38 69
1741 38 69
1742 39 69
1743 41 69
1744 51 69
1745 52 69
1746 98 69
1747 99 69
1748 100 69
