0 0 0
1 0 0
2 0 0
3 0 0
4 0 0
5 0 0
6 0 0
7 0 0
8 0 0
9 0 0
10 0 0
11 0 0
12 0 0
13 0 0
14 0 0
15 0 0
16 0 0
17 0 0
18 0 0
19 0 0
20 0 0
21 0 0
22 0 0
23 0 0
24 0 0
25 0 0
26 0 0
27 0 0
28 0 0
29 0 0
30 0 0
31 0 0
32 0 0
33 0 0
34 0 0
35 0 0
36 0 0
37 0 0
38 0 0
39 0 0
40 0 0
41 0 0
42 0 0
43 0 0
44 0 0
45 0 0
46 0 0
47 0 0
48 0 0
49 0 0
50 0 0
51 0 0
52 0 0
53 0 0
54 0 0
55 0 0
56 0 0
57 0 0
58 0 0
59 0 0
60 0 0
61 0 0
62 0 0
63 0 0
64 0 0
65 0 0
66 0 0
67 0 0
68 0 0
69 0 0
70 0 0
71 0 0
72 0 0
73 0 0
74 0 0
75 0 0
76 0 0
77 0 0
78 0 0
79 0 0
80 0 0
81 0 0
82 0 0
83 0 0
84 0 0
85 0 0
86 0 0
87 0 0
88 0 0
89 0 0
90 0 0
91 0 0
92 0 0
93 0 0
94 0 0
95 0 0
96 0 0
97 0 0
98 0 0
99 0 0
100 0 0
101 0 0
102 0 0
103 0 0
104 0 0
105 0 0
106 0 0
107 0 0
108 0 0
109 0 0
110 0 0
111 0 0
112 0 0
113 0 0
114 0 0
115 0 0
116 0 0
117 0 0
118 0 0
119 0 0
120 0 0
121 0 0
122 0 0
123 0 0
124 0 0
125 0 0
126 0 0
127 0 0
128 0 0
129 0 0
130 0 0
131 0 0
132 0 0
133 0 0
134 0 0
135 0 0
136 0 0
137 0 0
138 0 0
139 0 0
140 0 0
141 0 0
142 0 0
143 0 0
144 0 0
145 0 0
146 0 0
147 0 0
148 0 0
149 0 0
150 0 0
151 0 0
152 0 0
153 0 0
154 0 0
155 0 0
156 0 0
157 0 0
158 0 0
159 0 0
160 0 0
161 0 0
162 0 0
163 0 0
164 0 0
165 0 0
166 0 0
167 0 0
168 0 0
169 0 0
170 0 0
171 0 0
172 0 0
173 0 0
174 0 0
175 0 0
176 0 0
177 0 0
178 0 0
179 0 0
180 0 0
181 0 0
182 0 0
183 0 0
184 0 0
185 0 0
186 0 0
187 0 0
188 0 0
189 0 0
190 0 0
191 0 0
192 0 0
193 0 0
194 0 0
195 0 0
196 0 0
197 0 0
198 0 0
199 0 0
200 0 0
201 0 0
202 0 0
203 0 0
204 0 0
205 0 0
206 0 0
207 0 0
208 0 0
209 0 0
210 0 0
211 0 0
212 0 0
213 0 0
214 0 0
215 0 0
216 0 0
217 0 0
218 0 0
219 0 0
220 0 0
221 0 0
222 0 0
223 0 0
224 0 0
225 0 0
226 0 0
227 0 0
228 0 0
229 0 0
230 0 0
231 0 0
232 0 0
233 0 0
234 0 0
235 0 0
236 0 0
237 0 0
238 0 0
239 0 0
240 0 0
241 0 0
242 0 0
243 0 0
244 0 0
245 0 0
246 0 0
247 0 0
248 0 0
249 0 0
250 0 0
251 0 0
252 0 0
253 0 0
254 0 0
255 0 0
256 0 0
257 0 0
258 0 0
259 0 0
260 0 0
261 0 0
262 0 0
263 0 0
264 0 0
265 0 0
266 0 0
267 0 0
268 0 0
269 0 0
270 0 9
271 0 9
272 0 9
273 0 9
274 0 9
275 0 9
276 0 9
277 0 9
278 0 9
279 0 9
280 0 9
281 0 9
282 0 9
283 0 9
284 0 9
285 0 9
286 0 9
287 0 9
288 0 9
289 0 9
290 0 9
291 0 9
292 0 9
293 0 9
294 0 9
295 0 9
296 0 9
297 0 9
298 0 9
299 0 9
300 0 9
301 0 9
302 0 8
303 0 8
304 0 8
305 0 8
306 0 8
307 0 8
308 0 8
309 0 8
310 0 8
311 0 8
312 0 8
313 0 8
314 0 8
315 0 8
316 0 8
317 0 8
318 0 8
319 0 8
320 0 8
321 0 8
322 0 8
323 0 8
324 0 8
325 0 8
326 0 8
327 0 8
328 0 8
329 0 8
330 0 8
331 0 8
332 0 8
333 0 8
334 0 8
335 0 8
336 0 8
337 0 8
338 0 8
339 0 8
340 0 8
341 0 8
342 0 8
343 0 8
344 0 8
345 0 8
346 0 8
347 0 8
348 0 8
349 0 8
350 0 8
351 0 8
352 0 8
353 0 8
354 0 8
355 0 8
356 0 8
357 0 8
358 0 8
359 0 8
360 0 8
361 0 8
362 0 8
363 0 8
364 0 8
365 0 8
366 0 8
367 0 8
368 0 8
369 0 8
370 0 8
371 0 8
372 0 8
373 0 8
374 0 8
375 0 8
376 0 7
377 0 7
378 0 7
379 0 6
380 0 6
381 0 6
382 0 6
383 0 6
384 0 6
385 0 6
386 0 6
387 0 6
388 0 6
389 0 6
390 0 6
391 0 6
392 0 6
393 0 6
394 0 6
395 0 6
396 0 6
397 0 6
398 0 6
399 0 6
400 0 6
401 0 6
402 0 6
403 0 6
404 0 6
405 0 6
406 0 6
407 0 6
408 0 6
409 0 6
410 0 6
411 0 6
412 0 6
413 0 6
414 0 6
415 0 6
416 0 5
417 0 5
418 0 5
419 0 5
420 0 5
421 0 5
422 0 5
423 0 5
424 0 5
425 0 5
426 0 5
427 0 5
428 0 5
429 0 5
430 0 5
431 0 5
432 0 5
433 0 5
434 0 5
435 0 10
436 0 10
437 0 10
438 0 10
439 0 10
440 0 10
441 0 10
442 0 10
443 0 10
444 0 10
445 0 10
446 0 10
447 0 10
448 0 10
449 0 10
450 0 10
451 0 10
452 0 10
453 0 10
454 0 10
455 0 10
456 0 9
457 0 9
458 0 9
459 0 9
460 0 9
461 0 9
462 0 9
463 0 9
464 0 9
465 0 9
466 0 9
467 0 9
468 0 9
469 0 9
470 0 9
471 0 9
472 0 9
473 0 9
474 0 9
475 0 9
476 0 9
477 0 9
478 0 9
479 0 9
480 0 9
481 0 9
482 0 9
483 0 9
484 0 9
485 0 9
486 0 9
487 0 9
488 0 9
489 0 9
490 0 9
491 0 9
492 0 9
493 0 9
494 0 9
495 0 9
496 0 9
497 0 9
498 0 9
499 0 9
500 0 9
501 0 9
502 0 9
503 0 9
504 0 9
505 0 9
506 0 9
507 0 9
508 0 9
509 0 9
510 0 9
511 0 9
512 0 9
513 0 9
514 0 9
515 0 9
516 0 9
517 0 9
518 0 9
519 0 9
520 0 8
521 0 8
522 0 8
523 0 8
524 0 8
525 0 8
526 0 8
527 0 8
528 0 8
529 0 8
530 0 8
531 0 8
532 0 8
533 0 8
534 0 8
535 0 8
536 0 8
537 0 8
538 0 8
539 0 8
540 0 8
541 0 8
542 0 8
543 0 8
544 0 8
545 0 8
546 0 8
547 0 8
548 0 8
549 0 8
550 0 8
551 0 8
552 0 8
553 0 8
554 0 8
555 0 8
556 0 8
557 0 8
558 0 7
559 0 7
560 0 7
561 0 7
562 0 7
563 0 7
564 0 7
565 0 7
566 0 7
567 0 7
568 0 7
569 0 7
570 0 7
571 0 7
572 0 7
573 0 7
574 0 7
575 0 7
576 0 7
577 0 7
578 0 7
579 0 7
580 0 7
581 0 7
582 0 7
583 0 7
584 0 7
585 0 7
586 0 7
587 0 7
588 0 7
589 0 7
590 0 6
591 0 6
592 0 6
593 0 6
594 0 6
595 0 9
596 0 9
597 0 9
598 0 9
599 0 9
600 0 9
601 0 9
602 0 9
603 0 9
604 0 9
605 0 9
606 0 9
607 0 9
608 0 9
609 0 9
610 0 9
611 0 9
612 0 9
613 0 9
614 0 9
615 0 9
616 0 9
617 0 9
618 0 9
619 0 9
620 0 9
621 0 9
622 0 9
623 0 9
624 0 9
625 0 9
626 0 9
627 0 9
628 0 9
629 0 8
630 0 8
631 0 8
632 0 8
633 0 8
634 0 8
635 0 8
636 0 8
637 0 8
638 0 8
639 0 8
640 0 8
641 0 8
642 0 8
643 0 8
644 0 8
645 0 8
646 0 8
647 0 11
648 0 11
649 0 11
650 0 10
651 0 10
652 0 10
653 0 10
654 0 10
655 0 13
656 0 13
657 0 15
658 0 15
659 0 15
660 0 15
661 0 15
662 0 15
663 0 15
664 0 15
665 0 15
666 0 15
667 0 15
668 0 15
669 0 15
670 0 15
671 0 15
672 0 17
673 0 17
674 0 17
675 0 17
676 0 17
677 0 17
678 0 17
679 0 17
680 0 17
681 0 17
682 0 17
683 0 19
684 0 19
685 0 19
686 0 19
687 0 19
688 0 19
689 0 19
690 0 19
691 0 19
692 0 20
693 0 20
694 0 22
695 0 22
696 0 22
697 0 22
698 0 22
699 0 22
700 0 22
701 0 22
702 0 22
703 0 22
704 0 22
705 0 24
706 0 24
707 0 24
708 0 23
709 0 23
710 0 23
711 0 23
712 0 23
713 0 23
714 0 25
715 0 25
716 0 25
717 0 25
718 0 25
719 0 25
720 0 25
721 0 25
722 0 25
723 0 25
724 0 25
725 0 25
726 0 25
727 0 25
728 0 25
729 0 25
730 0 25
731 0 25
732 0 25
733 0 25
734 0 25
735 0 25
736 0 25
737 0 25
738 0 25
739 0 25
740 0 25
741 0 25
742 0 25
743 0 25
744 0 25
745 0 25
746 0 25
747 0 25
748 0 25
749 0 25
750 0 25
751 0 25
752 0 25
753 0 25
754 0 25
755 0 25
756 0 27
757 0 27
758 0 27
759 0 27
760 0 27
761 0 27
762 0 27
763 0 27
764 0 26
765 0 26
766 0 26
767 0 26
768 0 28
769 0 29
770 0 29
771 0 29
772 0 29
773 0 29
774 0 29
775 0 29
776 0 29
777 0 28
778 0 28
779 0 28
780 0 28
781 0 28
782 0 28
783 0 28
784 0 28
785 0 28
786 0 29
787 0 29
788 0 29
789 0 29
790 0 29
791 0 29
792 0 29
793 0 29
794 0 29
795 0 29
796 0 29
797 0 29
798 0 28
799 0 28
800 0 28
801 0 28
802 0 28
803 0 28
804 0 28
805 0 28
806 0 28
807 0 28
808 0 28
809 0 29
810 0 29
811 0 29
812 0 29
813 0 29
814 0 29
815 0 29
816 0 29
817 0 29
818 0 29
819 0 29
820 0 29
821 0 29
822 0 28
823 0 28
824 0 28
825 0 28
826 0 28
827 0 28
828 0 28
829 0 28
830 0 28
831 0 28
832 0 28
833 0 28
834 0 28
835 0 28
836 0 28
837 0 28
838 0 28
839 0 28
840 0 28
841 0 28
842 0 28
843 0 28
844 0 28
845 0 28
846 0 28
847 0 28
848 0 28
849 0 28
850 0 28
851 0 28
852 0 28
853 0 28
854 0 28
855 0 28
856 0 28
857 0 28
858 0 28
859 0 27
860 0 27
861 0 27
862 0 27
863 0 27
864 0 29
865 0 29
866 0 29
867 0 29
868 0 29
869 0 29
870 0 29
871 0 29
872 0 29
873 0 29
874 0 29
875 0 30
876 0 30
877 0 30
878 0 30
879 0 30
880 0 30
881 0 30
882 0 31
883 0 31
884 0 31
885 0 31
886 0 31
887 0 31
888 0 31
889 0 31
890 0 31
891 0 31
892 0 31
893 0 31
894 0 31
895 0 31
896 0 30
897 0 30
898 0 30
899 0 30
900 0 30
901 0 30
902 0 30
903 0 30
904 0 30
905 0 30
906 0 30
907 0 30
908 0 30
909 0 30
910 0 30
911 0 30
912 0 30
913 0 30
914 0 30
915 0 30
916 0 31
917 0 31
918 0 31
919 0 31
920 0 31
921 0 31
922 0 31
923 0 31
924 0 31
925 0 31
926 0 31
927 0 32
928 0 32
929 0 32
930 0 32
931 0 32
932 0 32
933 0 32
934 0 32
935 0 32
936 0 31
937 0 31
938 0 31
939 0 31
940 0 31
941 0 31
942 0 31
943 0 31
944 0 31
945 0 31
946 0 31
947 0 30
948 0 30
949 0 30
950 0 30
951 0 30
952 0 30
953 0 30
954 0 30
955 0 30
956 0 30
957 0 30
958 0 30
959 0 30
960 0 30
961 0 31
962 0 31
963 0 31
964 0 31
965 0 31
966 0 32
967 0 32
968 0 32
969 0 32
970 0 32
971 0 32
972 0 32
973 0 32
974 0 32
975 0 32
976 0 32
977 0 32
978 0 32
979 0 32
980 0 32
981 0 32
982 0 32
983 0 32
984 0 32
985 0 32
986 0 32
987 0 32
988 0 32
989 0 32
990 0 32
991 0 32
992 0 32
993 0 33
994 0 33
995 0 33
996 0 33
997 0 33
998 0 33
999 0 32
1000 0 32
1001 0 32
1002 0 33
1003 0 33
1004 0 33
1005 0 33
1006 0 33
1007 0 33
1008 0 33
1009 0 33
1010 0 33
1011 0 33
1012 0 33
1013 0 33
1014 0 33
1015 0 33
1016 0 33
1017 0 33
1018 0 33
1019 0 33
1020 0 33
1021 0 34
1022 0 34
1023 0 34
1024 0 33
1025 0 33
1026 0 33
1027 0 32
1028 0 32
1029 0 32
1030 0 32
1031 0 32
1032 0 32
1033 0 32
1034 0 32
1035 0 32
1036 0 32
1037 0 32
1038 0 32
1039 1 31
1040 1 31
1041 1 31
1042 1 32
1043 1 32
1044 1 32
1045 1 32
1046 1 32
1047 1 32
1048 1 32
1049 1 32
1050 1 32
1051 1 32
1052 1 32
1053 1 32
1054 1 32
1055 1 32
1056 1 32
1057 1 32
1058 1 32
1059 1 32
1060 1 32
1061 1 32
1062 1 32
1063 1 32
1064 1 32
1065 1 32
1066 1 32
1067 1 32
1068 1 32
1069 1 33
1070 1 33
1071 1 33
1072 1 33
1073 1 33
1074 1 33
1075 1 33
1076 1 33
1077 1 33
1078 1 33
1079 1 33
1080 1 33
1081 1 33
1082 1 33
1083 1 33
1084 1 33
1085 1 32
1086 1 33
1087 1 33
1088 1 33
1089 1 34
1090 1 34
1091 1 34
1092 1 34
1093 1 33
1094 1 33
1095 1 33
1096 1 33
1097 1 33
1098 1 33
1099 1 33
1100 1 33
1101 1 33
1102 1 33
1103 1 33
1104 1 33
1105 1 33
1106 1 33
1107 1 33
1108 1 33
1109 1 33
1110 1 33
1111 1 33
1112 1 33
1113 1 32
1114 1 32
1115 1 32
1116 1 32
1117 1 32
1118 1 32
1119 1 32
1120 1 32
1121 1 32
1122 1 32
1123 1 32
1124 1 32
1125 1 32
1126 1 32
1127 1 32
1128 1 32
1129 1 32
1130 1 32
1131 1 33
1132 1 33
1133 1 33
1134 1 33
1135 1 34
1136 1 34
1137 1 34
1138 1 34
1139 1 34
1140 1 34
1141 1 34
1142 1 34
1143 1 34
1144 1 34
1145 1 34
1146 1 34
1147 1 34
1148 1 34
1149 1 34
1150 1 34
1151 1 34
1152 1 34
1153 1 33
1154 1 33
1155 1 33
1156 1 33
1157 1 33
1158 1 33
1159 1 33
1160 1 33
1161 1 33
1162 1 33
1163 1 33
1164 1 33
1165 1 33
1166 1 33
1167 1 33
1168 1 33
1169 1 33
1170 1 33
1171 1 33
1172 1 34
1173 1 34
1174 1 34
1175 1 34
1176 1 34
1177 1 34
1178 1 34
1179 1 34
1180 1 33
1181 1 33
1182 1 33
1183 1 33
1184 1 33
1185 1 33
1186 1 33
1187 1 33
1188 1 33
1189 1 33
1190 1 33
1191 1 33
1192 1 33
1193 1 33
1194 1 33
1195 1 33
1196 1 34
1197 1 34
1198 1 34
1199 1 33
1200 1 33
1201 1 34
1202 1 34
1203 1 34
1204 1 34
1205 1 34
1206 1 33
1207 1 33
1208 1 33
1209 1 33
1210 1 33
1211 1 33
1212 1 34
1213 1 35
1214 1 35
1215 1 35
1216 1 34
1217 1 34
1218 1 34
1219 1 35
1220 1 35
1221 1 34
1222 1 34
1223 1 34
1224 1 34
1225 1 34
1226 1 34
1227 1 34
1228 1 34
1229 1 34
1230 1 34
1231 1 34
1232 1 34
1233 1 34
1234 1 35
1235 1 35
1236 1 35
1237 1 35
1238 1 35
1239 1 35
1240 1 35
1241 1 35
1242 1 35
1243 1 35
1244 1 35
1245 1 35
1246 1 35
1247 1 34
1248 1 34
1249 1 35
1250 1 35
1251 1 35
1252 1 35
1253 1 35
1254 1 35
1255 1 35
1256 1 35
1257 1 35
1258 1 34
1259 1 34
1260 1 34
1261 1 34
1262 1 34
1263 1 34
1264 1 34
1265 1 34
1266 1 34
1267 1 34
1268 1 34
1269 1 34
1270 1 35
1271 1 35
1272 1 35
1273 1 35
1274 1 35
1275 1 35
1276 1 35
1277 1 35
1278 1 35
1279 1 35
1280 1 35
1281 1 35
1282 1 35
1283 1 35
1284 1 35
1285 1 35
1286 1 34
1287 1 34
1288 1 34
1289 1 34
1290 1 34
1291 1 34
1292 1 34
1293 1 34
1294 1 34
1295 1 34
1296 1 34
1297 1 34
1298 1 34
1299 1 34
1300 1 34
1301 1 34
1302 1 34
1303 1 34
1304 1 34
1305 1 34
1306 1 34
1307 1 34
1308 1 34
1309 1 34
1310 1 34
1311 1 34
1312 1 34
1313 1 34
1314 1 34
1315 1 34
1316 1 34
1317 1 34
1318 1 34
1319 1 34
1320 1 34
1321 1 34
1322 1 34
1323 1 34
1324 1 34
1325 1 34
1326 1 34
1327 1 34
1328 1 34
1329 1 34
1330 1 34
1331 1 34
1332 1 34
1333 1 34
1334 1 34
1335 1 34
1336 1 34
1337 1 34
1338 1 34
1339 1 34
1340 1 35
1341 1 35
1342 1 35
1343 1 35
1344 1 35
1345 1 35
1346 1 35
1347 1 35
1348 1 35
1349 1 35
1350 1 35
1351 1 35
1352 1 35
1353 1 35
1354 1 36
1355 1 36
1356 1 36
1357 1 36
1358 1 36
1359 1 36
1360 1 35
1361 1 35
1362 2 36
1363 2 36
1364 2 36
1365 2 36
1366 2 36
1367 2 36
1368 2 36
1369 2 37
1370 2 37
1371 2 36
1372 2 36
1373 2 36
1374 2 36
1375 2 36
1376 2 36
1377 2 36
1378 2 36
1379 2 36
1380 2 36
1381 2 36
1382 2 36
1383 2 36
1384 2 36
1385 2 36
1386 2 37
1387 2 37
1388 2 37
1389 2 37
1390 2 37
1391 2 37
1392 2 37
1393 2 37
1394 2 37
1395 2 37
1396 2 37
1397 2 37
1398 2 37
1399 2 37
1400 2 37
1401 2 37
1402 2 37
1403 2 37
1404 2 37
1405 2 37
1406 2 37
1407 2 37
1408 2 37
1409 2 37
1410 2 37
1411 2 37
1412 2 37
1413 2 37
1414 2 37
1415 2 37
1416 2 37
1417 2 37
1418 2 37
1419 2 37
1420 2 37
1421 2 37
1422 2 37
1423 2 37
1424 2 37
1425 2 37
1426 2 37
1427 2 38
1428 2 38
1429 2 38
1430 2 38
1431 2 38
1432 2 37
1433 2 37
1434 2 37
1435 2 37
1436 2 38
1437 2 38
1438 2 38
1439 2 38
1440 2 38
1441 2 38
1442 2 38
1443 2 38
1444 2 38
1445 2 38
1446 2 38
1447 2 38
1448 2 38
1449 2 38
1450 2 38
1451 2 38
1452 2 38
1453 2 38
1454 2 38
1455 2 38
1456 2 38
1457 2 38
1458 2 38
1459 2 38
1460 2 38
1461 2 38
1462 2 38
1463 2 38
1464 2 38
1465 2 38
1466 2 38
1467 2 38
1468 2 38
1469 2 38
1470 2 38
1471 2 38
1472 2 38
1473 2 38
1474 2 38
1475 2 38
1476 2 38
1477 2 38
1478 2 39
1479 2 39
1480 2 38
1481 2 39
1482 2 39
1483 2 39
1484 2 39
1485 2 39
1486 2 39
1487 2 39
1488 2 39
1489 2 39
1490 2 39
1491 2 39
1492 2 39
1493 2 39
1494 2 39
1495 2 39
1496 2 39
1497 2 39
1498 2 39
1499 2 39
1500 2 39
1501 2 39
1502 2 39
1503 2 39
1504 2 39
1505 2 39
1506 2 39
1507 2 39
1508 2 39
1509 2 39
1510 2 39
1511 2 39
1512 2 39
1513 2 39
1514 2 38
1515 2 38
1516 2 38
1517 2 38
1518 2 38
1519 2 38
1520 2 38
1521 2 38
1522 2 38
1523 2 38
1524 2 38
1525 2 38
1526 2 38
1527 2 38
1528 2 38
1529 2 38
1530 2 38
1531 2 38
1532 3 38
1533 3 38
1534 3 38
1535 3 38
1536 3 38
1537 3 37
1538 3 37
1539 3 38
1540 3 38
1541 3 38
1542 3 38
1543 3 38
1544 3 38
1545 3 38
1546 3 38
1547 3 38
1548 3 38
1549 3 38
1550 3 38
1551 3 38
1552 3 38
1553 3 38
1554 3 38
1555 3 38
1556 3 38
1557 3 38
1558 3 38
1559 3 39
1560 3 38
1561 3 39
1562 3 39
1563 3 39
1564 3 39
1565 3 38
1566 3 38
1567 3 38
1568 3 38
1569 3 38
1570 3 38
1571 3 39
1572 3 39
1573 3 39
1574 3 39
1575 3 39
1576 3 39
1577 3 38
1578 3 39
1579 3 39
1580 3 39
1581 3 39
1582 3 39
1583 3 39
1584 3 39
1585 3 39
1586 3 39
1587 3 39
1588 3 39
1589 3 39
1590 3 39
1591 3 39
1592 3 39
1593 3 39
1594 4 39
1595 4 39
1596 4 39
1597 4 40
1598 4 40
1599 4 40
1600 4 39
1601 4 40
1602 4 40
1603 4 40
1604 4 40
1605 4 40
1606 4 40
1607 4 40
1608 4 41
1609 4 41
1610 4 41
1611 4 41
1612 4 41
1613 4 41
1614 4 41
1615 4 42
1616 5 42
1617 5 42
1618 5 41
1619 5 41
1620 5 41
1621 5 41
1622 5 41
1623 5 41
1624 5 41
1625 5 41
1626 5 41
1627 5 41
1628 5 41
1629 5 41
1630 5 41
1631 5 41
1632 5 41
1633 5 41
1634 5 42
1635 5 42
1636 5 41
1637 5 42
1638 5 42
1639 5 41
1640 5 41
1641 6 42
1642 6 42
1643 6 42
1644 6 42
1645 6 42
1646 6 42
1647 6 42
1648 6 42
1649 6 42
1650 6 42
1651 6 42
1652 6 42
1653 6 42
1654 6 42
1655 6 42
1656 6 43
1657 6 43
1658 6 43
1659 6 43
1660 6 43
1661 6 43
1662 6 43
1663 6 43
1664 6 43
1665 6 43
1666 6 43
1667 6 43
1668 6 43
1669 6 43
1670 6 43
1671 7 43
1672 7 44
1673 7 43
1674 7 43
1675 7 43
1676 7 43
1677 7 43
1678 7 44
1679 7 44
1680 7 44
1681 7 44
1682 7 44
1683 7 44
1684 7 44
1685 7 44
1686 7 44
1687 7 44
1688 7 44
1689 7 44
1690 7 44
1691 7 44
1692 7 44
1693 8 44
1694 8 44
1695 8 45
1696 8 45
1697 8 45
1698 8 45
1699 8 45
1700 8 45
1701 8 45
1702 8 45
1703 8 45
1704 9 45
1705 9 45
1706 9 45
1707 9 45
1708 9 45
1709 9 45
1710 9 45
1711 10 45
1712 10 45
1713 10 45
1714 10 45
1715 11 45
1716 12 45
1717 12 45
1718 13 45
1719 17 45
1720 18 46
1721 19 46
1722 21 46
1723 21 46
1724 21 46
1725 21 46
1726 21 46
1727 21 46
1728 22 46
1729 22 46
1730 22 46
1731 22 46
1732 23 46
1733 24 47
1734 26 47
1735 26 47
1736 26 47
1737 30 47
1738 30 47
1739 32 47
1740 38 47
1741 38 47
1742 39 47
1743 41 47
1744 51 47
1745 52 47
1746 98 47
1747 99 47
1748 100 47
