0 0 0
1 0 0
2 0 0
3 0 0
4 0 0
5 0 0
6 0 0
7 0 0
8 0 0
9 0 0
10 0 0
11 0 0
12 0 0
13 0 0
14 0 0
15 0 0
16 0 0
17 0 0
18 0 0
19 0 0
20 0 0
21 0 0
22 0 0
23 0 0
24 0 0
25 0 0
26 0 0
27 0 0
28 0 0
29 0 0
30 0 0
31 0 0
32 0 0
33 0 0
34 0 0
35 0 0
36 0 0
37 0 0
38 0 0
39 0 0
40 0 0
41 0 0
42 0 0
43 0 0
44 0 0
45 0 0
46 0 0
47 0 0
48 0 0
49 0 0
50 0 0
51 0 0
52 0 0
53 0 0
54 0 0
55 0 0
56 0 0
57 0 0
58 0 0
59 0 0
60 0 0
61 0 0
62 0 0
63 0 0
64 0 0
65 0 0
66 0 0
67 0 0
68 0 0
69 0 0
70 0 0
71 0 0
72 0 0
73 0 0
74 0 0
75 0 0
76 0 0
77 0 0
78 0 0
79 0 0
80 0 0
81 0 0
82 0 0
83 0 0
84 0 0
85 0 0
86 0 0
87 0 0
88 0 0
89 0 0
90 0 0
91 0 0
92 0 0
93 0 0
94 0 0
95 0 0
96 0 0
97 0 0
98 0 0
99 0 0
100 0 0
101 0 0
102 0 0
103 0 0
104 0 0
105 0 0
106 0 0
107 0 0
108 0 0
109 0 0
110 0 0
111 0 0
112 0 0
113 0 0
114 0 0
115 0 0
116 0 0
117 0 0
118 0 0
119 0 0
120 0 0
121 0 0
122 0 0
123 0 0
124 0 0
125 0 0
126 0 0
127 0 0
128 0 0
129 0 0
130 0 0
131 0 0
132 0 0
133 0 0
134 0 0
135 0 0
136 0 0
137 0 0
138 0 0
139 0 0
140 0 0
141 0 0
142 0 0
143 0 0
144 0 0
145 0 0
146 0 0
147 0 0
148 0 0
149 0 0
150 0 0
151 0 0
152 0 0
153 0 0
154 0 0
155 0 0
156 0 0
157 0 0
158 0 0
159 0 0
160 0 0
161 0 0
162 0 0
163 0 0
164 0 0
165 0 0
166 0 0
167 0 0
168 0 0
169 0 0
170 0 0
171 0 0
172 0 0
173 0 0
174 0 0
175 0 0
176 0 0
177 0 0
178 0 0
179 0 0
180 0 0
181 0 0
182 0 0
183 0 0
184 0 0
185 0 0
186 0 0
187 0 0
188 0 0
189 0 0
190 0 0
191 0 0
192 0 0
193 0 0
194 0 0
195 0 0
196 0 0
197 0 0
198 0 0
199 0 0
200 0 0
201 0 0
202 0 0
203 0 0
204 0 0
205 0 0
206 0 0
207 0 0
208 0 0
209 0 0
210 0 0
211 0 0
212 0 0
213 0 0
214 0 0
215 0 0
216 0 0
217 0 0
218 0 0
219 0 0
220 0 0
221 0 0
222 0 0
223 0 0
224 0 0
225 0 0
226 0 0
227 0 0
228 0 0
229 0 0
230 0 0
231 0 0
232 0 0
233 0 0
234 0 0
235 0 0
236 0 0
237 0 0
238 0 0
239 0 0
240 0 0
241 0 0
242 0 0
243 0 0
244 0 0
245 0 0
246 0 0
247 0 0
248 0 0
249 0 0
250 0 0
251 0 0
252 0 0
253 0 0
254 0 0
255 0 0
256 0 0
257 0 0
258 0 0
259 0 0
260 0 0
261 0 0
262 0 0
263 0 0
264 0 0
265 0 0
266 0 0
267 0 0
268 0 0
269 0 0
270 0 0
271 0 0
272 0 0
273 0 0
274 0 0
275 0 0
276 0 0
277 0 0
278 0 0
279 0 0
280 0 0
281 0 0
282 0 0
283 0 0
284 0 0
285 0 0
286 0 0
287 0 0
288 0 0
289 0 0
290 0 0
291 0 0
292 0 0
293 0 0
294 0 0
295 0 0
296 0 0
297 0 0
298 0 0
299 0 0
300 0 0
301 0 0
302 0 0
303 0 0
304 0 0
305 0 0
306 0 0
307 0 0
308 0 0
309 0 0
310 0 0
311 0 0
312 0 0
313 0 0
314 0 0
315 0 0
316 0 0
317 0 0
318 0 0
319 0 0
320 0 0
321 0 0
322 0 0
323 0 0
324 0 0
325 0 0
326 0 0
327 0 0
328 0 0
329 0 0
330 0 0
331 0 0
332 0 0
333 0 0
334 0 0
335 0 0
336 0 0
337 0 0
338 0 0
339 0 0
340 0 0
341 0 0
342 0 0
343 0 0
344 0 0
345 0 0
346 0 0
347 0 0
348 0 0
349 0 0
350 0 0
351 0 0
352 0 0
353 0 0
354 0 0
355 0 0
356 0 0
357 0 0
358 0 0
359 0 0
360 0 0
361 0 0
362 0 0
363 0 0
364 0 0
365 0 0
366 0 0
367 0 0
368 0 0
369 0 0
370 0 0
371 0 0
372 0 0
373 0 0
374 0 0
375 0 0
376 0 0
377 0 0
378 0 0
379 0 0
380 0 0
381 0 0
382 0 0
383 0 0
384 0 0
385 0 0
386 0 0
387 0 0
388 0 0
389 0 0
390 0 0
391 0 0
392 0 0
393 0 0
394 0 0
395 0 0
396 0 0
397 0 0
398 0 0
399 0 0
400 0 0
401 0 0
402 0 0
403 0 0
404 0 0
405 0 0
406 0 0
407 0 0
408 0 0
409 0 0
410 0 0
411 0 0
412 0 0
413 0 0
414 0 0
415 0 0
416 0 0
417 0 0
418 0 0
419 0 0
420 0 0
421 0 0
422 0 0
423 0 0
424 0 0
425 0 0
426 0 0
427 0 0
428 0 0
429 0 0
430 0 0
431 0 0
432 0 0
433 0 0
434 0 0
435 0 0
436 0 0
437 0 0
438 0 0
439 0 0
440 0 0
441 0 0
442 0 0
443 0 0
444 0 0
445 0 0
446 0 0
447 0 0
448 0 0
449 0 0
450 0 0
451 0 0
452 0 0
453 0 0
454 0 0
455 0 0
456 0 0
457 0 0
458 0 0
459 0 0
460 0 0
461 0 0
462 0 0
463 0 0
464 0 0
465 0 0
466 0 0
467 0 0
468 0 0
469 0 0
470 0 1
471 0 1
472 0 1
473 0 1
474 0 1
475 0 1
476 0 1
477 0 1
478 0 1
479 0 1
480 0 1
481 0 1
482 0 1
483 0 1
484 0 1
485 0 1
486 0 1
487 0 1
488 0 1
489 0 1
490 0 1
491 0 1
492 0 1
493 0 1
494 0 1
495 0 1
496 0 1
497 0 1
498 0 1
499 0 1
500 0 1
501 0 1
502 0 1
503 0 1
504 0 1
505 0 1
506 0 1
507 0 1
508 0 1
509 0 1
510 0 1
511 0 1
512 0 1
513 0 1
514 0 1
515 0 1
516 0 1
517 0 1
518 0 1
519 0 1
520 0 1
521 0 1
522 0 1
523 0 1
524 0 1
525 0 1
526 0 1
527 0 1
528 0 1
529 0 1
530 0 1
531 0 1
532 0 1
533 0 1
534 0 1
535 0 1
536 0 1
537 0 1
538 0 1
539 0 1
540 0 1
541 0 1
542 0 1
543 0 1
544 0 1
545 0 1
546 0 1
547 0 1
548 0 1
549 0 1
550 0 1
551 0 1
552 0 1
553 0 1
554 0 1
555 0 1
556 0 1
557 0 1
558 0 1
559 0 1
560 0 1
561 0 1
562 0 1
563 0 1
564 0 1
565 0 1
566 0 1
567 0 1
568 0 1
569 0 2
570 0 2
571 0 2
572 0 2
573 0 2
574 0 2
575 0 2
576 0 2
577 0 2
578 0 3
579 0 3
580 0 3
581 0 3
582 0 3
583 0 3
584 0 3
585 0 3
586 0 3
587 0 3
588 0 3
589 0 3
590 0 5
591 0 5
592 0 5
593 0 5
594 0 5
595 0 5
596 0 5
597 0 5
598 0 5
599 0 5
600 0 5
601 0 5
602 0 5
603 0 5
604 0 5
605 0 5
606 0 5
607 0 5
608 0 5
609 0 5
610 0 5
611 0 5
612 0 5
613 0 6
614 0 6
615 0 6
616 0 6
617 0 6
618 0 6
619 0 6
620 0 6
621 0 6
622 0 6
623 0 6
624 0 6
625 0 7
626 0 7
627 0 7
628 0 7
629 0 7
630 0 7
631 0 7
632 0 7
633 0 7
634 0 7
635 0 7
636 0 7
637 0 7
638 0 7
639 0 7
640 0 7
641 0 7
642 0 7
643 0 7
644 0 7
645 0 7
646 0 7
647 0 7
648 0 7
649 0 7
650 0 7
651 0 7
652 0 7
653 0 7
654 0 7
655 0 7
656 0 7
657 0 7
658 0 7
659 0 7
660 0 7
661 0 7
662 0 7
663 0 7
664 0 7
665 0 7
666 0 7
667 0 7
668 0 7
669 0 7
670 0 7
671 0 7
672 0 7
673 0 7
674 0 7
675 0 7
676 0 7
677 0 7
678 0 6
679 0 6
680 0 6
681 0 6
682 0 6
683 0 6
684 0 6
685 0 6
686 0 6
687 1 6
688 1 6
689 1 6
690 1 6
691 1 6
692 1 6
693 1 6
694 1 6
695 1 6
696 1 6
697 1 6
698 1 6
699 1 6
700 1 6
701 1 6
702 1 6
703 1 6
704 1 6
705 1 6
706 1 6
707 1 6
708 1 6
709 1 6
710 1 6
711 1 6
712 1 6
713 1 6
714 1 6
715 1 6
716 1 6
717 1 6
718 1 6
719 1 6
720 1 6
721 1 6
722 1 6
723 1 6
724 1 6
725 1 6
726 1 6
727 1 6
728 1 6
729 1 6
730 1 6
731 1 6
732 1 6
733 1 6
734 1 6
735 1 6
736 1 6
737 1 6
738 1 6
739 1 6
740 1 6
741 1 6
742 1 6
743 1 6
744 1 6
745 1 6
746 1 6
747 1 6
748 1 6
749 1 6
750 1 6
751 1 6
752 1 6
753 1 6
754 1 6
755 1 6
756 1 6
757 1 6
758 1 6
759 1 6
760 1 6
761 1 6
762 1 6
763 1 6
764 1 6
765 1 6
766 1 6
767 1 6
768 1 6
769 1 6
770 1 6
771 1 6
772 1 6
773 1 6
774 1 6
775 1 6
776 1 6
777 1 6
778 1 5
779 1 5
780 1 5
781 1 5
782 1 5
783 1 5
784 1 5
785 1 5
786 1 5
787 1 5
788 1 6
789 1 6
790 1 6
791 1 6
792 1 6
793 1 6
794 1 6
795 1 6
796 1 6
797 1 6
798 1 6
799 1 6
800 1 7
801 1 7
802 1 7
803 1 7
804 1 7
805 1 7
806 1 7
807 1 7
808 1 7
809 1 7
810 1 7
811 1 7
812 1 7
813 1 7
814 1 7
815 1 7
816 1 7
817 1 7
818 1 7
819 1 7
820 1 7
821 1 7
822 1 7
823 1 7
824 1 7
825 1 7
826 1 7
827 1 7
828 1 7
829 1 7
830 1 7
831 1 7
832 1 7
833 1 7
834 1 7
835 1 7
836 1 7
837 1 7
838 1 7
839 1 7
840 1 7
841 1 7
842 1 7
843 1 7
844 1 7
845 1 7
846 1 7
847 1 7
848 1 7
849 1 8
850 1 8
851 1 8
852 1 9
853 1 9
854 1 9
855 1 9
856 1 10
857 1 10
858 1 10
859 1 10
860 1 10
861 1 10
862 1 10
863 1 10
864 1 10
865 1 10
866 1 10
867 1 10
868 1 10
869 1 10
870 1 10
871 1 10
872 1 10
873 1 10
874 1 10
875 1 10
876 1 10
877 1 10
878 1 10
879 1 10
880 1 10
881 1 10
882 1 10
883 1 10
884 1 10
885 1 10
886 1 10
887 1 10
888 1 10
889 1 10
890 1 10
891 1 11
892 1 11
893 1 11
894 1 11
895 1 11
896 1 11
897 1 11
898 1 11
899 1 11
900 1 11
901 1 11
902 1 11
903 1 11
904 1 11
905 1 11
906 1 11
907 1 11
908 1 11
909 1 11
910 1 11
911 1 11
912 1 11
913 1 11
914 1 11
915 1 11
916 1 11
917 1 11
918 1 11
919 1 11
920 1 11
921 1 11
922 1 11
923 1 11
924 1 11
925 1 11
926 1 11
927 1 11
928 1 11
929 1 11
930 1 11
931 1 11
932 1 11
933 1 11
934 1 11
935 1 11
936 1 11
937 1 11
938 1 11
939 1 11
940 1 11
941 1 11
942 1 11
943 1 11
944 1 11
945 1 11
946 1 11
947 1 11
948 1 11
949 1 11
950 1 11
951 1 11
952 1 11
953 1 11
954 1 11
955 1 11
956 1 11
957 1 11
958 1 11
959 1 10
960 1 10
961 1 10
962 1 10
963 1 10
964 1 10
965 1 11
966 1 11
967 1 11
968 1 11
969 1 11
970 1 12
971 1 12
972 1 12
973 1 12
974 1 12
975 1 12
976 1 12
977 1 12
978 1 12
979 1 12
980 1 12
981 1 12
982 1 12
983 1 12
984 1 12
985 1 12
986 1 12
987 1 11
988 1 11
989 1 11
990 1 11
991 1 11
992 1 11
993 1 11
994 1 11
995 1 11
996 1 11
997 1 11
998 1 11
999 1 11
1000 1 11
1001 1 11
1002 1 12
1003 1 12
1004 1 12
1005 1 12
1006 1 12
1007 1 12
1008 1 12
1009 1 12
1010 1 12
1011 1 12
1012 1 12
1013 1 12
1014 1 12
1015 1 12
1016 1 12
1017 1 12
1018 1 12
1019 1 12
1020 1 12
1021 1 12
1022 1 12
1023 1 12
1024 1 12
1025 1 12
1026 1 12
1027 1 12
1028 1 12
1029 1 12
1030 1 12
1031 1 12
1032 1 12
1033 1 13
1034 1 13
1035 1 13
1036 1 13
1037 1 13
1038 1 14
1039 1 14
1040 1 14
1041 1 14
1042 1 14
1043 1 14
1044 1 13
1045 1 13
1046 1 13
1047 1 13
1048 1 13
1049 1 13
1050 1 14
1051 1 14
1052 1 14
1053 1 14
1054 1 14
1055 1 14
1056 1 14
1057 1 14
1058 1 14
1059 1 14
1060 1 14
1061 1 14
1062 1 14
1063 1 14
1064 1 14
1065 1 14
1066 1 14
1067 1 14
1068 1 14
1069 1 14
1070 1 14
1071 1 14
1072 1 14
1073 1 14
1074 1 14
1075 1 14
1076 1 14
1077 1 14
1078 1 14
1079 1 14
1080 1 14
1081 1 14
1082 1 14
1083 1 14
1084 1 14
1085 1 14
1086 1 14
1087 1 14
1088 1 14
1089 1 14
1090 1 14
1091 1 14
1092 1 14
1093 1 14
1094 1 14
1095 1 14
1096 1 14
1097 1 14
1098 1 14
1099 1 14
1100 1 14
1101 1 14
1102 1 14
1103 1 14
1104 1 15
1105 1 15
1106 1 15
1107 1 15
1108 1 15
1109 1 15
1110 1 15
1111 1 15
1112 1 15
1113 1 15
1114 1 15
1115 1 15
1116 1 15
1117 1 15
1118 1 16
1119 1 16
1120 1 16
1121 1 16
1122 1 16
1123 1 16
1124 1 16
1125 1 16
1126 1 16
1127 1 16
1128 1 16
1129 1 16
1130 1 16
1131 1 16
1132 1 16
1133 1 16
1134 1 16
1135 1 16
1136 1 16
1137 1 16
1138 1 16
1139 2 16
1140 2 16
1141 2 16
1142 2 16
1143 2 16
1144 2 16
1145 2 16
1146 2 16
1147 2 16
1148 2 16
1149 2 16
1150 2 16
1151 2 16
1152 2 16
1153 2 16
1154 2 16
1155 2 16
1156 2 16
1157 2 16
1158 2 16
1159 2 16
1160 2 16
1161 2 16
1162 2 16
1163 2 16
1164 2 16
1165 2 16
1166 2 16
1167 2 16
1168 2 16
1169 2 16
1170 2 16
1171 2 16
1172 2 16
1173 2 16
1174 2 16
1175 2 16
1176 2 16
1177 2 16
1178 2 16
1179 2 16
1180 2 16
1181 2 16
1182 2 16
1183 2 16
1184 2 16
1185 2 16
1186 2 16
1187 2 16
1188 2 16
1189 2 16
1190 2 16
1191 2 16
1192 2 16
1193 2 16
1194 2 16
1195 2 16
1196 2 16
1197 2 16
1198 2 16
1199 2 16
1200 2 16
1201 2 16
1202 2 17
1203 2 17
1204 2 17
1205 2 17
1206 2 17
1207 2 17
1208 2 17
1209 2 17
1210 2 17
1211 2 17
1212 2 17
1213 2 17
1214 2 17
1215 2 17
1216 2 17
1217 2 17
1218 2 17
1219 2 17
1220 2 17
1221 2 17
1222 2 17
1223 2 17
1224 2 18
1225 2 18
1226 2 18
1227 2 18
1228 2 18
1229 2 17
1230 2 17
1231 2 17
1232 2 17
1233 2 17
1234 2 17
1235 2 17
1236 2 17
1237 2 17
1238 2 17
1239 2 17
1240 2 17
1241 2 17
1242 2 17
1243 2 17
1244 2 17
1245 2 17
1246 2 17
1247 2 17
1248 2 17
1249 2 17
1250 2 17
1251 2 17
1252 2 17
1253 2 17
1254 2 17
1255 2 17
1256 2 17
1257 2 17
1258 2 17
1259 2 17
1260 2 17
1261 2 17
1262 2 17
1263 2 17
1264 2 17
1265 2 17
1266 2 17
1267 2 17
1268 2 17
1269 2 17
1270 2 17
1271 2 17
1272 2 17
1273 2 17
1274 2 17
1275 2 17
1276 2 17
1277 2 17
1278 2 17
1279 2 17
1280 2 17
1281 2 17
1282 2 17
1283 2 17
1284 2 17
1285 2 17
1286 2 17
1287 2 17
1288 2 17
1289 2 17
1290 2 17
1291 2 17
1292 2 17
1293 2 17
1294 2 17
1295 2 17
1296 2 17
1297 2 17
1298 2 17
1299 2 17
1300 2 17
1301 2 17
1302 2 17
1303 2 17
1304 2 17
1305 2 18
1306 2 18
1307 2 18
1308 2 18
1309 2 18
1310 2 18
1311 2 18
1312 2 18
1313 2 18
1314 2 18
1315 2 18
1316 2 18
1317 2 18
1318 2 18
1319 2 18
1320 2 18
1321 2 18
1322 2 18
1323 2 19
1324 2 19
1325 2 19
1326 2 19
1327 2 19
1328 2 19
1329 2 19
1330 2 19
1331 2 19
1332 2 19
1333 2 19
1334 2 19
1335 2 19
1336 2 19
1337 2 19
1338 2 18
1339 2 18
1340 2 18
1341 2 18
1342 2 18
1343 2 18
1344 2 18
1345 2 18
1346 2 18
1347 2 18
1348 2 18
1349 2 18
1350 2 18
1351 2 18
1352 2 18
1353 2 18
1354 2 18
1355 2 18
1356 2 18
1357 2 18
1358 2 18
1359 2 18
1360 2 18
1361 2 18
1362 2 18
1363 2 18
1364 2 18
1365 2 18
1366 2 18
1367 2 18
1368 2 18
1369 2 18
1370 2 18
1371 2 18
1372 2 18
1373 2 18
1374 2 18
1375 2 18
1376 2 18
1377 2 18
1378 2 18
1379 2 18
1380 2 18
1381 2 18
1382 2 18
1383 2 18
1384 2 18
1385 2 18
1386 2 18
1387 2 18
1388 2 18
1389 2 19
1390 2 18
1391 2 18
1392 2 18
1393 2 18
1394 2 18
1395 2 19
1396 2 19
1397 2 19
1398 2 19
1399 2 19
1400 2 19
1401 2 19
1402 2 19
1403 2 19
1404 2 19
1405 2 19
1406 2 19
1407 2 19
1408 2 19
1409 2 19
1410 2 19
1411 2 19
1412 2 19
1413 2 19
1414 2 19
1415 2 19
1416 2 20
1417 2 20
1418 2 20
1419 2 20
1420 2 20
1421 2 20
1422 2 20
1423 2 20
1424 2 20
1425 2 20
1426 2 20
1427 2 20
1428 2 20
1429 2 20
1430 2 20
1431 2 20
1432 2 20
1433 2 20
1434 2 20
1435 2 20
1436 2 20
1437 2 20
1438 2 20
1439 2 20
1440 2 20
1441 2 20
1442 2 20
1443 2 20
1444 2 20
1445 2 20
1446 2 20
1447 2 20
1448 2 20
1449 2 20
1450 2 20
1451 2 20
1452 2 20
1453 2 20
1454 2 20
1455 2 20
1456 2 20
1457 2 20
1458 2 20
1459 2 20
1460 2 20
1461 2 20
1462 2 20
1463 2 20
1464 2 20
1465 3 20
1466 3 20
1467 3 20
1468 3 20
1469 3 20
1470 3 20
1471 3 20
1472 3 20
1473 3 20
1474 3 20
1475 3 20
1476 3 20
1477 3 20
1478 3 20
1479 3 20
1480 3 20
1481 3 20
1482 3 20
1483 3 20
1484 3 20
1485 3 20
1486 3 20
1487 3 20
1488 3 20
1489 3 20
1490 3 20
1491 3 20
1492 3 20
1493 3 20
1494 3 20
1495 3 21
1496 3 21
1497 3 21
1498 3 21
1499 3 21
1500 3 21
1501 3 21
1502 3 21
1503 3 21
1504 3 21
1505 3 21
1506 3 21
1507 3 20
1508 3 20
1509 3 20
1510 3 20
1511 3 20
1512 3 20
1513 3 20
1514 3 20
1515 3 20
1516 3 20
1517 3 20
1518 3 20
1519 3 20
1520 3 20
1521 3 20
1522 3 20
1523 3 20
1524 3 20
1525 3 20
1526 3 20
1527 3 20
1528 3 20
1529 3 20
1530 3 20
1531 3 20
1532 3 20
1533 3 20
1534 3 20
1535 3 20
1536 3 20
1537 3 20
1538 3 20
1539 3 20
1540 3 20
1541 3 20
1542 3 20
1543 3 20
1544 3 20
1545 3 20
1546 3 20
1547 3 20
1548 3 20
1549 3 20
1550 3 20
1551 3 20
1552 3 20
1553 3 20
1554 3 20
1555 3 20
1556 3 20
1557 3 20
1558 3 20
1559 3 20
1560 3 20
1561 3 20
1562 3 20
1563 3 20
1564 3 21
1565 3 21
1566 3 21
1567 3 21
1568 3 21
1569 3 21
1570 3 21
1571 3 21
1572 3 21
1573 3 21
1574 3 21
1575 3 21
1576 3 21
1577 3 21
1578 3 21
1579 3 21
1580 3 21
1581 3 21
1582 3 21
1583 3 21
1584 3 21
1585 3 21
1586 3 21
1587 3 21
1588 3 21
1589 3 21
1590 3 21
1591 3 21
1592 3 21
1593 3 22
1594 3 22
1595 3 22
1596 3 22
1597 3 22
1598 3 22
1599 3 22
1600 3 22
1601 3 22
1602 3 22
1603 3 22
1604 3 22
1605 3 22
1606 3 22
1607 3 22
1608 3 22
1609 3 22
1610 3 22
1611 3 22
1612 3 22
1613 3 22
1614 3 22
1615 3 22
1616 3 22
1617 3 22
1618 3 22
1619 3 22
1620 3 22
1621 3 22
1622 3 22
1623 3 22
1624 3 22
1625 3 22
1626 3 22
1627 3 22
1628 3 23
1629 3 23
1630 3 23
1631 3 23
1632 3 23
1633 3 23
1634 3 23
1635 3 23
1636 3 23
1637 3 23
1638 3 23
1639 3 23
1640 3 23
1641 3 23
1642 3 22
1643 3 22
1644 3 22
1645 3 22
1646 3 22
1647 3 22
1648 3 22
1649 3 23
1650 3 23
1651 3 23
1652 3 23
1653 3 23
1654 3 23
1655 3 23
1656 3 23
1657 3 23
1658 3 23
1659 3 24
1660 3 24
1661 3 24
1662 3 24
1663 3 24
1664 3 24
1665 3 24
1666 3 24
1667 3 24
1668 3 23
1669 3 23
1670 3 23
1671 3 23
1672 3 23
1673 3 23
1674 4 24
1675 4 24
1676 4 24
1677 4 24
1678 4 24
1679 4 24
1680 4 24
1681 4 24
1682 4 24
1683 4 24
1684 4 24
1685 4 24
1686 4 24
1687 4 24
1688 4 24
1689 4 24
1690 4 24
1691 4 24
1692 4 24
1693 4 24
1694 4 24
1695 4 24
1696 4 24
1697 4 24
1698 4 24
1699 4 24
1700 4 24
1701 4 23
1702 4 23
1703 4 23
1704 4 23
1705 4 23
1706 4 23
1707 4 24
1708 4 24
1709 4 24
1710 4 24
1711 4 24
1712 4 24
1713 4 24
1714 4 24
1715 4 24
1716 4 24
1717 4 24
1718 4 24
1719 4 23
1720 4 23
1721 4 23
1722 4 23
1723 4 23
1724 4 23
1725 4 23
1726 4 23
1727 4 23
1728 4 23
1729 4 23
1730 4 23
1731 4 23
1732 4 23
1733 4 23
1734 4 23
1735 4 23
1736 4 23
1737 4 23
1738 4 23
1739 4 23
1740 4 23
1741 4 23
1742 4 23
1743 4 23
1744 4 23
1745 4 23
1746 4 23
1747 4 23
1748 4 23
1749 4 23
1750 4 24
1751 4 24
1752 4 24
1753 4 24
1754 4 24
1755 4 24
1756 4 24
1757 4 25
1758 4 25
1759 4 25
1760 4 25
1761 4 25
1762 4 25
1763 4 25
1764 4 25
1765 4 25
1766 4 25
1767 4 25
1768 4 25
1769 4 25
1770 4 25
1771 4 25
1772 4 25
1773 4 25
1774 4 25
1775 4 25
1776 4 25
1777 4 25
1778 4 25
1779 4 25
1780 4 25
1781 4 25
1782 4 25
1783 4 25
1784 4 25
1785 4 25
1786 4 25
1787 4 25
1788 4 25
1789 4 25
1790 4 25
1791 4 25
1792 4 25
1793 4 25
1794 4 25
1795 4 25
1796 4 25
1797 4 25
1798 4 25
1799 4 25
1800 4 25
1801 4 25
1802 4 25
1803 4 25
1804 4 25
1805 4 25
1806 4 25
1807 4 25
1808 4 25
1809 4 25
1810 4 25
1811 4 24
1812 4 24
1813 4 24
1814 4 24
1815 4 24
1816 4 24
1817 4 24
1818 4 24
1819 4 24
1820 4 24
1821 4 24
1822 4 24
1823 4 24
1824 4 24
1825 4 24
1826 4 24
1827 4 24
1828 4 24
1829 4 24
1830 4 24
1831 4 24
1832 4 24
1833 4 24
1834 4 24
1835 4 24
1836 4 24
1837 4 24
1838 4 24
1839 4 24
1840 4 24
1841 4 24
1842 4 24
1843 4 24
1844 4 24
1845 4 24
1846 4 24
1847 4 25
1848 4 25
1849 4 25
1850 5 25
1851 5 25
1852 5 25
1853 5 25
1854 5 25
1855 5 25
1856 5 25
1857 5 25
1858 5 25
1859 5 25
1860 5 25
1861 5 25
1862 5 25
1863 5 25
1864 5 25
1865 5 25
1866 5 25
1867 5 25
1868 5 25
1869 5 25
1870 5 25
1871 5 25
1872 5 25
1873 5 25
1874 5 25
1875 5 25
1876 5 25
1877 5 25
1878 5 25
1879 5 25
1880 5 25
1881 5 25
1882 5 25
1883 5 25
1884 5 25
1885 5 25
1886 5 25
1887 5 25
1888 5 25
1889 5 25
1890 5 25
1891 5 25
1892 5 25
1893 5 25
1894 5 25
1895 5 25
1896 5 25
1897 5 25
1898 5 25
1899 5 25
1900 5 25
1901 5 25
1902 5 25
1903 5 25
1904 5 25
1905 5 25
1906 5 25
1907 5 25
1908 5 25
1909 5 25
1910 5 25
1911 5 25
1912 5 25
1913 5 25
1914 5 25
1915 5 25
1916 5 25
1917 5 25
1918 5 25
1919 5 25
1920 5 25
1921 5 25
1922 5 25
1923 5 25
1924 5 25
1925 5 25
1926 5 25
1927 5 25
1928 5 25
1929 5 25
1930 5 25
1931 5 25
1932 5 25
1933 5 25
1934 5 25
1935 5 25
1936 5 25
1937 5 25
1938 5 25
1939 5 25
1940 5 25
1941 5 25
1942 5 25
1943 5 25
1944 5 25
1945 5 25
1946 5 25
1947 5 26
1948 5 26
1949 5 26
1950 5 26
1951 5 26
1952 5 26
1953 5 26
1954 5 26
1955 5 26
1956 5 26
1957 5 26
1958 5 26
1959 5 26
1960 5 26
1961 5 26
1962 5 26
1963 5 26
1964 5 25
1965 5 25
1966 5 25
1967 5 25
1968 5 25
1969 5 25
1970 5 25
1971 5 25
1972 5 25
1973 5 25
1974 5 25
1975 5 25
1976 5 25
1977 5 25
1978 5 25
1979 5 25
1980 5 25
1981 5 25
1982 5 25
1983 5 25
1984 5 25
1985 5 25
1986 5 25
1987 5 25
1988 5 25
1989 5 25
1990 5 25
1991 5 25
1992 5 26
1993 5 26
1994 5 26
1995 5 26
1996 5 26
1997 5 26
1998 6 26
1999 6 26
2000 6 26
2001 6 26
2002 6 26
2003 6 26
2004 6 26
2005 6 26
2006 6 26
2007 6 26
2008 6 26
2009 6 26
2010 6 26
2011 6 26
2012 6 26
2013 6 26
2014 6 26
2015 6 26
2016 6 26
2017 6 26
2018 6 26
2019 6 26
2020 6 26
2021 6 26
2022 6 26
2023 6 26
2024 6 26
2025 6 26
2026 6 26
2027 6 26
2028 6 26
2029 6 26
2030 6 26
2031 6 26
2032 6 26
2033 6 26
2034 6 26
2035 6 26
2036 6 26
2037 6 26
2038 6 26
2039 6 26
2040 6 26
2041 6 26
2042 6 26
2043 6 26
2044 6 26
2045 6 26
2046 6 26
2047 6 26
2048 6 26
2049 6 26
2050 6 26
2051 6 26
2052 6 26
2053 6 26
2054 6 26
2055 6 26
2056 6 26
2057 6 26
2058 6 26
2059 6 26
2060 6 26
2061 6 26
2062 6 26
2063 6 26
2064 6 26
2065 6 26
2066 6 26
2067 6 26
2068 6 26
2069 6 26
2070 6 26
2071 6 26
2072 6 26
2073 6 26
2074 6 26
2075 6 26
2076 6 26
2077 6 26
2078 6 26
2079 6 26
2080 6 26
2081 6 26
2082 6 26
2083 6 26
2084 6 26
2085 6 26
2086 6 26
2087 6 26
2088 6 26
2089 6 26
2090 6 26
2091 6 26
2092 6 26
2093 6 26
2094 6 26
2095 6 26
2096 6 26
2097 6 26
2098 6 26
2099 6 26
2100 6 26
2101 6 26
2102 6 26
2103 6 26
2104 6 26
2105 6 26
2106 6 26
2107 6 26
2108 6 26
2109 6 26
2110 6 26
2111 6 26
2112 6 26
2113 6 26
2114 6 26
2115 6 26
2116 6 26
2117 6 26
2118 7 26
2119 7 26
2120 7 26
2121 7 26
2122 7 26
2123 7 26
2124 7 26
2125 7 26
2126 7 26
2127 7 26
2128 7 26
2129 7 26
2130 7 26
2131 7 26
2132 7 26
2133 7 26
2134 7 26
2135 7 26
2136 7 26
2137 7 26
2138 7 26
2139 7 26
2140 7 26
2141 7 26
2142 7 26
2143 7 26
2144 7 26
2145 7 26
2146 7 26
2147 7 26
2148 7 26
2149 7 26
2150 7 26
2151 7 26
2152 7 26
2153 7 26
2154 7 26
2155 7 26
2156 7 26
2157 7 26
2158 7 26
2159 7 26
2160 7 26
2161 7 26
2162 7 26
2163 7 26
2164 7 26
2165 7 26
2166 7 26
2167 7 26
2168 7 26
2169 7 26
2170 7 26
2171 7 26
2172 7 26
2173 7 26
2174 7 26
2175 7 26
2176 7 26
2177 7 26
2178 7 26
2179 7 26
2180 7 26
2181 7 26
2182 7 26
2183 7 26
2184 7 26
2185 7 26
2186 7 26
2187 7 26
2188 7 26
2189 7 26
2190 7 26
2191 7 26
2192 7 26
2193 7 26
2194 7 26
2195 7 26
2196 7 26
2197 7 26
2198 7 26
2199 7 26
2200 7 26
2201 7 26
2202 7 26
2203 7 26
2204 7 26
2205 7 26
2206 7 26
2207 7 26
2208 8 26
2209 8 26
2210 8 26
2211 8 26
2212 8 26
2213 8 26
2214 8 26
2215 8 26
2216 8 25
2217 8 25
2218 8 25
2219 8 26
2220 8 26
2221 8 26
2222 8 26
2223 8 26
2224 8 26
2225 8 26
2226 8 26
2227 8 26
2228 8 26
2229 8 26
2230 8 26
2231 8 26
2232 8 26
2233 8 26
2234 8 26
2235 8 26
2236 8 26
2237 8 26
2238 8 26
2239 8 26
2240 8 25
2241 8 25
2242 8 25
2243 8 25
2244 8 25
2245 8 26
2246 8 26
2247 8 26
2248 8 26
2249 8 26
2250 8 26
2251 8 26
2252 8 26
2253 8 26
2254 8 26
2255 8 26
2256 8 26
2257 8 26
2258 8 26
2259 8 26
2260 8 26
2261 8 26
2262 8 26
2263 8 26
2264 8 27
2265 8 27
2266 8 27
2267 8 27
2268 8 27
2269 8 27
2270 8 27
2271 8 27
2272 8 27
2273 8 27
2274 8 27
2275 9 27
2276 9 27
2277 9 27
2278 9 27
2279 9 27
2280 9 27
2281 9 27
2282 9 27
2283 9 27
2284 9 27
2285 9 27
2286 9 27
2287 9 27
2288 9 27
2289 9 27
2290 9 27
2291 9 27
2292 9 27
2293 9 27
2294 9 26
2295 9 26
2296 9 26
2297 9 26
2298 9 26
2299 9 26
2300 9 26
2301 9 26
2302 9 27
2303 9 27
2304 9 27
2305 9 27
2306 9 27
2307 9 27
2308 9 26
2309 9 26
2310 9 26
2311 9 26
2312 9 26
2313 9 26
2314 9 26
2315 9 26
2316 9 26
2317 9 26
2318 9 26
2319 9 26
2320 9 26
2321 9 26
2322 9 26
2323 9 26
2324 9 26
2325 9 26
2326 9 26
2327 9 26
2328 9 26
2329 9 26
2330 9 26
2331 9 26
2332 9 26
2333 9 26
2334 9 26
2335 9 27
2336 9 26
2337 9 26
2338 9 26
2339 9 26
2340 10 26
2341 10 26
2342 10 26
2343 10 26
2344 10 26
2345 10 26
2346 10 26
2347 10 26
2348 10 26
2349 10 26
2350 10 26
2351 10 26
2352 10 26
2353 10 26
2354 10 26
2355 10 26
2356 10 26
2357 10 26
2358 10 26
2359 10 26
2360 10 26
2361 10 26
2362 10 26
2363 10 26
2364 10 26
2365 10 26
2366 10 26
2367 10 26
2368 10 26
2369 10 26
2370 10 26
2371 10 26
2372 10 26
2373 10 26
2374 10 26
2375 10 26
2376 10 26
2377 10 26
2378 10 26
2379 10 26
2380 10 26
2381 10 26
2382 10 26
2383 10 26
2384 10 26
2385 10 26
2386 10 26
2387 10 26
2388 10 26
2389 10 26
2390 10 26
2391 10 26
2392 10 26
2393 10 26
2394 10 26
2395 10 26
2396 10 26
2397 10 26
2398 10 26
2399 10 26
2400 10 26
2401 10 26
2402 10 26
2403 10 26
2404 10 26
2405 10 26
2406 10 26
2407 10 26
2408 10 26
2409 10 26
2410 11 26
2411 11 26
2412 11 26
2413 11 26
2414 11 26
2415 11 26
2416 11 26
2417 11 26
2418 11 26
2419 11 26
2420 11 26
2421 11 26
2422 11 26
2423 11 26
2424 11 26
2425 11 26
2426 11 26
2427 11 26
2428 11 26
2429 11 26
2430 11 26
2431 11 26
2432 11 26
2433 11 26
2434 11 26
2435 11 26
2436 11 26
2437 11 26
2438 11 26
2439 11 26
2440 11 26
2441 11 26
2442 11 26
2443 11 26
2444 11 26
2445 11 26
2446 11 26
2447 11 26
2448 11 26
2449 11 26
2450 11 26
2451 11 26
2452 11 26
2453 11 26
2454 11 26
2455 11 26
2456 11 26
2457 11 26
2458 11 26
2459 11 26
2460 11 26
2461 11 26
2462 11 26
2463 11 26
2464 11 26
2465 11 26
2466 11 26
2467 12 26
2468 12 26
2469 12 26
2470 12 26
2471 12 26
2472 12 26
2473 12 27
2474 12 27
2475 12 27
2476 12 27
2477 12 27
2478 12 27
2479 12 27
2480 12 27
2481 12 27
2482 12 27
2483 12 27
2484 12 27
2485 12 27
2486 12 27
2487 12 27
2488 12 27
2489 12 27
2490 12 27
2491 12 27
2492 12 27
2493 12 27
2494 12 27
2495 12 27
2496 12 27
2497 12 27
2498 12 27
2499 13 27
2500 13 27
2501 13 27
2502 13 27
2503 13 27
2504 13 27
2505 13 27
2506 13 27
2507 13 27
2508 13 27
2509 13 27
2510 13 27
2511 13 27
2512 13 27
2513 13 27
2514 13 27
2515 13 27
2516 13 27
2517 13 27
2518 13 27
2519 13 27
2520 13 27
2521 13 27
2522 13 27
2523 13 27
2524 13 27
2525 13 27
2526 13 27
2527 13 27
2528 13 27
2529 13 27
2530 13 27
2531 13 27
2532 14 27
2533 14 27
2534 14 27
2535 14 27
2536 14 27
2537 14 27
2538 14 27
2539 14 27
2540 14 27
2541 14 27
2542 14 27
2543 14 27
2544 14 27
2545 14 27
2546 14 27
2547 14 27
2548 14 27
2549 14 27
2550 14 27
2551 14 27
2552 14 27
2553 14 27
2554 14 27
2555 14 27
2556 14 27
2557 14 27
2558 14 28
2559 14 28
2560 14 28
2561 14 28
2562 14 28
2563 14 28
2564 14 28
2565 14 28
2566 14 28
2567 14 28
2568 14 28
2569 14 28
2570 14 28
2571 15 28
2572 15 28
2573 15 28
2574 15 28
2575 15 28
2576 15 28
2577 15 28
2578 15 28
2579 15 28
2580 15 28
2581 15 28
2582 15 28
2583 15 28
2584 15 28
2585 15 28
2586 15 28
2587 15 28
2588 15 28
2589 15 28
2590 15 28
2591 15 28
2592 15 28
2593 15 28
2594 15 28
2595 15 28
2596 16 28
2597 16 28
2598 16 28
2599 16 28
2600 16 28
2601 16 28
2602 16 28
2603 16 28
2604 16 28
2605 16 28
2606 16 29
2607 16 29
2608 16 29
2609 16 29
2610 16 29
2611 16 29
2612 16 29
2613 16 29
2614 16 29
2615 16 29
2616 16 29
2617 16 29
2618 16 29
2619 16 29
2620 16 29
2621 17 29
2622 17 29
2623 17 29
2624 17 29
2625 17 29
2626 17 29
2627 17 29
2628 17 29
2629 17 29
2630 17 29
2631 17 29
2632 17 29
2633 18 29
2634 18 29
2635 18 29
2636 18 29
2637 18 29
2638 18 29
2639 18 29
2640 18 29
2641 18 29
2642 18 29
2643 18 29
2644 18 29
2645 18 29
2646 18 29
2647 18 29
2648 19 29
2649 19 29
2650 19 29
2651 19 28
2652 19 29
2653 19 29
2654 19 29
2655 19 29
2656 19 29
2657 19 29
2658 19 29
2659 19 29
2660 19 29
2661 19 29
2662 19 29
2663 19 29
2664 19 29
2665 20 29
2666 20 29
2667 20 29
2668 20 29
2669 20 28
2670 20 28
2671 20 28
2672 20 28
2673 21 28
2674 21 28
2675 21 28
2676 21 28
2677 21 28
2678 21 28
2679 21 28
2680 22 28
2681 22 28
2682 22 28
2683 22 28
2684 22 28
2685 23 28
2686 23 28
2687 23 28
2688 23 28
2689 23 28
2690 23 28
2691 23 28
2692 23 28
2693 24 28
2694 24 28
2695 24 28
2696 24 28
2697 24 28
2698 24 28
2699 24 28
2700 24 28
2701 24 28
2702 24 28
2703 24 28
2704 24 28
2705 24 28
2706 25 28
2707 25 28
2708 25 28
2709 25 28
2710 25 28
2711 26 28
2712 26 28
2713 27 28
2714 27 28
2715 27 28
2716 27 28
2717 28 28
2718 28 28
2719 28 28
2720 28 28
2721 28 28
2722 29 28
2723 29 28
2724 29 28
2725 29 28
2726 29 28
2727 29 28
2728 29 28
2729 29 28
2730 30 28
2731 30 28
2732 31 28
2733 31 28
2734 32 28
2735 32 28
2736 33 28
2737 33 28
2738 33 28
2739 33 28
2740 34 28
2741 34 28
2742 34 28
2743 34 28
2744 34 28
2745 35 28
2746 35 28
2747 35 29
2748 35 29
2749 35 29
2750 35 28
2751 35 28
2752 35 28
2753 36 28
2754 36 28
2755 36 28
2756 37 28
2757 37 28
2758 38 28
2759 38 28
2760 38 28
2761 38 28
2762 39 28
2763 39 28
2764 40 28
2765 41 28
2766 42 28
2767 44 28
2768 44 28
2769 45 28
2770 47 28
2771 48 28
2772 48 28
2773 48 28
2774 50 28
2775 55 28
2776 56 28
2777 57 29
2778 61 29
2779 63 29
2780 65 29
2781 72 29
2782 84 29
2783 100 29
