0 0 0
1 0 0
2 0 0
3 0 0
4 0 0
5 0 0
6 0 0
7 0 0
8 0 0
9 0 0
10 0 0
11 0 0
12 0 0
13 0 0
14 0 0
15 0 0
16 0 0
17 0 0
18 0 0
19 0 0
20 0 0
21 0 0
22 0 0
23 0 0
24 0 0
25 0 0
26 0 0
27 0 0
28 0 0
29 0 0
30 0 0
31 0 0
32 0 0
33 0 0
34 0 0
35 0 0
36 0 0
37 0 0
38 0 0
39 0 0
40 0 0
41 0 0
42 0 0
43 0 0
44 0 0
45 0 0
46 0 0
47 0 0
48 0 0
49 0 0
50 0 0
51 0 0
52 0 50
53 0 50
54 0 50
55 0 50
56 0 50
57 0 50
58 0 50
59 0 50
60 0 50
61 0 50
62 0 50
63 0 50
64 0 50
65 0 50
66 0 50
67 0 50
68 0 50
69 0 50
70 0 50
71 0 50
72 0 50
73 0 33
74 0 33
75 0 33
76 0 33
77 0 33
78 0 33
79 0 33
80 0 33
81 0 33
82 0 33
83 0 33
84 0 33
85 0 33
86 0 33
87 0 33
88 0 33
89 0 33
90 0 33
91 0 33
92 0 33
93 0 33
94 0 33
95 0 33
96 0 33
97 0 33
98 0 33
99 0 33
100 0 33
101 0 33
102 0 33
103 0 33
104 0 33
105 0 33
106 0 33
107 0 33
108 0 33
109 0 33
110 0 33
111 0 33
112 0 33
113 0 33
114 0 33
115 0 33
116 0 33
117 0 25
118 0 20
119 0 20
120 0 20
121 0 20
122 0 20
123 0 20
124 0 16
125 0 14
126 0 14
127 0 14
128 0 14
129 0 14
130 0 12
131 0 12
132 0 12
133 0 12
134 0 12
135 0 12
136 0 12
137 0 12
138 0 12
139 0 12
140 0 12
141 0 12
142 0 11
143 0 11
144 0 11
145 0 11
146 0 10
147 0 10
148 0 10
149 0 10
150 0 9
151 0 9
152 0 9
153 0 9
154 0 9
155 0 9
156 0 9
157 0 9
158 0 9
159 0 9
160 0 9
161 0 9
162 0 9
163 0 9
164 0 9
165 0 9
166 0 9
167 0 9
168 0 9
169 0 9
170 0 9
171 0 9
172 0 8
173 0 8
174 0 8
175 0 8
176 0 8
177 0 8
178 0 8
179 0 8
180 0 8
181 0 8
182 0 8
183 0 8
184 0 8
185 0 8
186 0 8
187 0 8
188 0 8
189 0 8
190 0 8
191 0 8
192 0 8
193 0 8
194 0 8
195 0 8
196 0 8
197 0 8
198 0 7
199 0 7
200 0 7
201 0 7
202 0 7
203 0 7
204 0 7
205 0 7
206 0 7
207 0 7
208 0 7
209 0 7
210 0 7
211 0 7
212 0 7
213 0 7
214 0 7
215 0 7
216 0 7
217 0 7
218 0 7
219 0 7
220 0 7
221 0 14
222 0 14
223 0 14
224 0 14
225 0 14
226 0 14
227 0 14
228 0 14
229 0 14
230 0 14
231 0 14
232 0 14
233 0 14
234 0 14
235 0 14
236 0 14
237 0 14
238 0 14
239 0 14
240 0 14
241 0 14
242 0 14
243 0 14
244 0 13
245 0 13
246 0 13
247 0 13
248 0 13
249 0 12
250 0 12
251 0 12
252 0 11
253 0 11
254 0 10
255 0 10
256 0 10
257 0 9
258 0 9
259 0 9
260 0 9
261 0 9
262 0 9
263 0 9
264 0 9
265 0 9
266 0 9
267 0 9
268 0 9
269 0 9
270 0 9
271 0 9
272 0 9
273 0 9
274 0 9
275 0 9
276 0 9
277 0 9
278 0 9
279 0 9
280 0 9
281 0 9
282 0 9
283 0 9
284 0 9
285 0 8
286 0 8
287 0 8
288 0 8
289 0 8
290 0 8
291 0 8
292 0 8
293 0 8
294 0 8
295 0 8
296 0 8
297 0 8
298 0 8
299 0 8
300 0 8
301 0 8
302 0 7
303 0 7
304 0 7
305 0 7
306 0 7
307 0 7
308 0 7
309 0 7
310 0 7
311 0 7
312 0 7
313 0 7
314 0 7
315 0 7
316 0 7
317 0 7
318 0 7
319 0 7
320 0 6
321 0 6
322 0 6
323 0 6
324 0 6
325 0 6
326 0 6
327 0 6
328 0 6
329 0 6
330 0 6
331 0 6
332 0 6
333 0 6
334 0 6
335 0 6
336 0 6
337 0 6
338 0 6
339 0 6
340 0 6
341 0 6
342 0 6
343 0 6
344 0 6
345 0 6
346 0 6
347 0 6
348 0 6
349 0 6
350 0 5
351 0 5
352 0 5
353 0 5
354 0 5
355 0 5
356 0 5
357 0 5
358 0 5
359 0 5
360 0 5
361 0 5
362 0 5
363 0 5
364 0 5
365 0 5
366 0 5
367 0 5
368 0 4
369 0 4
370 0 4
371 0 4
372 0 4
373 0 4
374 0 4
375 0 4
376 0 4
377 0 4
378 0 4
379 0 4
380 0 4
381 0 4
382 0 4
383 0 4
384 0 4
385 0 4
386 0 4
387 0 4
388 0 4
389 0 4
390 0 4
391 0 4
392 0 4
393 0 4
394 0 4
395 0 4
396 0 4
397 0 4
398 0 4
399 0 4
400 0 4
401 0 4
402 0 4
403 0 4
404 0 4
405 0 4
406 0 4
407 0 4
408 0 4
409 0 4
410 0 4
411 0 4
412 0 4
413 0 4
414 0 4
415 0 4
416 0 4
417 0 4
418 0 4
419 0 4
420 0 4
421 0 4
422 0 4
423 0 4
424 0 4
425 0 4
426 0 4
427 0 4
428 0 4
429 0 5
430 0 5
431 0 5
432 0 5
433 0 5
434 0 5
435 0 5
436 0 5
437 0 5
438 0 5
439 0 5
440 0 5
441 0 5
442 0 5
443 0 5
444 0 5
445 0 5
446 0 5
447 0 5
448 0 5
449 0 5
450 0 5
451 0 5
452 0 5
453 0 5
454 0 5
455 0 5
456 0 5
457 0 5
458 0 5
459 0 5
460 0 5
461 0 5
462 0 5
463 0 5
464 0 5
465 0 5
466 0 5
467 0 5
468 0 5
469 0 5
470 0 5
471 0 5
472 0 4
473 0 4
474 0 4
475 0 4
476 0 4
477 0 4
478 0 4
479 0 4
480 0 4
481 0 4
482 0 4
483 0 4
484 0 4
485 0 4
486 0 4
487 0 4
488 0 4
489 0 4
490 0 4
491 0 4
492 0 4
493 0 4
494 0 4
495 0 4
496 0 4
497 0 4
498 0 4
499 0 4
500 0 4
501 0 4
502 0 4
503 0 4
504 0 4
505 0 4
506 0 4
507 0 4
508 0 4
509 0 4
510 0 4
511 0 4
512 0 4
513 0 4
514 0 4
515 0 4
516 0 4
517 0 4
518 0 4
519 0 4
520 0 4
521 0 4
522 0 4
523 0 4
524 0 4
525 0 4
526 0 4
527 0 4
528 0 4
529 0 4
530 0 4
531 0 4
532 0 4
533 0 4
534 0 4
535 0 4
536 0 4
537 0 5
538 0 5
539 0 5
540 0 5
541 0 5
542 0 5
543 0 5
544 0 5
545 0 7
546 0 7
547 0 7
548 0 7
549 0 7
550 0 7
551 0 7
552 0 7
553 0 7
554 0 7
555 0 7
556 0 7
557 0 7
558 0 7
559 0 7
560 0 7
561 0 7
562 0 7
563 0 7
564 0 6
565 0 6
566 0 8
567 0 8
568 0 8
569 0 8
570 0 8
571 0 8
572 0 8
573 0 8
574 0 8
575 0 8
576 0 8
577 0 8
578 0 7
579 0 7
580 0 7
581 0 7
582 0 7
583 0 7
584 0 7
585 0 7
586 0 7
587 0 7
588 0 7
589 0 7
590 0 7
591 0 8
592 0 8
593 0 8
594 0 8
595 0 8
596 0 8
597 0 8
598 0 8
599 0 8
600 0 8
601 0 8
602 0 8
603 0 8
604 0 8
605 0 8
606 0 8
607 0 8
608 0 8
609 0 8
610 0 8
611 0 8
612 0 8
613 0 8
614 0 8
615 0 8
616 0 8
617 0 8
618 0 8
619 0 8
620 0 8
621 0 8
622 0 8
623 0 8
624 0 8
625 0 8
626 0 9
627 0 9
628 0 9
629 0 9
630 0 9
631 0 9
632 0 9
633 0 9
634 0 9
635 0 9
636 0 9
637 0 9
638 0 9
639 0 9
640 0 9
641 0 9
642 0 9
643 0 9
644 0 9
645 0 9
646 0 9
647 0 9
648 0 9
649 0 9
650 0 9
651 0 9
652 0 9
653 0 9
654 0 9
655 0 9
656 0 9
657 0 9
658 0 9
659 0 10
660 0 10
661 0 10
662 0 10
663 0 10
664 0 10
665 0 10
666 0 10
667 0 10
668 0 10
669 0 10
670 0 10
671 0 11
672 0 11
673 0 11
674 0 11
675 0 11
676 0 11
677 0 11
678 0 11
679 0 11
680 0 11
681 0 11
682 0 11
683 0 11
684 0 11
685 0 11
686 0 11
687 1 11
688 1 11
689 1 11
690 1 11
691 1 11
692 1 11
693 1 12
694 1 12
695 1 12
696 1 12
697 1 12
698 1 12
699 1 12
700 1 12
701 1 12
702 1 12
703 1 11
704 1 11
705 1 11
706 1 11
707 1 11
708 1 11
709 1 11
710 1 11
711 1 11
712 1 11
713 1 11
714 1 11
715 1 11
716 1 11
717 1 11
718 1 11
719 1 11
720 1 11
721 1 11
722 1 11
723 1 11
724 1 11
725 1 11
726 1 11
727 1 11
728 1 11
729 1 11
730 1 11
731 1 12
732 1 12
733 1 12
734 1 12
735 1 12
736 1 12
737 1 12
738 1 12
739 1 12
740 1 12
741 1 12
742 1 12
743 1 12
744 1 12
745 1 12
746 1 12
747 1 12
748 1 12
749 1 12
750 1 12
751 1 12
752 1 12
753 1 12
754 1 12
755 1 12
756 1 12
757 1 12
758 1 12
759 1 12
760 1 12
761 1 12
762 1 12
763 1 12
764 1 12
765 1 12
766 1 12
767 1 12
768 1 12
769 1 12
770 1 12
771 1 12
772 1 12
773 1 12
774 1 12
775 1 12
776 1 12
777 1 12
778 1 12
779 1 12
780 1 12
781 1 12
782 1 12
783 1 12
784 1 12
785 1 12
786 1 12
787 1 12
788 1 12
789 1 12
790 1 12
791 1 12
792 1 12
793 1 12
794 1 12
795 1 12
796 1 12
797 1 12
798 1 12
799 1 12
800 1 12
801 1 12
802 1 12
803 1 12
804 1 12
805 1 12
806 1 12
807 1 12
808 1 12
809 1 12
810 1 12
811 1 12
812 1 12
813 1 12
814 1 12
815 1 12
816 1 12
817 1 12
818 1 12
819 1 12
820 1 12
821 1 12
822 1 12
823 1 12
824 1 12
825 1 11
826 1 11
827 1 11
828 1 11
829 1 11
830 1 12
831 1 12
832 1 12
833 1 12
834 1 12
835 1 12
836 1 12
837 1 12
838 1 12
839 1 12
840 1 12
841 1 12
842 1 12
843 1 12
844 1 12
845 1 13
846 1 13
847 1 13
848 1 13
849 1 12
850 1 12
851 1 12
852 1 12
853 1 12
854 1 12
855 1 12
856 1 13
857 1 13
858 1 13
859 1 13
860 1 13
861 1 13
862 1 13
863 1 13
864 1 13
865 1 13
866 1 13
867 1 13
868 1 13
869 1 13
870 1 13
871 1 13
872 1 13
873 1 13
874 1 13
875 1 13
876 1 13
877 1 13
878 1 13
879 1 13
880 1 13
881 1 13
882 1 12
883 1 12
884 1 12
885 1 12
886 1 12
887 1 12
888 1 12
889 1 12
890 1 12
891 1 12
892 1 12
893 1 12
894 1 12
895 1 12
896 1 12
897 1 12
898 1 12
899 1 12
900 1 12
901 1 13
902 1 13
903 1 13
904 1 14
905 1 14
906 1 14
907 1 14
908 1 14
909 1 14
910 1 14
911 1 14
912 1 14
913 1 14
914 1 14
915 1 14
916 1 13
917 1 13
918 1 13
919 1 13
920 1 13
921 1 13
922 1 13
923 1 13
924 1 13
925 1 13
926 1 13
927 1 13
928 1 13
929 1 13
930 1 13
931 1 13
932 1 13
933 1 13
934 1 13
935 1 13
936 1 13
937 1 13
938 1 13
939 1 13
940 1 13
941 1 13
942 1 13
943 1 13
944 1 13
945 1 13
946 1 13
947 1 13
948 1 13
949 1 13
950 1 13
951 1 13
952 1 13
953 1 13
954 1 13
955 1 13
956 1 13
957 1 13
958 1 13
959 1 13
960 1 13
961 1 13
962 1 13
963 1 13
964 1 13
965 1 13
966 1 13
967 1 13
968 1 13
969 1 13
970 1 12
971 1 12
972 1 12
973 1 12
974 1 12
975 1 12
976 1 12
977 1 12
978 1 12
979 1 12
980 1 12
981 1 12
982 1 12
983 1 12
984 1 12
985 1 12
986 1 12
987 1 12
988 1 12
989 1 12
990 1 12
991 1 12
992 1 12
993 1 12
994 1 12
995 1 12
996 1 12
997 1 12
998 1 12
999 1 12
1000 1 12
1001 1 12
1002 1 13
1003 1 13
1004 1 12
1005 1 12
1006 1 12
1007 1 12
1008 1 12
1009 1 12
1010 1 12
1011 1 12
1012 1 12
1013 1 12
1014 1 12
1015 1 12
1016 1 12
1017 1 12
1018 1 12
1019 1 12
1020 1 12
1021 1 12
1022 1 12
1023 1 12
1024 1 12
1025 1 12
1026 1 12
1027 1 12
1028 1 12
1029 1 12
1030 1 12
1031 1 12
1032 1 12
1033 1 12
1034 1 12
1035 1 12
1036 1 12
1037 1 12
1038 1 12
1039 1 12
1040 1 12
1041 1 12
1042 1 12
1043 1 12
1044 1 12
1045 1 12
1046 1 12
1047 1 12
1048 1 12
1049 1 12
1050 1 12
1051 1 12
1052 1 12
1053 1 12
1054 1 12
1055 1 12
1056 1 12
1057 1 12
1058 1 12
1059 1 12
1060 1 12
1061 1 12
1062 1 12
1063 1 12
1064 1 12
1065 1 12
1066 1 12
1067 1 12
1068 1 12
1069 1 12
1070 1 12
1071 1 12
1072 1 12
1073 1 12
1074 1 12
1075 1 12
1076 1 12
1077 1 12
1078 1 12
1079 1 12
1080 1 12
1081 1 12
1082 1 12
1083 1 12
1084 1 12
1085 1 12
1086 1 12
1087 1 12
1088 1 12
1089 1 12
1090 1 12
1091 1 12
1092 1 12
1093 1 12
1094 1 12
1095 1 11
1096 1 11
1097 1 11
1098 1 11
1099 1 11
1100 1 11
1101 1 11
1102 1 11
1103 1 11
1104 1 11
1105 1 11
1106 1 11
1107 1 11
1108 1 11
1109 1 11
1110 1 11
1111 1 11
1112 1 11
1113 1 11
1114 1 11
1115 1 11
1116 1 11
1117 1 11
1118 1 11
1119 1 11
1120 1 11
1121 1 11
1122 1 11
1123 1 11
1124 1 11
1125 1 11
1126 1 11
1127 1 11
1128 1 11
1129 1 11
1130 1 11
1131 1 11
1132 1 11
1133 1 11
1134 1 11
1135 1 11
1136 1 11
1137 1 11
1138 1 11
1139 2 11
1140 2 11
1141 2 11
1142 2 11
1143 2 11
1144 2 11
1145 2 11
1146 2 11
1147 2 11
1148 2 11
1149 2 11
1150 2 11
1151 2 11
1152 2 11
1153 2 11
1154 2 11
1155 2 11
1156 2 11
1157 2 11
1158 2 11
1159 2 11
1160 2 11
1161 2 11
1162 2 11
1163 2 11
1164 2 11
1165 2 11
1166 2 11
1167 2 11
1168 2 11
1169 2 11
1170 2 11
1171 2 11
1172 2 11
1173 2 11
1174 2 11
1175 2 10
1176 2 10
1177 2 10
1178 2 10
1179 2 10
1180 2 10
1181 2 10
1182 2 10
1183 2 10
1184 2 11
1185 2 11
1186 2 11
1187 2 11
1188 2 11
1189 2 11
1190 2 11
1191 2 11
1192 2 11
1193 2 11
1194 2 11
1195 2 11
1196 2 11
1197 2 11
1198 2 11
1199 2 11
1200 2 11
1201 2 11
1202 2 11
1203 2 11
1204 2 11
1205 2 11
1206 2 11
1207 2 11
1208 2 11
1209 2 11
1210 2 11
1211 2 11
1212 2 11
1213 2 11
1214 2 11
1215 2 11
1216 2 11
1217 2 11
1218 2 11
1219 2 11
1220 2 11
1221 2 11
1222 2 11
1223 2 11
1224 2 11
1225 2 11
1226 2 11
1227 2 11
1228 2 11
1229 2 11
1230 2 11
1231 2 11
1232 2 11
1233 2 11
1234 2 11
1235 2 11
1236 2 11
1237 2 11
1238 2 11
1239 2 11
1240 2 11
1241 2 11
1242 2 11
1243 2 11
1244 2 11
1245 2 11
1246 2 11
1247 2 11
1248 2 11
1249 2 11
1250 2 11
1251 2 11
1252 2 11
1253 2 11
1254 2 11
1255 2 11
1256 2 11
1257 2 11
1258 2 11
1259 2 11
1260 2 11
1261 2 11
1262 2 11
1263 2 11
1264 2 11
1265 2 12
1266 2 12
1267 2 12
1268 2 12
1269 2 12
1270 2 12
1271 2 12
1272 2 12
1273 2 12
1274 2 12
1275 2 13
1276 2 13
1277 2 13
1278 2 13
1279 2 13
1280 2 13
1281 2 13
1282 2 13
1283 2 13
1284 2 13
1285 2 13
1286 2 13
1287 2 13
1288 2 13
1289 2 13
1290 2 13
1291 2 13
1292 2 12
1293 2 12
1294 2 12
1295 2 12
1296 2 12
1297 2 12
1298 2 12
1299 2 12
1300 2 12
1301 2 12
1302 2 12
1303 2 12
1304 2 12
1305 2 12
1306 2 12
1307 2 12
1308 2 12
1309 2 12
1310 2 12
1311 2 12
1312 2 12
1313 2 12
1314 2 12
1315 2 12
1316 2 12
1317 2 12
1318 2 12
1319 2 12
1320 2 12
1321 2 12
1322 2 12
1323 2 12
1324 2 12
1325 2 12
1326 2 12
1327 2 12
1328 2 12
1329 2 12
1330 2 12
1331 2 12
1332 2 12
1333 2 12
1334 2 12
1335 2 12
1336 2 12
1337 2 12
1338 2 12
1339 2 12
1340 2 12
1341 2 12
1342 2 12
1343 2 12
1344 2 12
1345 2 12
1346 2 12
1347 2 12
1348 2 13
1349 2 13
1350 2 13
1351 2 13
1352 2 13
1353 2 13
1354 2 13
1355 2 13
1356 2 13
1357 2 13
1358 2 13
1359 2 13
1360 2 13
1361 2 13
1362 2 13
1363 2 13
1364 2 13
1365 2 13
1366 2 13
1367 2 13
1368 2 13
1369 2 13
1370 2 13
1371 2 13
1372 2 13
1373 2 13
1374 2 13
1375 2 13
1376 2 13
1377 2 13
1378 2 13
1379 2 13
1380 2 13
1381 2 13
1382 2 13
1383 2 13
1384 2 13
1385 2 13
1386 2 13
1387 2 13
1388 2 13
1389 2 13
1390 2 13
1391 2 13
1392 2 13
1393 2 13
1394 2 13
1395 2 13
1396 2 13
1397 2 13
1398 2 13
1399 2 13
1400 2 13
1401 2 13
1402 2 13
1403 2 13
1404 2 13
1405 2 12
1406 2 12
1407 2 12
1408 2 12
1409 2 12
1410 2 12
1411 2 12
1412 2 12
1413 2 13
1414 2 13
1415 2 13
1416 2 13
1417 2 13
1418 2 13
1419 2 13
1420 2 13
1421 2 13
1422 2 13
1423 2 13
1424 2 13
1425 2 13
1426 2 13
1427 2 13
1428 2 13
1429 2 13
1430 2 13
1431 2 13
1432 2 13
1433 2 13
1434 2 13
1435 2 13
1436 2 13
1437 2 13
1438 2 13
1439 2 13
1440 2 13
1441 2 13
1442 2 13
1443 2 13
1444 2 12
1445 2 12
1446 2 12
1447 2 12
1448 2 12
1449 2 12
1450 2 12
1451 2 12
1452 2 12
1453 2 12
1454 2 12
1455 2 12
1456 2 12
1457 2 12
1458 2 12
1459 2 12
1460 2 12
1461 2 12
1462 2 12
1463 2 12
1464 2 12
1465 3 12
1466 3 12
1467 3 12
1468 3 12
1469 3 12
1470 3 12
1471 3 12
1472 3 12
1473 3 12
1474 3 12
1475 3 12
1476 3 13
1477 3 13
1478 3 13
1479 3 13
1480 3 13
1481 3 13
1482 3 13
1483 3 13
1484 3 13
1485 3 13
1486 3 13
1487 3 13
1488 3 13
1489 3 13
1490 3 13
1491 3 13
1492 3 12
1493 3 12
1494 3 12
1495 3 12
1496 3 12
1497 3 12
1498 3 12
1499 3 12
1500 3 12
1501 3 12
1502 3 12
1503 3 12
1504 3 12
1505 3 12
1506 3 12
1507 3 13
1508 3 13
1509 3 13
1510 3 13
1511 3 13
1512 3 13
1513 3 13
1514 3 13
1515 3 13
1516 3 13
1517 3 13
1518 3 13
1519 3 13
1520 3 13
1521 3 13
1522 3 13
1523 3 13
1524 3 13
1525 3 13
1526 3 13
1527 3 13
1528 3 13
1529 3 13
1530 3 13
1531 3 13
1532 3 13
1533 3 13
1534 3 13
1535 3 13
1536 3 13
1537 3 13
1538 3 13
1539 3 13
1540 3 13
1541 3 13
1542 3 13
1543 3 13
1544 3 13
1545 3 13
1546 3 13
1547 3 13
1548 3 13
1549 3 13
1550 3 13
1551 3 13
1552 3 13
1553 3 13
1554 3 13
1555 3 13
1556 3 13
1557 3 13
1558 3 13
1559 3 13
1560 3 13
1561 3 13
1562 3 13
1563 3 13
1564 3 13
1565 3 13
1566 3 13
1567 3 13
1568 3 13
1569 3 13
1570 3 13
1571 3 13
1572 3 13
1573 3 13
1574 3 13
1575 3 13
1576 3 13
1577 3 14
1578 3 14
1579 3 14
1580 3 14
1581 3 14
1582 3 14
1583 3 14
1584 3 14
1585 3 14
1586 3 14
1587 3 14
1588 3 14
1589 3 14
1590 3 14
1591 3 14
1592 3 14
1593 3 14
1594 3 14
1595 3 14
1596 3 14
1597 3 14
1598 3 14
1599 3 14
1600 3 14
1601 3 14
1602 3 14
1603 3 14
1604 3 14
1605 3 14
1606 3 14
1607 3 14
1608 3 14
1609 3 14
1610 3 14
1611 3 14
1612 3 14
1613 3 14
1614 3 14
1615 3 14
1616 3 14
1617 3 14
1618 3 14
1619 3 14
1620 3 14
1621 3 14
1622 3 14
1623 3 14
1624 3 14
1625 3 14
1626 3 14
1627 3 14
1628 3 14
1629 3 14
1630 3 14
1631 3 14
1632 3 14
1633 3 14
1634 3 14
1635 3 14
1636 3 14
1637 3 14
1638 3 14
1639 3 14
1640 3 14
1641 3 14
1642 3 14
1643 3 14
1644 3 14
1645 3 14
1646 3 14
1647 3 14
1648 3 14
1649 3 14
1650 3 14
1651 3 14
1652 3 14
1653 3 14
1654 3 14
1655 3 14
1656 3 14
1657 3 14
1658 3 14
1659 3 14
1660 3 14
1661 3 14
1662 3 14
1663 3 14
1664 3 14
1665 3 14
1666 3 14
1667 3 14
1668 3 14
1669 3 14
1670 3 14
1671 3 14
1672 3 14
1673 3 14
1674 4 14
1675 4 14
1676 4 14
1677 4 14
1678 4 14
1679 4 14
1680 4 14
1681 4 14
1682 4 14
1683 4 14
1684 4 14
1685 4 14
1686 4 14
1687 4 14
1688 4 14
1689 4 14
1690 4 14
1691 4 14
1692 4 14
1693 4 14
1694 4 14
1695 4 14
1696 4 13
1697 4 13
1698 4 13
1699 4 13
1700 4 13
1701 4 13
1702 4 14
1703 4 14
1704 4 14
1705 4 14
1706 4 14
1707 4 14
1708 4 14
1709 4 14
1710 4 14
1711 4 14
1712 4 14
1713 4 14
1714 4 14
1715 4 14
1716 4 14
1717 4 14
1718 4 14
1719 4 14
1720 4 14
1721 4 14
1722 4 14
1723 4 14
1724 4 14
1725 4 14
1726 4 14
1727 4 14
1728 4 14
1729 4 14
1730 4 14
1731 4 14
1732 4 14
1733 4 14
1734 4 14
1735 4 14
1736 4 14
1737 4 14
1738 4 14
1739 4 14
1740 4 14
1741 4 14
1742 4 14
1743 4 14
1744 4 14
1745 4 14
1746 4 14
1747 4 14
1748 4 14
1749 4 14
1750 4 14
1751 4 14
1752 4 14
1753 4 14
1754 4 14
1755 4 14
1756 4 14
1757 4 14
1758 4 14
1759 4 14
1760 4 14
1761 4 14
1762 4 14
1763 4 14
1764 4 14
1765 4 14
1766 4 14
1767 4 14
1768 4 14
1769 4 14
1770 4 14
1771 4 14
1772 4 14
1773 4 14
1774 4 14
1775 4 14
1776 4 14
1777 4 14
1778 4 14
1779 4 14
1780 4 14
1781 4 14
1782 4 14
1783 4 14
1784 4 14
1785 4 14
1786 4 14
1787 4 15
1788 4 15
1789 4 15
1790 4 15
1791 4 15
1792 4 15
1793 4 14
1794 4 14
1795 4 15
1796 4 15
1797 4 15
1798 4 15
1799 4 15
1800 4 15
1801 4 15
1802 4 15
1803 4 15
1804 4 15
1805 4 15
1806 4 15
1807 4 15
1808 4 15
1809 4 15
1810 4 15
1811 4 15
1812 4 15
1813 4 15
1814 4 15
1815 4 15
1816 4 15
1817 4 15
1818 4 15
1819 4 15
1820 4 15
1821 4 15
1822 4 15
1823 4 15
1824 4 15
1825 4 15
1826 4 15
1827 4 15
1828 4 15
1829 4 15
1830 4 15
1831 4 15
1832 4 15
1833 4 15
1834 4 15
1835 4 15
1836 4 15
1837 4 15
1838 4 15
1839 4 15
1840 4 15
1841 4 15
1842 4 15
1843 4 15
1844 4 15
1845 4 15
1846 4 15
1847 4 15
1848 4 15
1849 4 15
1850 5 15
1851 5 15
1852 5 15
1853 5 15
1854 5 15
1855 5 15
1856 5 15
1857 5 15
1858 5 15
1859 5 15
1860 5 15
1861 5 15
1862 5 15
1863 5 15
1864 5 15
1865 5 15
1866 5 15
1867 5 15
1868 5 15
1869 5 15
1870 5 15
1871 5 15
1872 5 15
1873 5 15
1874 5 15
1875 5 16
1876 5 16
1877 5 16
1878 5 16
1879 5 16
1880 5 16
1881 5 16
1882 5 16
1883 5 16
1884 5 16
1885 5 16
1886 5 16
1887 5 16
1888 5 16
1889 5 16
1890 5 16
1891 5 16
1892 5 16
1893 5 16
1894 5 16
1895 5 16
1896 5 16
1897 5 16
1898 5 16
1899 5 16
1900 5 16
1901 5 16
1902 5 16
1903 5 16
1904 5 16
1905 5 16
1906 5 16
1907 5 16
1908 5 16
1909 5 16
1910 5 16
1911 5 16
1912 5 16
1913 5 16
1914 5 16
1915 5 16
1916 5 16
1917 5 16
1918 5 16
1919 5 16
1920 5 16
1921 5 16
1922 5 16
1923 5 16
1924 5 16
1925 5 16
1926 5 16
1927 5 16
1928 5 16
1929 5 16
1930 5 16
1931 5 16
1932 5 16
1933 5 16
1934 5 16
1935 5 16
1936 5 16
1937 5 16
1938 5 16
1939 5 16
1940 5 16
1941 5 16
1942 5 16
1943 5 16
1944 5 16
1945 5 16
1946 5 16
1947 5 16
1948 5 16
1949 5 16
1950 5 16
1951 5 16
1952 5 16
1953 5 16
1954 5 16
1955 5 16
1956 5 16
1957 5 16
1958 5 16
1959 5 16
1960 5 16
1961 5 16
1962 5 16
1963 5 16
1964 5 16
1965 5 16
1966 5 16
1967 5 16
1968 5 16
1969 5 16
1970 5 16
1971 5 16
1972 5 16
1973 5 16
1974 5 16
1975 5 16
1976 5 17
1977 5 17
1978 5 17
1979 5 17
1980 5 17
1981 5 17
1982 5 17
1983 5 17
1984 5 17
1985 5 17
1986 5 17
1987 5 17
1988 5 17
1989 5 17
1990 5 17
1991 5 17
1992 5 17
1993 5 17
1994 5 17
1995 5 17
1996 5 17
1997 5 17
1998 6 17
1999 6 17
2000 6 18
2001 6 18
2002 6 18
2003 6 18
2004 6 18
2005 6 18
2006 6 18
2007 6 18
2008 6 17
2009 6 17
2010 6 17
2011 6 17
2012 6 17
2013 6 17
2014 6 17
2015 6 17
2016 6 17
2017 6 17
2018 6 17
2019 6 17
2020 6 17
2021 6 17
2022 6 17
2023 6 17
2024 6 17
2025 6 17
2026 6 17
2027 6 17
2028 6 17
2029 6 17
2030 6 17
2031 6 17
2032 6 17
2033 6 17
2034 6 17
2035 6 17
2036 6 17
2037 6 17
2038 6 17
2039 6 17
2040 6 17
2041 6 17
2042 6 18
2043 6 18
2044 6 18
2045 6 18
2046 6 18
2047 6 18
2048 6 18
2049 6 18
2050 6 18
2051 6 18
2052 6 18
2053 6 18
2054 6 18
2055 6 18
2056 6 18
2057 6 18
2058 6 18
2059 6 18
2060 6 18
2061 6 18
2062 6 19
2063 6 19
2064 6 19
2065 6 19
2066 6 19
2067 6 19
2068 6 19
2069 6 19
2070 6 19
2071 6 19
2072 6 19
2073 6 19
2074 6 19
2075 6 19
2076 6 19
2077 6 19
2078 6 19
2079 6 19
2080 6 19
2081 6 18
2082 6 19
2083 6 19
2084 6 19
2085 6 19
2086 6 19
2087 6 19
2088 6 19
2089 6 19
2090 6 19
2091 6 19
2092 6 19
2093 6 19
2094 6 19
2095 6 19
2096 6 19
2097 6 19
2098 6 19
2099 6 19
2100 6 19
2101 6 19
2102 6 19
2103 6 19
2104 6 19
2105 6 19
2106 6 19
2107 6 19
2108 6 19
2109 6 19
2110 6 19
2111 6 19
2112 6 19
2113 6 19
2114 6 19
2115 6 19
2116 6 19
2117 6 19
2118 7 19
2119 7 19
2120 7 19
2121 7 19
2122 7 19
2123 7 19
2124 7 19
2125 7 19
2126 7 19
2127 7 19
2128 7 19
2129 7 19
2130 7 19
2131 7 20
2132 7 20
2133 7 20
2134 7 20
2135 7 20
2136 7 20
2137 7 20
2138 7 20
2139 7 20
2140 7 20
2141 7 20
2142 7 20
2143 7 20
2144 7 21
2145 7 21
2146 7 21
2147 7 21
2148 7 21
2149 7 21
2150 7 21
2151 7 21
2152 7 21
2153 7 21
2154 7 21
2155 7 21
2156 7 22
2157 7 22
2158 7 22
2159 7 22
2160 7 22
2161 7 22
2162 7 22
2163 7 22
2164 7 22
2165 7 22
2166 7 22
2167 7 22
2168 7 22
2169 7 22
2170 7 22
2171 7 22
2172 7 22
2173 7 22
2174 7 23
2175 7 23
2176 7 23
2177 7 23
2178 7 23
2179 7 23
2180 7 23
2181 7 23
2182 7 23
2183 7 23
2184 7 23
2185 7 23
2186 7 23
2187 7 23
2188 7 23
2189 7 23
2190 7 23
2191 7 23
2192 7 23
2193 7 23
2194 7 23
2195 7 23
2196 7 23
2197 7 23
2198 7 24
2199 7 24
2200 7 24
2201 7 24
2202 7 24
2203 7 24
2204 7 24
2205 7 24
2206 7 24
2207 7 24
2208 8 24
2209 8 24
2210 8 24
2211 8 24
2212 8 24
2213 8 24
2214 8 24
2215 8 24
2216 8 24
2217 8 24
2218 8 24
2219 8 24
2220 8 24
2221 8 24
2222 8 24
2223 8 24
2224 8 24
2225 8 24
2226 8 24
2227 8 24
2228 8 24
2229 8 24
2230 8 24
2231 8 24
2232 8 24
2233 8 24
2234 8 24
2235 8 24
2236 8 24
2237 8 25
2238 8 25
2239 8 25
2240 8 25
2241 8 25
2242 8 25
2243 8 25
2244 8 25
2245 8 25
2246 8 25
2247 8 25
2248 8 25
2249 8 25
2250 8 26
2251 8 26
2252 8 26
2253 8 26
2254 8 26
2255 8 26
2256 8 26
2257 8 26
2258 8 26
2259 8 26
2260 8 26
2261 8 26
2262 8 26
2263 8 26
2264 8 27
2265 8 27
2266 8 27
2267 8 27
2268 8 27
2269 8 27
2270 8 27
2271 8 27
2272 8 27
2273 8 27
2274 8 27
2275 9 27
2276 9 27
2277 9 27
2278 9 27
2279 9 27
2280 9 27
2281 9 27
2282 9 27
2283 9 27
2284 9 27
2285 9 27
2286 9 27
2287 9 27
2288 9 27
2289 9 27
2290 9 27
2291 9 27
2292 9 27
2293 9 27
2294 9 27
2295 9 27
2296 9 27
2297 9 27
2298 9 27
2299 9 27
2300 9 27
2301 9 27
2302 9 28
2303 9 28
2304 9 28
2305 9 28
2306 9 28
2307 9 28
2308 9 28
2309 9 28
2310 9 28
2311 9 28
2312 9 28
2313 9 28
2314 9 28
2315 9 28
2316 9 28
2317 9 28
2318 9 28
2319 9 29
2320 9 29
2321 9 29
2322 9 29
2323 9 29
2324 9 29
2325 9 29
2326 9 29
2327 9 29
2328 9 29
2329 9 29
2330 9 29
2331 9 29
2332 9 29
2333 9 29
2334 9 29
2335 9 29
2336 9 29
2337 9 29
2338 9 29
2339 9 29
2340 10 29
2341 10 29
2342 10 29
2343 10 29
2344 10 29
2345 10 29
2346 10 29
2347 10 29
2348 10 29
2349 10 30
2350 10 30
2351 10 30
2352 10 30
2353 10 30
2354 10 30
2355 10 30
2356 10 30
2357 10 30
2358 10 30
2359 10 30
2360 10 30
2361 10 30
2362 10 30
2363 10 30
2364 10 30
2365 10 30
2366 10 31
2367 10 31
2368 10 31
2369 10 31
2370 10 31
2371 10 31
2372 10 31
2373 10 31
2374 10 31
2375 10 31
2376 10 31
2377 10 31
2378 10 31
2379 10 31
2380 10 31
2381 10 31
2382 10 31
2383 10 31
2384 10 31
2385 10 31
2386 10 31
2387 10 31
2388 10 31
2389 10 31
2390 10 31
2391 10 31
2392 10 31
2393 10 31
2394 10 31
2395 10 31
2396 10 31
2397 10 31
2398 10 32
2399 10 32
2400 10 32
2401 10 32
2402 10 32
2403 10 32
2404 10 32
2405 10 32
2406 10 32
2407 10 32
2408 10 32
2409 10 32
2410 11 32
2411 11 32
2412 11 32
2413 11 32
2414 11 32
2415 11 32
2416 11 32
2417 11 32
2418 11 32
2419 11 32
2420 11 32
2421 11 32
2422 11 32
2423 11 32
2424 11 32
2425 11 32
2426 11 32
2427 11 33
2428 11 33
2429 11 33
2430 11 33
2431 11 33
2432 11 33
2433 11 33
2434 11 33
2435 11 33
2436 11 33
2437 11 33
2438 11 33
2439 11 33
2440 11 33
2441 11 34
2442 11 34
2443 11 34
2444 11 34
2445 11 34
2446 11 34
2447 11 34
2448 11 34
2449 11 34
2450 11 34
2451 11 34
2452 11 34
2453 11 34
2454 11 34
2455 11 34
2456 11 34
2457 11 34
2458 11 34
2459 11 34
2460 11 34
2461 11 34
2462 11 34
2463 11 34
2464 11 34
2465 11 34
2466 11 34
2467 12 34
2468 12 35
2469 12 35
2470 12 35
2471 12 35
2472 12 35
2473 12 35
2474 12 35
2475 12 35
2476 12 35
2477 12 35
2478 12 35
2479 12 35
2480 12 35
2481 12 35
2482 12 35
2483 12 35
2484 12 35
2485 12 35
2486 12 35
2487 12 35
2488 12 35
2489 12 35
2490 12 35
2491 12 35
2492 12 35
2493 12 36
2494 12 36
2495 12 36
2496 12 36
2497 12 36
2498 12 36
2499 13 36
2500 13 36
2501 13 36
2502 13 36
2503 13 36
2504 13 36
2505 13 36
2506 13 36
2507 13 36
2508 13 36
2509 13 36
2510 13 36
2511 13 36
2512 13 37
2513 13 37
2514 13 37
2515 13 37
2516 13 37
2517 13 37
2518 13 37
2519 13 37
2520 13 37
2521 13 37
2522 13 37
2523 13 37
2524 13 37
2525 13 37
2526 13 37
2527 13 37
2528 13 37
2529 13 37
2530 13 37
2531 13 37
2532 14 38
2533 14 38
2534 14 38
2535 14 38
2536 14 38
2537 14 38
2538 14 38
2539 14 38
2540 14 38
2541 14 38
2542 14 38
2543 14 38
2544 14 38
2545 14 38
2546 14 38
2547 14 38
2548 14 38
2549 14 38
2550 14 38
2551 14 38
2552 14 38
2553 14 39
2554 14 39
2555 14 39
2556 14 39
2557 14 39
2558 14 39
2559 14 39
2560 14 39
2561 14 39
2562 14 39
2563 14 39
2564 14 39
2565 14 39
2566 14 39
2567 14 39
2568 14 39
2569 14 39
2570 14 39
2571 15 39
2572 15 39
2573 15 39
2574 15 39
2575 15 39
2576 15 39
2577 15 40
2578 15 40
2579 15 40
2580 15 40
2581 15 40
2582 15 40
2583 15 40
2584 15 40
2585 15 40
2586 15 40
2587 15 40
2588 15 40
2589 15 40
2590 15 40
2591 15 40
2592 15 40
2593 15 40
2594 15 40
2595 15 40
2596 16 40
2597 16 40
2598 16 40
2599 16 40
2600 16 40
2601 16 40
2602 16 40
2603 16 40
2604 16 41
2605 16 41
2606 16 41
2607 16 41
2608 16 41
2609 16 41
2610 16 41
2611 16 41
2612 16 41
2613 16 41
2614 16 41
2615 16 41
2616 16 41
2617 16 41
2618 16 41
2619 16 41
2620 16 41
2621 17 41
2622 17 41
2623 17 41
2624 17 41
2625 17 41
2626 17 41
2627 17 41
2628 17 41
2629 17 41
2630 17 41
2631 17 41
2632 17 41
2633 18 41
2634 18 41
2635 18 41
2636 18 41
2637 18 41
2638 18 42
2639 18 42
2640 18 42
2641 18 42
2642 18 42
2643 18 42
2644 18 42
2645 18 42
2646 18 42
2647 18 42
2648 19 42
2649 19 42
2650 19 42
2651 19 42
2652 19 42
2653 19 42
2654 19 42
2655 19 42
2656 19 42
2657 19 43
2658 19 43
2659 19 43
2660 19 43
2661 19 43
2662 19 43
2663 19 43
2664 19 43
2665 20 43
2666 20 43
2667 20 43
2668 20 43
2669 20 43
2670 20 43
2671 20 43
2672 20 43
2673 21 43
2674 21 43
2675 21 43
2676 21 43
2677 21 43
2678 21 43
2679 21 43
2680 22 43
2681 22 43
2682 22 43
2683 22 43
2684 22 43
2685 23 43
2686 23 44
2687 23 44
2688 23 44
2689 23 44
2690 23 44
2691 23 44
2692 23 44
2693 24 44
2694 24 44
2695 24 44
2696 24 44
2697 24 44
2698 24 44
2699 24 44
2700 24 44
2701 24 44
2702 24 44
2703 24 44
2704 24 44
2705 24 44
2706 25 44
2707 25 45
2708 25 45
2709 25 45
2710 25 45
2711 26 45
2712 26 45
2713 27 45
2714 27 45
2715 27 45
2716 27 45
2717 28 45
2718 28 45
2719 28 45
2720 28 45
2721 28 45
2722 29 45
2723 29 45
2724 29 45
2725 29 45
2726 29 45
2727 29 45
2728 29 45
2729 29 45
2730 30 45
2731 30 45
2732 31 45
2733 31 45
2734 32 45
2735 32 45
2736 33 45
2737 33 45
2738 33 46
2739 33 46
2740 34 46
2741 34 46
2742 34 46
2743 34 46
2744 34 46
2745 35 46
2746 35 46
2747 35 46
2748 35 46
2749 35 46
2750 35 46
2751 35 46
2752 35 46
2753 36 46
2754 36 46
2755 36 46
2756 37 46
2757 37 46
2758 38 46
2759 38 46
2760 38 46
2761 38 47
2762 39 47
2763 39 47
2764 40 47
2765 41 47
2766 42 47
2767 44 47
2768 44 47
2769 45 47
2770 47 47
2771 48 47
2772 48 47
2773 48 47
2774 50 47
2775 55 47
2776 56 47
2777 57 47
2778 61 47
2779 63 47
2780 65 47
2781 72 48
2782 84 48
2783 100 48
