0 0 0
1 0 0
2 0 0
3 0 0
4 0 0
5 0 0
6 0 0
7 0 0
8 0 0
9 0 0
10 0 0
11 0 0
12 0 0
13 0 0
14 0 0
15 0 0
16 0 0
17 0 0
18 0 0
19 0 0
20 0 0
21 0 0
22 0 0
23 0 0
24 0 0
25 0 0
26 0 0
27 0 0
28 0 0
29 0 0
30 0 0
31 0 0
32 0 0
33 0 0
34 0 0
35 0 0
36 0 0
37 0 0
38 0 0
39 0 0
40 0 0
41 0 0
42 0 0
43 0 0
44 0 0
45 0 0
46 0 0
47 0 0
48 0 0
49 0 0
50 0 0
51 0 0
52 0 50
53 0 50
54 0 50
55 0 50
56 0 50
57 0 50
58 0 50
59 0 50
60 0 50
61 0 50
62 0 50
63 0 50
64 0 50
65 0 50
66 0 50
67 0 50
68 0 50
69 0 50
70 0 50
71 0 50
72 0 50
73 0 33
74 0 33
75 0 33
76 0 33
77 0 33
78 0 33
79 0 33
80 0 33
81 0 33
82 0 33
83 0 33
84 0 33
85 0 33
86 0 33
87 0 33
88 0 33
89 0 33
90 0 33
91 0 33
92 0 33
93 0 33
94 0 33
95 0 33
96 0 33
97 0 33
98 0 33
99 0 33
100 0 33
101 0 33
102 0 33
103 0 33
104 0 33
105 0 33
106 0 33
107 0 33
108 0 33
109 0 33
110 0 33
111 0 33
112 0 33
113 0 33
114 0 33
115 0 33
116 0 33
117 0 25
118 0 20
119 0 20
120 0 20
121 0 20
122 0 20
123 0 20
124 0 16
125 0 14
126 0 14
127 0 14
128 0 14
129 0 14
130 0 12
131 0 12
132 0 12
133 0 12
134 0 12
135 0 12
136 0 12
137 0 12
138 0 12
139 0 12
140 0 12
141 0 12
142 0 11
143 0 11
144 0 11
145 0 11
146 0 10
147 0 10
148 0 10
149 0 10
150 0 9
151 0 9
152 0 9
153 0 9
154 0 9
155 0 9
156 0 9
157 0 9
158 0 9
159 0 9
160 0 9
161 0 9
162 0 9
163 0 9
164 0 9
165 0 9
166 0 9
167 0 9
168 0 9
169 0 9
170 0 9
171 0 9
172 0 8
173 0 8
174 0 8
175 0 8
176 0 8
177 0 8
178 0 8
179 0 8
180 0 8
181 0 8
182 0 8
183 0 8
184 0 8
185 0 8
186 0 8
187 0 8
188 0 8
189 0 8
190 0 8
191 0 8
192 0 8
193 0 8
194 0 8
195 0 8
196 0 8
197 0 8
198 0 7
199 0 7
200 0 7
201 0 7
202 0 7
203 0 7
204 0 7
205 0 7
206 0 7
207 0 7
208 0 7
209 0 7
210 0 7
211 0 7
212 0 7
213 0 7
214 0 7
215 0 7
216 0 7
217 0 7
218 0 7
219 0 7
220 0 7
221 0 7
222 0 7
223 0 7
224 0 7
225 0 7
226 0 7
227 0 7
228 0 7
229 0 7
230 0 7
231 0 7
232 0 7
233 0 7
234 0 7
235 0 7
236 0 7
237 0 7
238 0 7
239 0 7
240 0 7
241 0 7
242 0 7
243 0 7
244 0 6
245 0 6
246 0 6
247 0 6
248 0 6
249 0 6
250 0 6
251 0 6
252 0 5
253 0 5
254 0 5
255 0 5
256 0 5
257 0 4
258 0 4
259 0 4
260 0 4
261 0 4
262 0 4
263 0 4
264 0 4
265 0 4
266 0 4
267 0 4
268 0 4
269 0 4
270 0 4
271 0 4
272 0 4
273 0 4
274 0 4
275 0 4
276 0 4
277 0 4
278 0 4
279 0 4
280 0 4
281 0 4
282 0 4
283 0 4
284 0 4
285 0 4
286 0 4
287 0 4
288 0 4
289 0 4
290 0 4
291 0 4
292 0 4
293 0 4
294 0 4
295 0 4
296 0 4
297 0 4
298 0 4
299 0 4
300 0 4
301 0 4
302 0 3
303 0 3
304 0 3
305 0 3
306 0 3
307 0 3
308 0 3
309 0 3
310 0 3
311 0 3
312 0 3
313 0 3
314 0 3
315 0 3
316 0 3
317 0 3
318 0 3
319 0 3
320 0 3
321 0 3
322 0 3
323 0 3
324 0 3
325 0 3
326 0 3
327 0 3
328 0 3
329 0 3
330 0 3
331 0 3
332 0 3
333 0 3
334 0 3
335 0 3
336 0 3
337 0 3
338 0 3
339 0 3
340 0 3
341 0 3
342 0 3
343 0 3
344 0 3
345 0 3
346 0 3
347 0 3
348 0 3
349 0 3
350 0 2
351 0 2
352 0 2
353 0 2
354 0 2
355 0 2
356 0 2
357 0 2
358 0 2
359 0 2
360 0 2
361 0 2
362 0 2
363 0 2
364 0 2
365 0 2
366 0 2
367 0 2
368 0 2
369 0 2
370 0 2
371 0 2
372 0 2
373 0 2
374 0 2
375 0 2
376 0 2
377 0 2
378 0 2
379 0 2
380 0 2
381 0 2
382 0 2
383 0 2
384 0 2
385 0 2
386 0 2
387 0 2
388 0 2
389 0 2
390 0 2
391 0 2
392 0 2
393 0 2
394 0 2
395 0 2
396 0 2
397 0 2
398 0 2
399 0 2
400 0 2
401 0 2
402 0 2
403 0 2
404 0 2
405 0 2
406 0 2
407 0 2
408 0 2
409 0 2
410 0 2
411 0 2
412 0 2
413 0 2
414 0 2
415 0 2
416 0 2
417 0 2
418 0 2
419 0 2
420 0 2
421 0 2
422 0 2
423 0 2
424 0 2
425 0 2
426 0 2
427 0 2
428 0 2
429 0 3
430 0 3
431 0 3
432 0 3
433 0 3
434 0 3
435 0 3
436 0 3
437 0 3
438 0 3
439 0 3
440 0 3
441 0 3
442 0 3
443 0 3
444 0 3
445 0 3
446 0 3
447 0 3
448 0 3
449 0 3
450 0 3
451 0 3
452 0 3
453 0 3
454 0 3
455 0 3
456 0 3
457 0 3
458 0 3
459 0 3
460 0 3
461 0 3
462 0 3
463 0 3
464 0 3
465 0 3
466 0 3
467 0 3
468 0 3
469 0 3
470 0 3
471 0 3
472 0 3
473 0 3
474 0 3
475 0 3
476 0 3
477 0 3
478 0 3
479 0 3
480 0 3
481 0 3
482 0 3
483 0 3
484 0 3
485 0 3
486 0 3
487 0 3
488 0 3
489 0 3
490 0 3
491 0 3
492 0 3
493 0 3
494 0 3
495 0 3
496 0 3
497 0 3
498 0 3
499 0 3
500 0 3
501 0 3
502 0 3
503 0 3
504 0 3
505 0 3
506 0 3
507 0 3
508 0 3
509 0 3
510 0 3
511 0 3
512 0 3
513 0 3
514 0 3
515 0 3
516 0 3
517 0 3
518 0 3
519 0 3
520 0 3
521 0 3
522 0 3
523 0 3
524 0 2
525 0 2
526 0 2
527 0 2
528 0 2
529 0 2
530 0 2
531 0 2
532 0 2
533 0 2
534 0 2
535 0 2
536 0 2
537 0 2
538 0 2
539 0 2
540 0 2
541 0 2
542 0 2
543 0 2
544 0 2
545 0 4
546 0 4
547 0 4
548 0 4
549 0 4
550 0 4
551 0 4
552 0 4
553 0 4
554 0 4
555 0 4
556 0 4
557 0 4
558 0 4
559 0 4
560 0 4
561 0 4
562 0 4
563 0 4
564 0 4
565 0 4
566 0 5
567 0 5
568 0 5
569 0 5
570 0 5
571 0 5
572 0 5
573 0 5
574 0 5
575 0 5
576 0 5
577 0 5
578 0 5
579 0 5
580 0 5
581 0 5
582 0 5
583 0 5
584 0 5
585 0 5
586 0 5
587 0 5
588 0 5
589 0 5
590 0 5
591 0 6
592 0 6
593 0 6
594 0 6
595 0 6
596 0 6
597 0 6
598 0 6
599 0 6
600 0 6
601 0 6
602 0 6
603 0 6
604 0 6
605 0 6
606 0 6
607 0 6
608 0 6
609 0 6
610 0 6
611 0 6
612 0 6
613 0 6
614 0 6
615 0 6
616 0 6
617 0 6
618 0 6
619 0 6
620 0 6
621 0 6
622 0 6
623 0 6
624 0 6
625 0 6
626 0 6
627 0 6
628 0 6
629 0 6
630 0 6
631 0 6
632 0 6
633 0 6
634 0 6
635 0 6
636 0 6
637 0 6
638 0 6
639 0 6
640 0 6
641 0 6
642 0 6
643 0 6
644 0 6
645 0 6
646 0 6
647 0 6
648 0 6
649 0 6
650 0 6
651 0 6
652 0 6
653 0 6
654 0 6
655 0 6
656 0 6
657 0 6
658 0 6
659 0 6
660 0 6
661 0 6
662 0 6
663 0 6
664 0 6
665 0 6
666 0 6
667 0 6
668 0 6
669 0 6
670 0 6
671 0 5
672 0 5
673 0 5
674 0 5
675 0 5
676 0 5
677 0 5
678 0 5
679 0 5
680 0 5
681 0 5
682 0 5
683 0 5
684 0 5
685 0 5
686 0 5
687 1 5
688 1 5
689 1 5
690 1 5
691 1 5
692 1 5
693 1 6
694 1 6
695 1 6
696 1 6
697 1 6
698 1 6
699 1 6
700 1 6
701 1 6
702 1 6
703 1 6
704 1 6
705 1 6
706 1 6
707 1 6
708 1 6
709 1 6
710 1 6
711 1 6
712 1 6
713 1 6
714 1 6
715 1 6
716 1 6
717 1 6
718 1 6
719 1 6
720 1 6
721 1 6
722 1 6
723 1 6
724 1 6
725 1 6
726 1 6
727 1 6
728 1 6
729 1 6
730 1 6
731 1 7
732 1 7
733 1 7
734 1 7
735 1 7
736 1 7
737 1 7
738 1 7
739 1 7
740 1 7
741 1 7
742 1 7
743 1 7
744 1 7
745 1 7
746 1 7
747 1 7
748 1 7
749 1 7
750 1 7
751 1 7
752 1 7
753 1 7
754 1 7
755 1 7
756 1 7
757 1 7
758 1 7
759 1 7
760 1 7
761 1 7
762 1 7
763 1 7
764 1 7
765 1 7
766 1 7
767 1 7
768 1 7
769 1 7
770 1 7
771 1 7
772 1 7
773 1 7
774 1 7
775 1 7
776 1 7
777 1 7
778 1 7
779 1 7
780 1 7
781 1 7
782 1 7
783 1 7
784 1 7
785 1 7
786 1 7
787 1 7
788 1 7
789 1 7
790 1 7
791 1 7
792 1 7
793 1 7
794 1 7
795 1 7
796 1 7
797 1 7
798 1 7
799 1 7
800 1 7
801 1 7
802 1 7
803 1 7
804 1 7
805 1 7
806 1 7
807 1 7
808 1 7
809 1 7
810 1 7
811 1 7
812 1 7
813 1 7
814 1 7
815 1 7
816 1 7
817 1 7
818 1 7
819 1 7
820 1 7
821 1 7
822 1 7
823 1 7
824 1 7
825 1 7
826 1 7
827 1 7
828 1 7
829 1 7
830 1 8
831 1 8
832 1 8
833 1 8
834 1 8
835 1 8
836 1 8
837 1 8
838 1 8
839 1 8
840 1 8
841 1 8
842 1 8
843 1 7
844 1 7
845 1 8
846 1 8
847 1 8
848 1 8
849 1 8
850 1 8
851 1 8
852 1 8
853 1 8
854 1 8
855 1 8
856 1 8
857 1 8
858 1 8
859 1 8
860 1 8
861 1 8
862 1 8
863 1 8
864 1 8
865 1 8
866 1 8
867 1 8
868 1 8
869 1 8
870 1 8
871 1 8
872 1 8
873 1 8
874 1 8
875 1 8
876 1 8
877 1 8
878 1 8
879 1 8
880 1 8
881 1 8
882 1 8
883 1 8
884 1 8
885 1 8
886 1 8
887 1 8
888 1 8
889 1 8
890 1 8
891 1 8
892 1 8
893 1 8
894 1 8
895 1 8
896 1 8
897 1 8
898 1 8
899 1 8
900 1 8
901 1 8
902 1 8
903 1 8
904 1 8
905 1 8
906 1 8
907 1 8
908 1 8
909 1 8
910 1 8
911 1 8
912 1 8
913 1 8
914 1 8
915 1 8
916 1 8
917 1 8
918 1 8
919 1 8
920 1 8
921 1 8
922 1 8
923 1 8
924 1 8
925 1 8
926 1 8
927 1 8
928 1 8
929 1 8
930 1 8
931 1 8
932 1 8
933 1 8
934 1 8
935 1 8
936 1 8
937 1 8
938 1 8
939 1 8
940 1 8
941 1 8
942 1 8
943 1 8
944 1 8
945 1 8
946 1 8
947 1 8
948 1 8
949 1 8
950 1 8
951 1 8
952 1 8
953 1 8
954 1 8
955 1 8
956 1 8
957 1 8
958 1 8
959 1 8
960 1 8
961 1 8
962 1 8
963 1 8
964 1 8
965 1 7
966 1 7
967 1 7
968 1 7
969 1 7
970 1 7
971 1 7
972 1 7
973 1 7
974 1 7
975 1 7
976 1 7
977 1 7
978 1 7
979 1 7
980 1 7
981 1 7
982 1 7
983 1 7
984 1 7
985 1 7
986 1 7
987 1 7
988 1 7
989 1 7
990 1 7
991 1 7
992 1 7
993 1 7
994 1 7
995 1 7
996 1 7
997 1 7
998 1 7
999 1 7
1000 1 7
1001 1 7
1002 1 7
1003 1 7
1004 1 7
1005 1 7
1006 1 7
1007 1 7
1008 1 7
1009 1 7
1010 1 7
1011 1 7
1012 1 7
1013 1 7
1014 1 7
1015 1 7
1016 1 7
1017 1 7
1018 1 7
1019 1 7
1020 1 7
1021 1 7
1022 1 7
1023 1 7
1024 1 7
1025 1 7
1026 1 7
1027 1 7
1028 1 7
1029 1 7
1030 1 7
1031 1 7
1032 1 7
1033 1 7
1034 1 7
1035 1 7
1036 1 7
1037 1 7
1038 1 7
1039 1 7
1040 1 7
1041 1 7
1042 1 7
1043 1 7
1044 1 7
1045 1 7
1046 1 7
1047 1 7
1048 1 7
1049 1 7
1050 1 7
1051 1 7
1052 1 7
1053 1 7
1054 1 7
1055 1 7
1056 1 7
1057 1 7
1058 1 7
1059 1 7
1060 1 7
1061 1 7
1062 1 7
1063 1 7
1064 1 7
1065 1 7
1066 1 7
1067 1 7
1068 1 7
1069 1 7
1070 1 7
1071 1 7
1072 1 7
1073 1 7
1074 1 7
1075 1 7
1076 1 7
1077 1 7
1078 1 7
1079 1 7
1080 1 7
1081 1 7
1082 1 7
1083 1 7
1084 1 7
1085 1 7
1086 1 7
1087 1 7
1088 1 7
1089 1 7
1090 1 7
1091 1 7
1092 1 7
1093 1 7
1094 1 7
1095 1 7
1096 1 7
1097 1 7
1098 1 7
1099 1 7
1100 1 7
1101 1 7
1102 1 7
1103 1 7
1104 1 7
1105 1 7
1106 1 7
1107 1 7
1108 1 7
1109 1 7
1110 1 7
1111 1 7
1112 1 7
1113 1 7
1114 1 7
1115 1 7
1116 1 7
1117 1 7
1118 1 7
1119 1 7
1120 1 7
1121 1 7
1122 1 6
1123 1 6
1124 1 6
1125 1 6
1126 1 6
1127 1 6
1128 1 6
1129 1 6
1130 1 6
1131 1 6
1132 1 6
1133 1 6
1134 1 6
1135 1 6
1136 1 6
1137 1 6
1138 1 6
1139 2 6
1140 2 6
1141 2 6
1142 2 6
1143 2 6
1144 2 6
1145 2 6
1146 2 6
1147 2 6
1148 2 6
1149 2 6
1150 2 6
1151 2 6
1152 2 6
1153 2 6
1154 2 6
1155 2 6
1156 2 6
1157 2 6
1158 2 6
1159 2 6
1160 2 6
1161 2 6
1162 2 6
1163 2 6
1164 2 6
1165 2 6
1166 2 6
1167 2 6
1168 2 6
1169 2 6
1170 2 6
1171 2 6
1172 2 6
1173 2 6
1174 2 6
1175 2 6
1176 2 6
1177 2 6
1178 2 6
1179 2 6
1180 2 6
1181 2 6
1182 2 6
1183 2 6
1184 2 6
1185 2 6
1186 2 6
1187 2 6
1188 2 6
1189 2 6
1190 2 6
1191 2 6
1192 2 6
1193 2 6
1194 2 6
1195 2 6
1196 2 6
1197 2 6
1198 2 6
1199 2 6
1200 2 6
1201 2 6
1202 2 6
1203 2 6
1204 2 6
1205 2 6
1206 2 6
1207 2 6
1208 2 6
1209 2 6
1210 2 6
1211 2 6
1212 2 6
1213 2 6
1214 2 6
1215 2 6
1216 2 6
1217 2 6
1218 2 6
1219 2 6
1220 2 6
1221 2 6
1222 2 6
1223 2 6
1224 2 6
1225 2 6
1226 2 6
1227 2 6
1228 2 6
1229 2 6
1230 2 6
1231 2 6
1232 2 6
1233 2 6
1234 2 6
1235 2 6
1236 2 6
1237 2 6
1238 2 6
1239 2 6
1240 2 6
1241 2 6
1242 2 6
1243 2 6
1244 2 6
1245 2 6
1246 2 6
1247 2 6
1248 2 6
1249 2 6
1250 2 6
1251 2 6
1252 2 6
1253 2 6
1254 2 6
1255 2 6
1256 2 6
1257 2 6
1258 2 6
1259 2 6
1260 2 6
1261 2 6
1262 2 6
1263 2 6
1264 2 6
1265 2 6
1266 2 6
1267 2 6
1268 2 6
1269 2 6
1270 2 6
1271 2 6
1272 2 6
1273 2 6
1274 2 6
1275 2 6
1276 2 6
1277 2 6
1278 2 6
1279 2 6
1280 2 6
1281 2 6
1282 2 6
1283 2 6
1284 2 6
1285 2 6
1286 2 6
1287 2 6
1288 2 6
1289 2 6
1290 2 6
1291 2 6
1292 2 6
1293 2 6
1294 2 6
1295 2 6
1296 2 6
1297 2 6
1298 2 6
1299 2 6
1300 2 6
1301 2 6
1302 2 6
1303 2 6
1304 2 6
1305 2 7
1306 2 7
1307 2 7
1308 2 7
1309 2 7
1310 2 7
1311 2 7
1312 2 7
1313 2 7
1314 2 7
1315 2 7
1316 2 7
1317 2 7
1318 2 7
1319 2 7
1320 2 7
1321 2 7
1322 2 7
1323 2 7
1324 2 7
1325 2 7
1326 2 7
1327 2 7
1328 2 7
1329 2 7
1330 2 7
1331 2 7
1332 2 7
1333 2 7
1334 2 7
1335 2 7
1336 2 7
1337 2 7
1338 2 7
1339 2 7
1340 2 7
1341 2 7
1342 2 7
1343 2 7
1344 2 7
1345 2 7
1346 2 7
1347 2 7
1348 2 7
1349 2 7
1350 2 7
1351 2 7
1352 2 7
1353 2 7
1354 2 7
1355 2 7
1356 2 7
1357 2 7
1358 2 7
1359 2 7
1360 2 7
1361 2 7
1362 2 7
1363 2 7
1364 2 7
1365 2 8
1366 2 8
1367 2 8
1368 2 8
1369 2 8
1370 2 8
1371 2 8
1372 2 8
1373 2 8
1374 2 8
1375 2 8
1376 2 8
1377 2 8
1378 2 8
1379 2 8
1380 2 8
1381 2 8
1382 2 8
1383 2 8
1384 2 8
1385 2 8
1386 2 8
1387 2 8
1388 2 8
1389 2 8
1390 2 8
1391 2 8
1392 2 8
1393 2 8
1394 2 8
1395 2 8
1396 2 8
1397 2 8
1398 2 8
1399 2 8
1400 2 8
1401 2 8
1402 2 8
1403 2 8
1404 2 8
1405 2 8
1406 2 8
1407 2 8
1408 2 8
1409 2 8
1410 2 7
1411 2 7
1412 2 7
1413 2 7
1414 2 7
1415 2 7
1416 2 7
1417 2 7
1418 2 7
1419 2 7
1420 2 7
1421 2 7
1422 2 7
1423 2 7
1424 2 7
1425 2 7
1426 2 7
1427 2 7
1428 2 7
1429 2 7
1430 2 7
1431 2 7
1432 2 7
1433 2 7
1434 2 7
1435 2 7
1436 2 7
1437 2 8
1438 2 8
1439 2 8
1440 2 8
1441 2 8
1442 2 8
1443 2 8
1444 2 8
1445 2 8
1446 2 8
1447 2 8
1448 2 8
1449 2 8
1450 2 8
1451 2 8
1452 2 8
1453 2 8
1454 2 8
1455 2 8
1456 2 8
1457 2 8
1458 2 8
1459 2 8
1460 2 8
1461 2 8
1462 2 9
1463 2 8
1464 2 8
1465 3 9
1466 3 9
1467 3 9
1468 3 9
1469 3 9
1470 3 9
1471 3 9
1472 3 9
1473 3 9
1474 3 9
1475 3 9
1476 3 9
1477 3 9
1478 3 9
1479 3 9
1480 3 9
1481 3 9
1482 3 9
1483 3 9
1484 3 9
1485 3 9
1486 3 9
1487 3 9
1488 3 9
1489 3 9
1490 3 9
1491 3 9
1492 3 9
1493 3 9
1494 3 9
1495 3 9
1496 3 9
1497 3 9
1498 3 9
1499 3 9
1500 3 9
1501 3 9
1502 3 9
1503 3 9
1504 3 9
1505 3 9
1506 3 9
1507 3 9
1508 3 9
1509 3 9
1510 3 9
1511 3 10
1512 3 10
1513 3 10
1514 3 10
1515 3 10
1516 3 10
1517 3 10
1518 3 10
1519 3 10
1520 3 10
1521 3 10
1522 3 10
1523 3 10
1524 3 10
1525 3 10
1526 3 10
1527 3 10
1528 3 10
1529 3 10
1530 3 10
1531 3 10
1532 3 10
1533 3 10
1534 3 10
1535 3 10
1536 3 10
1537 3 10
1538 3 10
1539 3 10
1540 3 10
1541 3 10
1542 3 10
1543 3 10
1544 3 10
1545 3 10
1546 3 10
1547 3 10
1548 3 10
1549 3 10
1550 3 10
1551 3 10
1552 3 10
1553 3 10
1554 3 10
1555 3 10
1556 3 10
1557 3 10
1558 3 10
1559 3 10
1560 3 10
1561 3 10
1562 3 10
1563 3 10
1564 3 10
1565 3 10
1566 3 10
1567 3 10
1568 3 10
1569 3 10
1570 3 10
1571 3 10
1572 3 10
1573 3 10
1574 3 10
1575 3 10
1576 3 10
1577 3 10
1578 3 10
1579 3 10
1580 3 10
1581 3 10
1582 3 10
1583 3 10
1584 3 10
1585 3 10
1586 3 11
1587 3 11
1588 3 11
1589 3 11
1590 3 11
1591 3 11
1592 3 11
1593 3 11
1594 3 11
1595 3 11
1596 3 11
1597 3 11
1598 3 11
1599 3 11
1600 3 11
1601 3 11
1602 3 11
1603 3 11
1604 3 11
1605 3 11
1606 3 11
1607 3 11
1608 3 11
1609 3 11
1610 3 11
1611 3 11
1612 3 11
1613 3 11
1614 3 11
1615 3 11
1616 3 11
1617 3 11
1618 3 11
1619 3 12
1620 3 12
1621 3 12
1622 3 12
1623 3 12
1624 3 12
1625 3 12
1626 3 12
1627 3 12
1628 3 12
1629 3 12
1630 3 12
1631 3 12
1632 3 12
1633 3 12
1634 3 12
1635 3 12
1636 3 12
1637 3 12
1638 3 12
1639 3 12
1640 3 12
1641 3 12
1642 3 12
1643 3 12
1644 3 12
1645 3 12
1646 3 12
1647 3 12
1648 3 12
1649 3 12
1650 3 12
1651 3 12
1652 3 12
1653 3 12
1654 3 12
1655 3 12
1656 3 12
1657 3 12
1658 3 12
1659 3 12
1660 3 12
1661 3 12
1662 3 12
1663 3 12
1664 3 12
1665 3 12
1666 3 12
1667 3 12
1668 3 12
1669 3 12
1670 3 12
1671 3 12
1672 3 12
1673 3 12
1674 4 13
1675 4 13
1676 4 13
1677 4 13
1678 4 13
1679 4 13
1680 4 13
1681 4 14
1682 4 14
1683 4 14
1684 4 14
1685 4 14
1686 4 14
1687 4 14
1688 4 14
1689 4 14
1690 4 14
1691 4 14
1692 4 14
1693 4 14
1694 4 14
1695 4 14
1696 4 14
1697 4 14
1698 4 14
1699 4 14
1700 4 14
1701 4 14
1702 4 14
1703 4 14
1704 4 14
1705 4 14
1706 4 14
1707 4 14
1708 4 14
1709 4 14
1710 4 14
1711 4 14
1712 4 14
1713 4 14
1714 4 14
1715 4 15
1716 4 15
1717 4 15
1718 4 15
1719 4 15
1720 4 15
1721 4 15
1722 4 15
1723 4 15
1724 4 15
1725 4 15
1726 4 15
1727 4 15
1728 4 15
1729 4 15
1730 4 15
1731 4 15
1732 4 15
1733 4 15
1734 4 15
1735 4 15
1736 4 15
1737 4 15
1738 4 15
1739 4 15
1740 4 15
1741 4 15
1742 4 15
1743 4 15
1744 4 15
1745 4 15
1746 4 15
1747 4 15
1748 4 15
1749 4 16
1750 4 16
1751 4 16
1752 4 16
1753 4 16
1754 4 16
1755 4 16
1756 4 17
1757 4 16
1758 4 16
1759 4 16
1760 4 16
1761 4 16
1762 4 16
1763 4 16
1764 4 16
1765 4 16
1766 4 17
1767 4 17
1768 4 17
1769 4 17
1770 4 17
1771 4 17
1772 4 17
1773 4 17
1774 4 17
1775 4 17
1776 4 17
1777 4 17
1778 4 17
1779 4 17
1780 4 17
1781 4 17
1782 4 17
1783 4 17
1784 4 17
1785 4 17
1786 4 17
1787 4 17
1788 4 17
1789 4 17
1790 4 17
1791 4 17
1792 4 17
1793 4 17
1794 4 17
1795 4 17
1796 4 17
1797 4 17
1798 4 17
1799 4 17
1800 4 17
1801 4 17
1802 4 17
1803 4 17
1804 4 17
1805 4 17
1806 4 17
1807 4 17
1808 4 17
1809 4 17
1810 4 18
1811 4 18
1812 4 18
1813 4 18
1814 4 18
1815 4 18
1816 4 18
1817 4 18
1818 4 18
1819 4 18
1820 4 18
1821 4 18
1822 4 18
1823 4 18
1824 4 18
1825 4 18
1826 4 18
1827 4 18
1828 4 18
1829 4 18
1830 4 18
1831 4 18
1832 4 18
1833 4 18
1834 4 18
1835 4 18
1836 4 18
1837 4 18
1838 4 18
1839 4 18
1840 4 18
1841 4 18
1842 4 18
1843 4 18
1844 4 18
1845 4 18
1846 4 18
1847 4 18
1848 4 18
1849 4 19
1850 5 19
1851 5 19
1852 5 19
1853 5 19
1854 5 19
1855 5 19
1856 5 19
1857 5 19
1858 5 18
1859 5 18
1860 5 18
1861 5 18
1862 5 18
1863 5 18
1864 5 18
1865 5 18
1866 5 18
1867 5 18
1868 5 18
1869 5 18
1870 5 18
1871 5 18
1872 5 18
1873 5 19
1874 5 19
1875 5 18
1876 5 18
1877 5 18
1878 5 18
1879 5 18
1880 5 18
1881 5 18
1882 5 18
1883 5 18
1884 5 18
1885 5 18
1886 5 18
1887 5 18
1888 5 18
1889 5 18
1890 5 18
1891 5 19
1892 5 19
1893 5 19
1894 5 19
1895 5 19
1896 5 19
1897 5 19
1898 5 19
1899 5 19
1900 5 19
1901 5 19
1902 5 19
1903 5 19
1904 5 19
1905 5 19
1906 5 19
1907 5 19
1908 5 19
1909 5 19
1910 5 19
1911 5 19
1912 5 19
1913 5 19
1914 5 19
1915 5 19
1916 5 19
1917 5 19
1918 5 19
1919 5 19
1920 5 19
1921 5 19
1922 5 19
1923 5 19
1924 5 19
1925 5 19
1926 5 19
1927 5 19
1928 5 19
1929 5 19
1930 5 19
1931 5 19
1932 5 19
1933 5 19
1934 5 19
1935 5 20
1936 5 20
1937 5 20
1938 5 20
1939 5 20
1940 5 20
1941 5 20
1942 5 20
1943 5 20
1944 5 20
1945 5 20
1946 5 20
1947 5 20
1948 5 20
1949 5 20
1950 5 20
1951 5 20
1952 5 20
1953 5 20
1954 5 20
1955 5 20
1956 5 21
1957 5 21
1958 5 21
1959 5 21
1960 5 21
1961 5 21
1962 5 21
1963 5 21
1964 5 21
1965 5 21
1966 5 21
1967 5 21
1968 5 21
1969 5 21
1970 5 21
1971 5 21
1972 5 21
1973 5 21
1974 5 21
1975 5 21
1976 5 21
1977 5 21
1978 5 21
1979 5 21
1980 5 21
1981 5 21
1982 5 21
1983 5 21
1984 5 21
1985 5 21
1986 5 21
1987 5 22
1988 5 22
1989 5 22
1990 5 22
1991 5 22
1992 5 22
1993 5 22
1994 5 22
1995 5 22
1996 5 22
1997 5 22
1998 6 22
1999 6 22
2000 6 22
2001 6 22
2002 6 22
2003 6 22
2004 6 22
2005 6 22
2006 6 22
2007 6 22
2008 6 22
2009 6 22
2010 6 22
2011 6 22
2012 6 22
2013 6 22
2014 6 22
2015 6 22
2016 6 22
2017 6 22
2018 6 22
2019 6 22
2020 6 22
2021 6 22
2022 6 22
2023 6 22
2024 6 22
2025 6 22
2026 6 22
2027 6 22
2028 6 22
2029 6 22
2030 6 22
2031 6 22
2032 6 22
2033 6 22
2034 6 22
2035 6 22
2036 6 22
2037 6 22
2038 6 22
2039 6 22
2040 6 22
2041 6 22
2042 6 22
2043 6 22
2044 6 22
2045 6 22
2046 6 22
2047 6 22
2048 6 22
2049 6 22
2050 6 22
2051 6 22
2052 6 22
2053 6 22
2054 6 22
2055 6 22
2056 6 22
2057 6 22
2058 6 22
2059 6 22
2060 6 22
2061 6 22
2062 6 23
2063 6 23
2064 6 23
2065 6 23
2066 6 23
2067 6 23
2068 6 23
2069 6 23
2070 6 23
2071 6 23
2072 6 23
2073 6 23
2074 6 23
2075 6 23
2076 6 23
2077 6 23
2078 6 23
2079 6 23
2080 6 23
2081 6 22
2082 6 22
2083 6 22
2084 6 22
2085 6 22
2086 6 23
2087 6 23
2088 6 23
2089 6 23
2090 6 23
2091 6 23
2092 6 23
2093 6 23
2094 6 23
2095 6 23
2096 6 23
2097 6 23
2098 6 23
2099 6 23
2100 6 23
2101 6 23
2102 6 23
2103 6 23
2104 6 23
2105 6 23
2106 6 23
2107 6 23
2108 6 23
2109 6 23
2110 6 23
2111 6 23
2112 6 23
2113 6 23
2114 6 23
2115 6 23
2116 6 23
2117 6 23
2118 7 23
2119 7 23
2120 7 23
2121 7 23
2122 7 23
2123 7 23
2124 7 24
2125 7 24
2126 7 24
2127 7 24
2128 7 24
2129 7 24
2130 7 24
2131 7 23
2132 7 23
2133 7 24
2134 7 24
2135 7 24
2136 7 24
2137 7 24
2138 7 24
2139 7 24
2140 7 24
2141 7 24
2142 7 24
2143 7 24
2144 7 24
2145 7 24
2146 7 24
2147 7 24
2148 7 24
2149 7 24
2150 7 24
2151 7 24
2152 7 24
2153 7 25
2154 7 25
2155 7 25
2156 7 25
2157 7 25
2158 7 25
2159 7 25
2160 7 25
2161 7 25
2162 7 25
2163 7 25
2164 7 25
2165 7 25
2166 7 25
2167 7 25
2168 7 25
2169 7 25
2170 7 25
2171 7 25
2172 7 25
2173 7 25
2174 7 25
2175 7 25
2176 7 25
2177 7 25
2178 7 26
2179 7 26
2180 7 26
2181 7 26
2182 7 26
2183 7 26
2184 7 26
2185 7 26
2186 7 26
2187 7 26
2188 7 26
2189 7 26
2190 7 26
2191 7 26
2192 7 26
2193 7 26
2194 7 26
2195 7 26
2196 7 26
2197 7 26
2198 7 26
2199 7 26
2200 7 26
2201 7 26
2202 7 26
2203 7 26
2204 7 26
2205 7 26
2206 7 26
2207 7 26
2208 8 26
2209 8 26
2210 8 26
2211 8 26
2212 8 26
2213 8 26
2214 8 26
2215 8 26
2216 8 26
2217 8 26
2218 8 26
2219 8 26
2220 8 26
2221 8 26
2222 8 26
2223 8 26
2224 8 26
2225 8 26
2226 8 26
2227 8 26
2228 8 26
2229 8 26
2230 8 26
2231 8 26
2232 8 26
2233 8 26
2234 8 26
2235 8 26
2236 8 26
2237 8 26
2238 8 26
2239 8 26
2240 8 26
2241 8 26
2242 8 27
2243 8 27
2244 8 27
2245 8 27
2246 8 27
2247 8 27
2248 8 27
2249 8 27
2250 8 27
2251 8 27
2252 8 27
2253 8 27
2254 8 27
2255 8 27
2256 8 27
2257 8 28
2258 8 28
2259 8 28
2260 8 28
2261 8 28
2262 8 28
2263 8 28
2264 8 28
2265 8 28
2266 8 28
2267 8 28
2268 8 28
2269 8 28
2270 8 28
2271 8 28
2272 8 28
2273 8 28
2274 8 28
2275 9 28
2276 9 28
2277 9 28
2278 9 28
2279 9 28
2280 9 28
2281 9 28
2282 9 28
2283 9 28
2284 9 28
2285 9 28
2286 9 28
2287 9 28
2288 9 28
2289 9 28
2290 9 28
2291 9 28
2292 9 28
2293 9 28
2294 9 28
2295 9 28
2296 9 28
2297 9 28
2298 9 28
2299 9 28
2300 9 28
2301 9 28
2302 9 29
2303 9 29
2304 9 29
2305 9 29
2306 9 29
2307 9 29
2308 9 29
2309 9 29
2310 9 29
2311 9 29
2312 9 29
2313 9 29
2314 9 29
2315 9 29
2316 9 29
2317 9 29
2318 9 29
2319 9 29
2320 9 29
2321 9 29
2322 9 29
2323 9 29
2324 9 29
2325 9 29
2326 9 29
2327 9 29
2328 9 29
2329 9 29
2330 9 29
2331 9 29
2332 9 29
2333 9 29
2334 9 29
2335 9 29
2336 9 29
2337 9 29
2338 9 29
2339 9 29
2340 10 29
2341 10 29
2342 10 29
2343 10 29
2344 10 29
2345 10 29
2346 10 29
2347 10 29
2348 10 29
2349 10 29
2350 10 29
2351 10 29
2352 10 29
2353 10 29
2354 10 29
2355 10 29
2356 10 29
2357 10 29
2358 10 29
2359 10 29
2360 10 30
2361 10 30
2362 10 30
2363 10 30
2364 10 30
2365 10 30
2366 10 30
2367 10 30
2368 10 30
2369 10 30
2370 10 30
2371 10 30
2372 10 30
2373 10 30
2374 10 30
2375 10 30
2376 10 30
2377 10 30
2378 10 30
2379 10 30
2380 10 30
2381 10 30
2382 10 30
2383 10 30
2384 10 30
2385 10 30
2386 10 30
2387 10 30
2388 10 30
2389 10 30
2390 10 30
2391 10 30
2392 10 30
2393 10 30
2394 10 30
2395 10 30
2396 10 30
2397 10 30
2398 10 31
2399 10 31
2400 10 31
2401 10 31
2402 10 31
2403 10 31
2404 10 31
2405 10 31
2406 10 31
2407 10 31
2408 10 31
2409 10 31
2410 11 31
2411 11 31
2412 11 31
2413 11 31
2414 11 31
2415 11 31
2416 11 31
2417 11 31
2418 11 31
2419 11 31
2420 11 31
2421 11 31
2422 11 31
2423 11 31
2424 11 31
2425 11 31
2426 11 31
2427 11 31
2428 11 31
2429 11 31
2430 11 31
2431 11 32
2432 11 32
2433 11 32
2434 11 32
2435 11 32
2436 11 32
2437 11 32
2438 11 32
2439 11 32
2440 11 32
2441 11 32
2442 11 32
2443 11 32
2444 11 32
2445 11 32
2446 11 32
2447 11 33
2448 11 33
2449 11 33
2450 11 33
2451 11 33
2452 11 33
2453 11 33
2454 11 33
2455 11 33
2456 11 33
2457 11 33
2458 11 33
2459 11 33
2460 11 33
2461 11 33
2462 11 33
2463 11 33
2464 11 33
2465 11 33
2466 11 33
2467 12 33
2468 12 33
2469 12 33
2470 12 33
2471 12 33
2472 12 34
2473 12 34
2474 12 34
2475 12 34
2476 12 34
2477 12 34
2478 12 34
2479 12 34
2480 12 34
2481 12 34
2482 12 34
2483 12 34
2484 12 34
2485 12 34
2486 12 34
2487 12 34
2488 12 34
2489 12 34
2490 12 34
2491 12 34
2492 12 34
2493 12 34
2494 12 34
2495 12 34
2496 12 34
2497 12 34
2498 12 34
2499 13 34
2500 13 34
2501 13 34
2502 13 34
2503 13 34
2504 13 34
2505 13 34
2506 13 34
2507 13 34
2508 13 34
2509 13 34
2510 13 34
2511 13 34
2512 13 34
2513 13 34
2514 13 34
2515 13 34
2516 13 34
2517 13 34
2518 13 34
2519 13 34
2520 13 34
2521 13 35
2522 13 35
2523 13 35
2524 13 35
2525 13 35
2526 13 35
2527 13 35
2528 13 35
2529 13 35
2530 13 35
2531 13 34
2532 14 35
2533 14 35
2534 14 35
2535 14 35
2536 14 35
2537 14 34
2538 14 35
2539 14 35
2540 14 35
2541 14 35
2542 14 35
2543 14 35
2544 14 35
2545 14 35
2546 14 35
2547 14 35
2548 14 35
2549 14 35
2550 14 35
2551 14 35
2552 14 35
2553 14 35
2554 14 35
2555 14 35
2556 14 35
2557 14 35
2558 14 35
2559 14 35
2560 14 35
2561 14 35
2562 14 35
2563 14 35
2564 14 35
2565 14 35
2566 14 35
2567 14 35
2568 14 35
2569 14 35
2570 14 35
2571 15 35
2572 15 35
2573 15 35
2574 15 35
2575 15 35
2576 15 35
2577 15 36
2578 15 36
2579 15 36
2580 15 36
2581 15 36
2582 15 36
2583 15 36
2584 15 36
2585 15 36
2586 15 36
2587 15 36
2588 15 36
2589 15 36
2590 15 36
2591 15 36
2592 15 36
2593 15 36
2594 15 36
2595 15 36
2596 16 36
2597 16 36
2598 16 36
2599 16 36
2600 16 36
2601 16 36
2602 16 36
2603 16 36
2604 16 37
2605 16 37
2606 16 37
2607 16 37
2608 16 37
2609 16 37
2610 16 37
2611 16 37
2612 16 37
2613 16 37
2614 16 37
2615 16 37
2616 16 37
2617 16 37
2618 16 37
2619 16 37
2620 16 37
2621 17 37
2622 17 37
2623 17 37
2624 17 37
2625 17 37
2626 17 37
2627 17 37
2628 17 37
2629 17 37
2630 17 37
2631 17 37
2632 17 37
2633 18 37
2634 18 37
2635 18 37
2636 18 37
2637 18 37
2638 18 37
2639 18 37
2640 18 37
2641 18 37
2642 18 37
2643 18 37
2644 18 37
2645 18 37
2646 18 37
2647 18 37
2648 19 37
2649 19 37
2650 19 37
2651 19 37
2652 19 37
2653 19 37
2654 19 37
2655 19 37
2656 19 37
2657 19 37
2658 19 37
2659 19 37
2660 19 37
2661 19 37
2662 19 37
2663 19 37
2664 19 37
2665 20 37
2666 20 37
2667 20 37
2668 20 37
2669 20 37
2670 20 37
2671 20 37
2672 20 37
2673 21 37
2674 21 37
2675 21 37
2676 21 37
2677 21 37
2678 21 37
2679 21 37
2680 22 37
2681 22 37
2682 22 37
2683 22 37
2684 22 37
2685 23 37
2686 23 38
2687 23 38
2688 23 38
2689 23 37
2690 23 37
2691 23 37
2692 23 37
2693 24 37
2694 24 37
2695 24 37
2696 24 37
2697 24 37
2698 24 37
2699 24 37
2700 24 37
2701 24 37
2702 24 37
2703 24 37
2704 24 37
2705 24 37
2706 25 37
2707 25 37
2708 25 37
2709 25 37
2710 25 38
2711 26 38
2712 26 38
2713 27 38
2714 27 38
2715 27 38
2716 27 38
2717 28 38
2718 28 38
2719 28 38
2720 28 38
2721 28 38
2722 29 38
2723 29 38
2724 29 38
2725 29 38
2726 29 38
2727 29 38
2728 29 38
2729 29 38
2730 30 38
2731 30 38
2732 31 38
2733 31 38
2734 32 38
2735 32 38
2736 33 38
2737 33 38
2738 33 38
2739 33 38
2740 34 38
2741 34 39
2742 34 39
2743 34 39
2744 34 39
2745 35 39
2746 35 39
2747 35 39
2748 35 39
2749 35 39
2750 35 39
2751 35 39
2752 35 39
2753 36 39
2754 36 39
2755 36 39
2756 37 39
2757 37 39
2758 38 39
2759 38 39
2760 38 39
2761 38 39
2762 39 39
2763 39 39
2764 40 39
2765 41 39
2766 42 39
2767 44 39
2768 44 39
2769 45 39
2770 47 39
2771 48 39
2772 48 39
2773 48 39
2774 50 40
2775 55 40
2776 56 40
2777 57 40
2778 61 40
2779 63 40
2780 65 40
2781 72 40
2782 84 40
2783 100 40
