0 0 0
1 0 0
2 0 0
3 0 0
4 0 0
5 0 0
6 0 0
7 0 0
8 0 0
9 0 0
10 0 0
11 0 0
12 0 0
13 0 0
14 0 0
15 0 0
16 0 0
17 0 0
18 0 0
19 0 0
20 0 0
21 0 0
22 0 0
23 0 0
24 0 0
25 0 0
26 0 0
27 0 0
28 0 0
29 0 0
30 0 0
31 0 0
32 0 0
33 0 0
34 0 0
35 0 0
36 0 0
37 0 0
38 0 0
39 0 0
40 0 0
41 0 0
42 0 0
43 0 0
44 0 0
45 0 0
46 0 0
47 0 0
48 0 0
49 0 0
50 0 0
51 0 0
52 0 0
53 0 0
54 0 0
55 0 0
56 0 0
57 0 0
58 0 0
59 0 0
60 0 0
61 0 0
62 0 0
63 0 0
64 0 0
65 0 0
66 0 0
67 0 0
68 0 0
69 0 0
70 0 0
71 0 0
72 0 0
73 0 0
74 0 0
75 0 0
76 0 0
77 0 0
78 0 0
79 0 0
80 0 0
81 0 0
82 0 0
83 0 0
84 0 0
85 0 0
86 0 0
87 0 0
88 0 0
89 0 0
90 0 0
91 0 0
92 0 0
93 0 0
94 0 0
95 0 0
96 0 0
97 0 0
98 0 0
99 0 0
100 0 0
101 0 0
102 0 0
103 0 0
104 0 0
105 0 0
106 0 0
107 0 0
108 0 0
109 0 0
110 0 0
111 0 0
112 0 0
113 0 0
114 0 0
115 0 0
116 0 0
117 0 0
118 0 0
119 0 0
120 0 0
121 0 0
122 0 0
123 0 0
124 0 0
125 0 0
126 0 0
127 0 0
128 0 0
129 0 0
130 0 0
131 0 0
132 0 0
133 0 0
134 0 0
135 0 0
136 0 0
137 0 0
138 0 0
139 0 0
140 0 0
141 0 0
142 0 0
143 0 0
144 0 0
145 0 0
146 0 0
147 0 0
148 0 0
149 0 0
150 0 0
151 0 0
152 0 0
153 0 0
154 0 0
155 0 0
156 0 0
157 0 0
158 0 0
159 0 0
160 0 0
161 0 0
162 0 0
163 0 0
164 0 0
165 0 0
166 0 0
167 0 0
168 0 0
169 0 0
170 0 0
171 0 0
172 0 0
173 0 0
174 0 0
175 0 0
176 0 0
177 0 0
178 0 0
179 0 0
180 0 0
181 0 0
182 0 0
183 0 0
184 0 0
185 0 0
186 0 0
187 0 0
188 0 0
189 0 0
190 0 0
191 0 0
192 0 0
193 0 0
194 0 0
195 0 0
196 0 0
197 0 0
198 0 0
199 0 0
200 0 0
201 0 0
202 0 0
203 0 0
204 0 0
205 0 0
206 0 0
207 0 0
208 0 0
209 0 0
210 0 0
211 0 0
212 0 0
213 0 0
214 0 0
215 0 0
216 0 0
217 0 0
218 0 0
219 0 0
220 0 0
221 0 0
222 0 0
223 0 0
224 0 0
225 0 0
226 0 0
227 0 0
228 0 0
229 0 0
230 0 0
231 0 0
232 0 0
233 0 0
234 0 0
235 0 0
236 0 0
237 0 0
238 0 0
239 0 0
240 0 0
241 0 0
242 0 0
243 0 0
244 0 0
245 0 0
246 0 0
247 0 0
248 0 0
249 0 0
250 0 0
251 0 0
252 0 0
253 0 0
254 0 0
255 0 0
256 0 0
257 0 0
258 0 0
259 0 0
260 0 0
261 0 0
262 0 0
263 0 0
264 0 0
265 0 0
266 0 0
267 0 0
268 0 0
269 0 0
270 0 0
271 0 0
272 0 0
273 0 0
274 0 0
275 0 0
276 0 0
277 0 0
278 0 0
279 0 0
280 0 0
281 0 0
282 0 0
283 0 0
284 0 0
285 0 0
286 0 0
287 0 0
288 0 0
289 0 0
290 0 0
291 0 0
292 0 0
293 0 0
294 0 0
295 0 0
296 0 0
297 0 0
298 0 0
299 0 0
300 0 0
301 0 0
302 0 0
303 0 0
304 0 0
305 0 0
306 0 0
307 0 0
308 0 0
309 0 0
310 0 0
311 0 0
312 0 0
313 0 0
314 0 0
315 0 0
316 0 0
317 0 0
318 0 0
319 0 0
320 0 0
321 0 0
322 0 0
323 0 0
324 0 0
325 0 0
326 0 0
327 0 0
328 0 0
329 0 0
330 0 0
331 0 0
332 0 0
333 0 0
334 0 0
335 0 0
336 0 0
337 0 0
338 0 0
339 0 0
340 0 0
341 0 0
342 0 0
343 0 0
344 0 0
345 0 0
346 0 0
347 0 0
348 0 0
349 0 0
350 0 0
351 0 0
352 0 0
353 0 0
354 0 0
355 0 0
356 0 0
357 0 0
358 0 0
359 0 0
360 0 0
361 0 0
362 0 0
363 0 0
364 0 0
365 0 0
366 0 0
367 0 0
368 0 0
369 0 0
370 0 0
371 0 0
372 0 0
373 0 0
374 0 0
375 0 0
376 0 0
377 0 0
378 0 0
379 0 0
380 0 0
381 0 0
382 0 0
383 0 0
384 0 0
385 0 0
386 0 0
387 0 0
388 0 0
389 0 0
390 0 0
391 0 0
392 0 0
393 0 0
394 0 0
395 0 0
396 0 0
397 0 0
398 0 0
399 0 0
400 0 0
401 0 0
402 0 0
403 0 0
404 0 0
405 0 0
406 0 0
407 0 0
408 0 0
409 0 0
410 0 0
411 0 0
412 0 0
413 0 0
414 0 0
415 0 0
416 0 0
417 0 0
418 0 0
419 0 0
420 0 0
421 0 0
422 0 0
423 0 0
424 0 0
425 0 0
426 0 0
427 0 0
428 0 0
429 0 0
430 0 0
431 0 0
432 0 0
433 0 0
434 0 0
435 0 0
436 0 0
437 0 0
438 0 0
439 0 0
440 0 0
441 0 0
442 0 0
443 0 0
444 0 0
445 0 0
446 0 0
447 0 0
448 0 0
449 0 0
450 0 0
451 0 0
452 0 0
453 0 0
454 0 0
455 0 0
456 0 0
457 0 0
458 0 0
459 0 0
460 0 0
461 0 0
462 0 0
463 0 0
464 0 0
465 0 0
466 0 0
467 0 0
468 0 0
469 0 0
470 0 0
471 0 0
472 0 0
473 0 0
474 0 0
475 0 0
476 0 0
477 0 0
478 0 0
479 0 0
480 0 0
481 0 0
482 0 0
483 0 0
484 0 0
485 0 0
486 0 0
487 0 0
488 0 0
489 0 0
490 0 0
491 0 0
492 0 0
493 0 0
494 0 0
495 0 0
496 0 0
497 0 0
498 0 0
499 0 0
500 0 0
501 0 0
502 0 0
503 0 0
504 0 0
505 0 0
506 0 0
507 0 0
508 0 0
509 0 0
510 0 0
511 0 0
512 0 0
513 0 0
514 0 0
515 0 0
516 0 0
517 0 0
518 0 0
519 0 0
520 0 0
521 0 0
522 0 0
523 0 0
524 0 0
525 0 0
526 0 0
527 0 0
528 0 0
529 0 0
530 0 0
531 0 0
532 0 0
533 0 0
534 0 0
535 0 0
536 0 0
537 0 0
538 0 0
539 0 0
540 0 0
541 0 0
542 0 0
543 0 0
544 0 0
545 0 1
546 0 1
547 0 1
548 0 1
549 0 1
550 0 1
551 0 1
552 0 1
553 0 1
554 0 1
555 0 1
556 0 1
557 0 1
558 0 1
559 0 1
560 0 1
561 0 1
562 0 1
563 0 1
564 0 1
565 0 1
566 0 2
567 0 2
568 0 2
569 0 2
570 0 2
571 0 2
572 0 2
573 0 2
574 0 2
575 0 2
576 0 2
577 0 2
578 0 2
579 0 2
580 0 2
581 0 2
582 0 2
583 0 2
584 0 2
585 0 2
586 0 2
587 0 2
588 0 2
589 0 2
590 0 2
591 0 2
592 0 2
593 0 2
594 0 2
595 0 2
596 0 2
597 0 2
598 0 2
599 0 2
600 0 2
601 0 2
602 0 2
603 0 2
604 0 2
605 0 2
606 0 2
607 0 2
608 0 2
609 0 2
610 0 2
611 0 2
612 0 2
613 0 3
614 0 3
615 0 3
616 0 3
617 0 3
618 0 3
619 0 3
620 0 3
621 0 3
622 0 3
623 0 3
624 0 3
625 0 3
626 0 3
627 0 3
628 0 3
629 0 3
630 0 3
631 0 3
632 0 3
633 0 3
634 0 3
635 0 3
636 0 3
637 0 3
638 0 3
639 0 3
640 0 3
641 0 3
642 0 3
643 0 3
644 0 3
645 0 3
646 0 3
647 0 3
648 0 3
649 0 3
650 0 3
651 0 3
652 0 3
653 0 3
654 0 3
655 0 3
656 0 3
657 0 3
658 0 3
659 0 3
660 0 3
661 0 3
662 0 3
663 0 3
664 0 3
665 0 3
666 0 3
667 0 3
668 0 3
669 0 3
670 0 3
671 0 3
672 0 3
673 0 3
674 0 3
675 0 3
676 0 3
677 0 3
678 0 3
679 0 3
680 0 3
681 0 3
682 0 3
683 0 3
684 0 3
685 0 3
686 0 3
687 1 4
688 1 4
689 1 4
690 1 4
691 1 4
692 1 4
693 1 5
694 1 5
695 1 5
696 1 5
697 1 5
698 1 5
699 1 6
700 1 6
701 1 6
702 1 7
703 1 7
704 1 7
705 1 7
706 1 7
707 1 7
708 1 7
709 1 7
710 1 7
711 1 7
712 1 7
713 1 7
714 1 7
715 1 7
716 1 7
717 1 7
718 1 7
719 1 7
720 1 7
721 1 7
722 1 7
723 1 7
724 1 7
725 1 7
726 1 7
727 1 7
728 1 7
729 1 7
730 1 7
731 1 8
732 1 8
733 1 8
734 1 8
735 1 8
736 1 8
737 1 8
738 1 8
739 1 8
740 1 8
741 1 8
742 1 8
743 1 8
744 1 8
745 1 8
746 1 8
747 1 8
748 1 8
749 1 8
750 1 8
751 1 8
752 1 8
753 1 8
754 1 8
755 1 8
756 1 8
757 1 8
758 1 8
759 1 8
760 1 8
761 1 8
762 1 8
763 1 8
764 1 8
765 1 8
766 1 8
767 1 8
768 1 8
769 1 8
770 1 8
771 1 8
772 1 8
773 1 8
774 1 8
775 1 8
776 1 8
777 1 8
778 1 8
779 1 8
780 1 9
781 1 9
782 1 9
783 1 9
784 1 9
785 1 9
786 1 9
787 1 9
788 1 9
789 1 9
790 1 9
791 1 9
792 1 9
793 1 9
794 1 9
795 1 9
796 1 9
797 1 9
798 1 9
799 1 9
800 1 9
801 1 9
802 1 9
803 1 9
804 1 9
805 1 9
806 1 9
807 1 9
808 1 9
809 1 9
810 1 9
811 1 9
812 1 9
813 1 9
814 1 9
815 1 9
816 1 9
817 1 9
818 1 9
819 1 9
820 1 9
821 1 9
822 1 9
823 1 9
824 1 9
825 1 9
826 1 9
827 1 9
828 1 9
829 1 9
830 1 9
831 1 9
832 1 9
833 1 9
834 1 9
835 1 9
836 1 9
837 1 9
838 1 9
839 1 9
840 1 9
841 1 9
842 1 9
843 1 9
844 1 9
845 1 10
846 1 10
847 1 10
848 1 10
849 1 10
850 1 10
851 1 10
852 1 10
853 1 10
854 1 10
855 1 10
856 1 11
857 1 11
858 1 11
859 1 11
860 1 10
861 1 10
862 1 11
863 1 11
864 1 11
865 1 11
866 1 11
867 1 11
868 1 11
869 1 11
870 1 11
871 1 11
872 1 11
873 1 11
874 1 11
875 1 11
876 1 11
877 1 11
878 1 11
879 1 11
880 1 11
881 1 11
882 1 11
883 1 11
884 1 11
885 1 11
886 1 11
887 1 11
888 1 11
889 1 11
890 1 11
891 1 11
892 1 11
893 1 11
894 1 11
895 1 11
896 1 11
897 1 11
898 1 11
899 1 11
900 1 11
901 1 11
902 1 11
903 1 11
904 1 12
905 1 12
906 1 12
907 1 12
908 1 12
909 1 12
910 1 12
911 1 12
912 1 12
913 1 12
914 1 12
915 1 12
916 1 12
917 1 12
918 1 12
919 1 12
920 1 12
921 1 12
922 1 12
923 1 12
924 1 12
925 1 12
926 1 12
927 1 12
928 1 12
929 1 12
930 1 12
931 1 12
932 1 12
933 1 12
934 1 12
935 1 12
936 1 12
937 1 12
938 1 12
939 1 12
940 1 12
941 1 12
942 1 12
943 1 12
944 1 11
945 1 11
946 1 11
947 1 11
948 1 11
949 1 11
950 1 11
951 1 11
952 1 11
953 1 11
954 1 11
955 1 11
956 1 11
957 1 11
958 1 11
959 1 11
960 1 11
961 1 11
962 1 11
963 1 11
964 1 11
965 1 11
966 1 11
967 1 11
968 1 11
969 1 11
970 1 11
971 1 11
972 1 11
973 1 11
974 1 11
975 1 11
976 1 11
977 1 11
978 1 11
979 1 11
980 1 11
981 1 11
982 1 11
983 1 11
984 1 12
985 1 12
986 1 12
987 1 12
988 1 12
989 1 12
990 1 12
991 1 12
992 1 12
993 1 12
994 1 12
995 1 12
996 1 12
997 1 13
998 1 13
999 1 13
1000 1 13
1001 1 13
1002 1 13
1003 1 13
1004 1 13
1005 1 13
1006 1 13
1007 1 13
1008 1 13
1009 1 13
1010 1 13
1011 1 13
1012 1 13
1013 1 13
1014 1 13
1015 1 13
1016 1 13
1017 1 13
1018 1 13
1019 1 13
1020 1 13
1021 1 13
1022 1 13
1023 1 13
1024 1 13
1025 1 13
1026 1 13
1027 1 13
1028 1 13
1029 1 14
1030 1 14
1031 1 14
1032 1 14
1033 1 14
1034 1 14
1035 1 14
1036 1 14
1037 1 14
1038 1 14
1039 1 14
1040 1 14
1041 1 14
1042 1 14
1043 1 14
1044 1 13
1045 1 13
1046 1 13
1047 1 13
1048 1 13
1049 1 13
1050 1 13
1051 1 13
1052 1 13
1053 1 13
1054 1 13
1055 1 13
1056 1 13
1057 1 13
1058 1 13
1059 1 13
1060 1 13
1061 1 13
1062 1 13
1063 1 13
1064 1 13
1065 1 13
1066 1 13
1067 1 13
1068 1 13
1069 1 13
1070 1 13
1071 1 14
1072 1 14
1073 1 14
1074 1 14
1075 1 14
1076 1 14
1077 1 14
1078 1 14
1079 1 14
1080 1 14
1081 1 14
1082 1 14
1083 1 14
1084 1 14
1085 1 14
1086 1 13
1087 1 13
1088 1 13
1089 1 13
1090 1 13
1091 1 13
1092 1 13
1093 1 13
1094 1 13
1095 1 13
1096 1 13
1097 1 13
1098 1 13
1099 1 13
1100 1 13
1101 1 13
1102 1 13
1103 1 13
1104 1 13
1105 1 13
1106 1 13
1107 1 13
1108 1 13
1109 1 13
1110 1 13
1111 1 13
1112 1 13
1113 1 13
1114 1 13
1115 1 13
1116 1 13
1117 1 13
1118 1 13
1119 1 13
1120 1 13
1121 1 13
1122 1 13
1123 1 13
1124 1 13
1125 1 13
1126 1 13
1127 1 13
1128 1 13
1129 1 13
1130 1 13
1131 1 13
1132 1 13
1133 1 13
1134 1 13
1135 1 13
1136 1 13
1137 1 13
1138 1 13
1139 2 13
1140 2 13
1141 2 12
1142 2 12
1143 2 12
1144 2 12
1145 2 12
1146 2 12
1147 2 12
1148 2 12
1149 2 12
1150 2 12
1151 2 12
1152 2 12
1153 2 12
1154 2 12
1155 2 12
1156 2 12
1157 2 12
1158 2 12
1159 2 12
1160 2 12
1161 2 12
1162 2 12
1163 2 12
1164 2 12
1165 2 12
1166 2 12
1167 2 12
1168 2 12
1169 2 12
1170 2 12
1171 2 12
1172 2 12
1173 2 12
1174 2 12
1175 2 12
1176 2 12
1177 2 12
1178 2 12
1179 2 12
1180 2 12
1181 2 12
1182 2 12
1183 2 12
1184 2 12
1185 2 12
1186 2 12
1187 2 12
1188 2 12
1189 2 12
1190 2 12
1191 2 12
1192 2 12
1193 2 12
1194 2 12
1195 2 12
1196 2 12
1197 2 12
1198 2 12
1199 2 12
1200 2 12
1201 2 12
1202 2 12
1203 2 12
1204 2 12
1205 2 12
1206 2 12
1207 2 12
1208 2 12
1209 2 12
1210 2 12
1211 2 12
1212 2 12
1213 2 12
1214 2 12
1215 2 12
1216 2 12
1217 2 12
1218 2 12
1219 2 12
1220 2 12
1221 2 12
1222 2 12
1223 2 12
1224 2 12
1225 2 12
1226 2 12
1227 2 12
1228 2 12
1229 2 12
1230 2 12
1231 2 12
1232 2 12
1233 2 12
1234 2 12
1235 2 12
1236 2 12
1237 2 12
1238 2 12
1239 2 12
1240 2 12
1241 2 12
1242 2 12
1243 2 12
1244 2 12
1245 2 12
1246 2 12
1247 2 12
1248 2 12
1249 2 12
1250 2 12
1251 2 12
1252 2 13
1253 2 13
1254 2 12
1255 2 12
1256 2 12
1257 2 12
1258 2 12
1259 2 12
1260 2 12
1261 2 12
1262 2 12
1263 2 12
1264 2 12
1265 2 12
1266 2 12
1267 2 12
1268 2 12
1269 2 12
1270 2 12
1271 2 12
1272 2 12
1273 2 12
1274 2 12
1275 2 12
1276 2 12
1277 2 12
1278 2 12
1279 2 12
1280 2 12
1281 2 12
1282 2 12
1283 2 12
1284 2 12
1285 2 12
1286 2 12
1287 2 12
1288 2 12
1289 2 12
1290 2 12
1291 2 13
1292 2 13
1293 2 13
1294 2 13
1295 2 13
1296 2 13
1297 2 13
1298 2 13
1299 2 13
1300 2 13
1301 2 13
1302 2 13
1303 2 13
1304 2 13
1305 2 13
1306 2 13
1307 2 13
1308 2 13
1309 2 13
1310 2 13
1311 2 13
1312 2 13
1313 2 13
1314 2 13
1315 2 13
1316 2 13
1317 2 13
1318 2 13
1319 2 13
1320 2 13
1321 2 13
1322 2 13
1323 2 13
1324 2 13
1325 2 13
1326 2 13
1327 2 13
1328 2 13
1329 2 13
1330 2 13
1331 2 13
1332 2 13
1333 2 13
1334 2 13
1335 2 13
1336 2 13
1337 2 13
1338 2 13
1339 2 13
1340 2 13
1341 2 13
1342 2 13
1343 2 13
1344 2 13
1345 2 13
1346 2 13
1347 2 13
1348 2 13
1349 2 13
1350 2 13
1351 2 13
1352 2 13
1353 2 13
1354 2 13
1355 2 13
1356 2 13
1357 2 13
1358 2 13
1359 2 13
1360 2 13
1361 2 13
1362 2 13
1363 2 13
1364 2 13
1365 2 13
1366 2 13
1367 2 13
1368 2 13
1369 2 13
1370 2 13
1371 2 13
1372 2 13
1373 2 13
1374 2 13
1375 2 13
1376 2 13
1377 2 13
1378 2 13
1379 2 13
1380 2 13
1381 2 13
1382 2 13
1383 2 13
1384 2 13
1385 2 13
1386 2 13
1387 2 13
1388 2 13
1389 2 13
1390 2 13
1391 2 13
1392 2 13
1393 2 13
1394 2 13
1395 2 13
1396 2 13
1397 2 13
1398 2 13
1399 2 13
1400 2 13
1401 2 13
1402 2 13
1403 2 13
1404 2 13
1405 2 12
1406 2 12
1407 2 12
1408 2 12
1409 2 12
1410 2 12
1411 2 12
1412 2 12
1413 2 12
1414 2 12
1415 2 12
1416 2 12
1417 2 12
1418 2 12
1419 2 12
1420 2 12
1421 2 12
1422 2 12
1423 2 12
1424 2 12
1425 2 12
1426 2 12
1427 2 12
1428 2 12
1429 2 12
1430 2 12
1431 2 12
1432 2 12
1433 2 12
1434 2 12
1435 2 12
1436 2 12
1437 2 12
1438 2 12
1439 2 12
1440 2 12
1441 2 12
1442 2 12
1443 2 12
1444 2 12
1445 2 12
1446 2 12
1447 2 12
1448 2 12
1449 2 12
1450 2 12
1451 2 12
1452 2 12
1453 2 12
1454 2 12
1455 2 12
1456 2 12
1457 2 12
1458 2 12
1459 2 12
1460 2 12
1461 2 12
1462 2 12
1463 2 12
1464 2 12
1465 3 13
1466 3 13
1467 3 13
1468 3 13
1469 3 13
1470 3 13
1471 3 13
1472 3 13
1473 3 13
1474 3 13
1475 3 13
1476 3 13
1477 3 13
1478 3 13
1479 3 13
1480 3 13
1481 3 13
1482 3 13
1483 3 13
1484 3 13
1485 3 13
1486 3 13
1487 3 13
1488 3 13
1489 3 13
1490 3 13
1491 3 13
1492 3 12
1493 3 12
1494 3 12
1495 3 12
1496 3 12
1497 3 12
1498 3 12
1499 3 12
1500 3 12
1501 3 12
1502 3 12
1503 3 12
1504 3 12
1505 3 12
1506 3 13
1507 3 13
1508 3 13
1509 3 13
1510 3 13
1511 3 13
1512 3 13
1513 3 13
1514 3 13
1515 3 13
1516 3 13
1517 3 13
1518 3 13
1519 3 13
1520 3 13
1521 3 13
1522 3 13
1523 3 13
1524 3 13
1525 3 13
1526 3 13
1527 3 13
1528 3 13
1529 3 13
1530 3 13
1531 3 14
1532 3 14
1533 3 14
1534 3 14
1535 3 14
1536 3 14
1537 3 14
1538 3 14
1539 3 14
1540 3 14
1541 3 14
1542 3 14
1543 3 14
1544 3 14
1545 3 14
1546 3 14
1547 3 14
1548 3 14
1549 3 14
1550 3 14
1551 3 14
1552 3 14
1553 3 14
1554 3 14
1555 3 14
1556 3 14
1557 3 14
1558 3 14
1559 3 14
1560 3 14
1561 3 14
1562 3 14
1563 3 14
1564 3 14
1565 3 14
1566 3 14
1567 3 14
1568 3 14
1569 3 14
1570 3 14
1571 3 14
1572 3 14
1573 3 14
1574 3 14
1575 3 14
1576 3 14
1577 3 14
1578 3 14
1579 3 14
1580 3 14
1581 3 14
1582 3 14
1583 3 14
1584 3 14
1585 3 14
1586 3 14
1587 3 14
1588 3 14
1589 3 14
1590 3 14
1591 3 14
1592 3 14
1593 3 14
1594 3 14
1595 3 14
1596 3 14
1597 3 14
1598 3 14
1599 3 14
1600 3 14
1601 3 14
1602 3 14
1603 3 14
1604 3 14
1605 3 14
1606 3 14
1607 3 14
1608 3 14
1609 3 14
1610 3 14
1611 3 14
1612 3 14
1613 3 14
1614 3 14
1615 3 14
1616 3 14
1617 3 14
1618 3 14
1619 3 14
1620 3 14
1621 3 14
1622 3 14
1623 3 14
1624 3 14
1625 3 14
1626 3 14
1627 3 14
1628 3 14
1629 3 14
1630 3 14
1631 3 14
1632 3 14
1633 3 14
1634 3 14
1635 3 14
1636 3 14
1637 3 14
1638 3 13
1639 3 13
1640 3 13
1641 3 13
1642 3 13
1643 3 13
1644 3 13
1645 3 13
1646 3 13
1647 3 13
1648 3 13
1649 3 14
1650 3 14
1651 3 14
1652 3 14
1653 3 14
1654 3 14
1655 3 14
1656 3 14
1657 3 14
1658 3 14
1659 3 14
1660 3 14
1661 3 14
1662 3 14
1663 3 14
1664 3 14
1665 3 14
1666 3 14
1667 3 14
1668 3 14
1669 3 14
1670 3 14
1671 3 14
1672 3 14
1673 3 14
1674 4 13
1675 4 14
1676 4 14
1677 4 14
1678 4 14
1679 4 14
1680 4 14
1681 4 14
1682 4 14
1683 4 15
1684 4 15
1685 4 15
1686 4 15
1687 4 15
1688 4 15
1689 4 15
1690 4 15
1691 4 15
1692 4 15
1693 4 15
1694 4 15
1695 4 15
1696 4 15
1697 4 15
1698 4 15
1699 4 15
1700 4 15
1701 4 15
1702 4 15
1703 4 15
1704 4 15
1705 4 15
1706 4 15
1707 4 15
1708 4 15
1709 4 15
1710 4 15
1711 4 15
1712 4 15
1713 4 15
1714 4 15
1715 4 15
1716 4 15
1717 4 15
1718 4 15
1719 4 16
1720 4 16
1721 4 16
1722 4 16
1723 4 16
1724 4 16
1725 4 16
1726 4 16
1727 4 16
1728 4 16
1729 4 16
1730 4 16
1731 4 16
1732 4 16
1733 4 16
1734 4 16
1735 4 16
1736 4 16
1737 4 16
1738 4 16
1739 4 16
1740 4 16
1741 4 16
1742 4 16
1743 4 16
1744 4 16
1745 4 17
1746 4 17
1747 4 16
1748 4 16
1749 4 17
1750 4 17
1751 4 17
1752 4 17
1753 4 17
1754 4 17
1755 4 17
1756 4 17
1757 4 16
1758 4 16
1759 4 16
1760 4 16
1761 4 16
1762 4 16
1763 4 16
1764 4 16
1765 4 16
1766 4 16
1767 4 16
1768 4 16
1769 4 16
1770 4 16
1771 4 17
1772 4 17
1773 4 17
1774 4 17
1775 4 17
1776 4 17
1777 4 17
1778 4 17
1779 4 17
1780 4 17
1781 4 17
1782 4 17
1783 4 17
1784 4 17
1785 4 17
1786 4 17
1787 4 17
1788 4 17
1789 4 17
1790 4 17
1791 4 17
1792 4 17
1793 4 17
1794 4 17
1795 4 17
1796 4 17
1797 4 17
1798 4 17
1799 4 17
1800 4 17
1801 4 17
1802 4 17
1803 4 17
1804 4 17
1805 4 17
1806 4 17
1807 4 17
1808 4 17
1809 4 17
1810 4 17
1811 4 17
1812 4 17
1813 4 17
1814 4 17
1815 4 17
1816 4 17
1817 4 17
1818 4 17
1819 4 17
1820 4 17
1821 4 17
1822 4 17
1823 4 17
1824 4 17
1825 4 17
1826 4 17
1827 4 17
1828 4 17
1829 4 17
1830 4 17
1831 4 17
1832 4 17
1833 4 17
1834 4 17
1835 4 17
1836 4 17
1837 4 17
1838 4 17
1839 4 17
1840 4 17
1841 4 17
1842 4 17
1843 4 17
1844 4 17
1845 4 17
1846 4 17
1847 4 17
1848 4 17
1849 4 17
1850 5 17
1851 5 17
1852 5 17
1853 5 17
1854 5 17
1855 5 17
1856 5 17
1857 5 17
1858 5 17
1859 5 17
1860 5 17
1861 5 17
1862 5 17
1863 5 17
1864 5 17
1865 5 17
1866 5 17
1867 5 17
1868 5 17
1869 5 17
1870 5 17
1871 5 17
1872 5 17
1873 5 17
1874 5 17
1875 5 17
1876 5 17
1877 5 17
1878 5 17
1879 5 17
1880 5 17
1881 5 17
1882 5 17
1883 5 17
1884 5 17
1885 5 17
1886 5 17
1887 5 17
1888 5 17
1889 5 17
1890 5 16
1891 5 17
1892 5 17
1893 5 17
1894 5 17
1895 5 17
1896 5 17
1897 5 17
1898 5 17
1899 5 17
1900 5 17
1901 5 17
1902 5 17
1903 5 17
1904 5 17
1905 5 17
1906 5 17
1907 5 17
1908 5 17
1909 5 17
1910 5 17
1911 5 17
1912 5 17
1913 5 17
1914 5 17
1915 5 17
1916 5 17
1917 5 17
1918 5 17
1919 5 17
1920 5 17
1921 5 17
1922 5 17
1923 5 17
1924 5 17
1925 5 17
1926 5 17
1927 5 17
1928 5 17
1929 5 17
1930 5 17
1931 5 17
1932 5 17
1933 5 17
1934 5 17
1935 5 17
1936 5 17
1937 5 18
1938 5 18
1939 5 18
1940 5 18
1941 5 18
1942 5 18
1943 5 18
1944 5 18
1945 5 18
1946 5 18
1947 5 18
1948 5 18
1949 5 18
1950 5 18
1951 5 18
1952 5 18
1953 5 18
1954 5 18
1955 5 18
1956 5 18
1957 5 18
1958 5 18
1959 5 18
1960 5 18
1961 5 18
1962 5 18
1963 5 18
1964 5 19
1965 5 19
1966 5 19
1967 5 19
1968 5 19
1969 5 19
1970 5 19
1971 5 19
1972 5 19
1973 5 19
1974 5 19
1975 5 19
1976 5 18
1977 5 18
1978 5 18
1979 5 18
1980 5 18
1981 5 18
1982 5 18
1983 5 18
1984 5 18
1985 5 18
1986 5 18
1987 5 19
1988 5 19
1989 5 19
1990 5 19
1991 5 19
1992 5 19
1993 5 19
1994 5 19
1995 5 19
1996 5 19
1997 5 19
1998 6 19
1999 6 19
2000 6 19
2001 6 19
2002 6 19
2003 6 19
2004 6 19
2005 6 19
2006 6 19
2007 6 19
2008 6 19
2009 6 19
2010 6 19
2011 6 19
2012 6 19
2013 6 19
2014 6 19
2015 6 19
2016 6 19
2017 6 19
2018 6 19
2019 6 19
2020 6 19
2021 6 19
2022 6 19
2023 6 19
2024 6 19
2025 6 19
2026 6 19
2027 6 19
2028 6 19
2029 6 19
2030 6 19
2031 6 19
2032 6 19
2033 6 19
2034 6 19
2035 6 19
2036 6 19
2037 6 19
2038 6 19
2039 6 19
2040 6 19
2041 6 19
2042 6 19
2043 6 19
2044 6 19
2045 6 19
2046 6 19
2047 6 19
2048 6 19
2049 6 19
2050 6 19
2051 6 19
2052 6 19
2053 6 19
2054 6 19
2055 6 19
2056 6 19
2057 6 19
2058 6 19
2059 6 19
2060 6 19
2061 6 19
2062 6 19
2063 6 19
2064 6 19
2065 6 19
2066 6 19
2067 6 19
2068 6 19
2069 6 19
2070 6 19
2071 6 19
2072 6 19
2073 6 19
2074 6 19
2075 6 19
2076 6 19
2077 6 19
2078 6 19
2079 6 19
2080 6 19
2081 6 19
2082 6 19
2083 6 19
2084 6 19
2085 6 19
2086 6 19
2087 6 19
2088 6 19
2089 6 19
2090 6 19
2091 6 19
2092 6 19
2093 6 19
2094 6 19
2095 6 19
2096 6 19
2097 6 20
2098 6 20
2099 6 20
2100 6 20
2101 6 20
2102 6 20
2103 6 20
2104 6 20
2105 6 20
2106 6 20
2107 6 20
2108 6 20
2109 6 20
2110 6 20
2111 6 20
2112 6 20
2113 6 20
2114 6 20
2115 6 20
2116 6 20
2117 6 20
2118 7 20
2119 7 20
2120 7 20
2121 7 20
2122 7 20
2123 7 20
2124 7 20
2125 7 20
2126 7 20
2127 7 20
2128 7 20
2129 7 20
2130 7 20
2131 7 20
2132 7 20
2133 7 20
2134 7 20
2135 7 20
2136 7 20
2137 7 20
2138 7 20
2139 7 20
2140 7 20
2141 7 20
2142 7 20
2143 7 20
2144 7 20
2145 7 20
2146 7 20
2147 7 20
2148 7 20
2149 7 20
2150 7 20
2151 7 20
2152 7 20
2153 7 20
2154 7 20
2155 7 20
2156 7 20
2157 7 20
2158 7 20
2159 7 20
2160 7 20
2161 7 21
2162 7 21
2163 7 21
2164 7 20
2165 7 20
2166 7 20
2167 7 20
2168 7 20
2169 7 20
2170 7 20
2171 7 20
2172 7 20
2173 7 20
2174 7 21
2175 7 21
2176 7 21
2177 7 21
2178 7 21
2179 7 21
2180 7 21
2181 7 21
2182 7 21
2183 7 21
2184 7 21
2185 7 21
2186 7 21
2187 7 21
2188 7 21
2189 7 21
2190 7 21
2191 7 21
2192 7 21
2193 7 21
2194 7 21
2195 7 21
2196 7 21
2197 7 21
2198 7 21
2199 7 21
2200 7 21
2201 7 21
2202 7 21
2203 7 21
2204 7 21
2205 7 21
2206 7 21
2207 7 21
2208 8 21
2209 8 21
2210 8 21
2211 8 21
2212 8 21
2213 8 21
2214 8 21
2215 8 21
2216 8 21
2217 8 21
2218 8 21
2219 8 21
2220 8 21
2221 8 21
2222 8 21
2223 8 21
2224 8 21
2225 8 21
2226 8 21
2227 8 21
2228 8 21
2229 8 21
2230 8 21
2231 8 21
2232 8 21
2233 8 21
2234 8 21
2235 8 21
2236 8 21
2237 8 21
2238 8 21
2239 8 21
2240 8 22
2241 8 22
2242 8 21
2243 8 21
2244 8 21
2245 8 22
2246 8 22
2247 8 22
2248 8 22
2249 8 22
2250 8 22
2251 8 22
2252 8 22
2253 8 22
2254 8 22
2255 8 22
2256 8 22
2257 8 22
2258 8 22
2259 8 22
2260 8 22
2261 8 23
2262 8 23
2263 8 23
2264 8 23
2265 8 23
2266 8 23
2267 8 23
2268 8 23
2269 8 23
2270 8 23
2271 8 23
2272 8 23
2273 8 23
2274 8 23
2275 9 23
2276 9 23
2277 9 23
2278 9 23
2279 9 23
2280 9 23
2281 9 23
2282 9 23
2283 9 23
2284 9 23
2285 9 23
2286 9 23
2287 9 23
2288 9 23
2289 9 23
2290 9 23
2291 9 23
2292 9 23
2293 9 23
2294 9 24
2295 9 24
2296 9 24
2297 9 24
2298 9 24
2299 9 24
2300 9 24
2301 9 24
2302 9 24
2303 9 24
2304 9 24
2305 9 24
2306 9 24
2307 9 24
2308 9 24
2309 9 24
2310 9 24
2311 9 24
2312 9 24
2313 9 24
2314 9 24
2315 9 24
2316 9 24
2317 9 24
2318 9 24
2319 9 24
2320 9 24
2321 9 24
2322 9 24
2323 9 24
2324 9 24
2325 9 24
2326 9 24
2327 9 24
2328 9 24
2329 9 24
2330 9 24
2331 9 24
2332 9 24
2333 9 24
2334 9 24
2335 9 24
2336 9 25
2337 9 25
2338 9 25
2339 9 25
2340 10 25
2341 10 25
2342 10 25
2343 10 25
2344 10 25
2345 10 25
2346 10 25
2347 10 25
2348 10 25
2349 10 25
2350 10 25
2351 10 25
2352 10 25
2353 10 25
2354 10 25
2355 10 25
2356 10 25
2357 10 25
2358 10 25
2359 10 25
2360 10 25
2361 10 25
2362 10 25
2363 10 25
2364 10 25
2365 10 25
2366 10 26
2367 10 26
2368 10 26
2369 10 26
2370 10 26
2371 10 26
2372 10 26
2373 10 26
2374 10 26
2375 10 26
2376 10 26
2377 10 26
2378 10 26
2379 10 26
2380 10 26
2381 10 26
2382 10 26
2383 10 26
2384 10 26
2385 10 26
2386 10 26
2387 10 26
2388 10 26
2389 10 26
2390 10 26
2391 10 26
2392 10 26
2393 10 26
2394 10 26
2395 10 26
2396 10 26
2397 10 26
2398 10 26
2399 10 26
2400 10 26
2401 10 26
2402 10 26
2403 10 26
2404 10 26
2405 10 26
2406 10 26
2407 10 26
2408 10 26
2409 10 26
2410 11 26
2411 11 26
2412 11 26
2413 11 26
2414 11 26
2415 11 26
2416 11 26
2417 11 27
2418 11 27
2419 11 27
2420 11 27
2421 11 27
2422 11 27
2423 11 27
2424 11 27
2425 11 27
2426 11 27
2427 11 27
2428 11 27
2429 11 27
2430 11 27
2431 11 27
2432 11 27
2433 11 27
2434 11 27
2435 11 27
2436 11 27
2437 11 27
2438 11 27
2439 11 27
2440 11 27
2441 11 28
2442 11 28
2443 11 28
2444 11 28
2445 11 28
2446 11 28
2447 11 28
2448 11 28
2449 11 28
2450 11 28
2451 11 28
2452 11 28
2453 11 28
2454 11 28
2455 11 28
2456 11 28
2457 11 28
2458 11 28
2459 11 28
2460 11 28
2461 11 28
2462 11 29
2463 11 29
2464 11 29
2465 11 29
2466 11 29
2467 12 29
2468 12 29
2469 12 29
2470 12 29
2471 12 29
2472 12 29
2473 12 29
2474 12 29
2475 12 29
2476 12 29
2477 12 30
2478 12 30
2479 12 30
2480 12 30
2481 12 30
2482 12 30
2483 12 30
2484 12 30
2485 12 30
2486 12 30
2487 12 30
2488 12 30
2489 12 30
2490 12 30
2491 12 30
2492 12 30
2493 12 30
2494 12 30
2495 12 30
2496 12 30
2497 12 30
2498 12 30
2499 13 30
2500 13 30
2501 13 30
2502 13 30
2503 13 30
2504 13 30
2505 13 30
2506 13 30
2507 13 30
2508 13 30
2509 13 30
2510 13 31
2511 13 31
2512 13 31
2513 13 31
2514 13 31
2515 13 31
2516 13 31
2517 13 31
2518 13 31
2519 13 31
2520 13 31
2521 13 31
2522 13 32
2523 13 32
2524 13 32
2525 13 32
2526 13 32
2527 13 32
2528 13 32
2529 13 32
2530 13 32
2531 13 31
2532 14 32
2533 14 32
2534 14 32
2535 14 32
2536 14 32
2537 14 32
2538 14 32
2539 14 32
2540 14 32
2541 14 32
2542 14 32
2543 14 32
2544 14 32
2545 14 32
2546 14 32
2547 14 32
2548 14 32
2549 14 32
2550 14 32
2551 14 32
2552 14 32
2553 14 33
2554 14 33
2555 14 33
2556 14 33
2557 14 33
2558 14 33
2559 14 33
2560 14 33
2561 14 33
2562 14 33
2563 14 33
2564 14 33
2565 14 33
2566 14 33
2567 14 33
2568 14 33
2569 14 33
2570 14 33
2571 15 33
2572 15 33
2573 15 33
2574 15 33
2575 15 33
2576 15 33
2577 15 33
2578 15 33
2579 15 33
2580 15 33
2581 15 33
2582 15 33
2583 15 34
2584 15 34
2585 15 34
2586 15 34
2587 15 34
2588 15 34
2589 15 34
2590 15 34
2591 15 34
2592 15 34
2593 15 34
2594 15 34
2595 15 34
2596 16 34
2597 16 34
2598 16 34
2599 16 34
2600 16 34
2601 16 34
2602 16 34
2603 16 34
2604 16 35
2605 16 35
2606 16 35
2607 16 35
2608 16 35
2609 16 35
2610 16 35
2611 16 35
2612 16 35
2613 16 35
2614 16 35
2615 16 35
2616 16 35
2617 16 35
2618 16 35
2619 16 35
2620 16 35
2621 17 35
2622 17 35
2623 17 35
2624 17 35
2625 17 35
2626 17 35
2627 17 35
2628 17 35
2629 17 35
2630 17 35
2631 17 35
2632 17 35
2633 18 35
2634 18 35
2635 18 35
2636 18 35
2637 18 35
2638 18 36
2639 18 36
2640 18 36
2641 18 36
2642 18 36
2643 18 36
2644 18 36
2645 18 36
2646 18 36
2647 18 36
2648 19 36
2649 19 36
2650 19 36
2651 19 36
2652 19 36
2653 19 36
2654 19 36
2655 19 36
2656 19 36
2657 19 36
2658 19 36
2659 19 36
2660 19 36
2661 19 36
2662 19 37
2663 19 37
2664 19 37
2665 20 37
2666 20 37
2667 20 37
2668 20 37
2669 20 36
2670 20 36
2671 20 37
2672 20 37
2673 21 37
2674 21 37
2675 21 37
2676 21 37
2677 21 37
2678 21 37
2679 21 37
2680 22 37
2681 22 37
2682 22 37
2683 22 37
2684 22 37
2685 23 37
2686 23 37
2687 23 37
2688 23 37
2689 23 37
2690 23 37
2691 23 37
2692 23 37
2693 24 37
2694 24 37
2695 24 37
2696 24 37
2697 24 37
2698 24 37
2699 24 37
2700 24 37
2701 24 37
2702 24 37
2703 24 37
2704 24 37
2705 24 37
2706 25 37
2707 25 37
2708 25 37
2709 25 37
2710 25 38
2711 26 38
2712 26 38
2713 27 38
2714 27 38
2715 27 38
2716 27 38
2717 28 38
2718 28 38
2719 28 38
2720 28 38
2721 28 38
2722 29 38
2723 29 38
2724 29 38
2725 29 38
2726 29 38
2727 29 38
2728 29 38
2729 29 38
2730 30 38
2731 30 38
2732 31 38
2733 31 38
2734 32 38
2735 32 38
2736 33 38
2737 33 38
2738 33 38
2739 33 38
2740 34 38
2741 34 39
2742 34 39
2743 34 39
2744 34 39
2745 35 39
2746 35 39
2747 35 39
2748 35 39
2749 35 39
2750 35 39
2751 35 39
2752 35 39
2753 36 39
2754 36 39
2755 36 39
2756 37 39
2757 37 39
2758 38 39
2759 38 39
2760 38 40
2761 38 40
2762 39 40
2763 39 40
2764 40 40
2765 41 40
2766 42 40
2767 44 40
2768 44 40
2769 45 40
2770 47 40
2771 48 40
2772 48 40
2773 48 40
2774 50 40
2775 55 40
2776 56 40
2777 57 41
2778 61 41
2779 63 41
2780 65 41
2781 72 41
2782 84 41
2783 100 41
