0 0 0
1 0 0
2 0 0
3 0 0
4 0 0
5 0 0
6 0 0
7 0 0
8 0 0
9 0 0
10 0 0
11 0 0
12 0 0
13 0 0
14 0 0
15 0 0
16 0 0
17 0 0
18 0 0
19 0 0
20 0 0
21 0 0
22 0 0
23 0 0
24 0 0
25 0 0
26 0 0
27 0 0
28 0 0
29 0 0
30 0 0
31 0 0
32 0 0
33 0 0
34 0 0
35 0 0
36 0 0
37 0 0
38 0 0
39 0 0
40 0 0
41 0 0
42 0 0
43 0 0
44 0 0
45 0 0
46 0 0
47 0 0
48 0 0
49 0 0
50 0 0
51 0 0
52 0 0
53 0 0
54 0 0
55 0 0
56 0 0
57 0 0
58 0 0
59 0 0
60 0 0
61 0 0
62 0 0
63 0 0
64 0 0
65 0 0
66 0 0
67 0 0
68 0 0
69 0 0
70 0 0
71 0 0
72 0 0
73 0 0
74 0 0
75 0 0
76 0 0
77 0 0
78 0 0
79 0 0
80 0 0
81 0 0
82 0 0
83 0 0
84 0 0
85 0 0
86 0 0
87 0 0
88 0 0
89 0 0
90 0 0
91 0 0
92 0 0
93 0 0
94 0 0
95 0 0
96 0 0
97 0 0
98 0 0
99 0 0
100 0 0
101 0 0
102 0 0
103 0 0
104 0 0
105 0 0
106 0 0
107 0 0
108 0 0
109 0 0
110 0 0
111 0 0
112 0 0
113 0 0
114 0 0
115 0 0
116 0 0
117 0 0
118 0 0
119 0 0
120 0 0
121 0 0
122 0 0
123 0 0
124 0 0
125 0 0
126 0 0
127 0 0
128 0 0
129 0 0
130 0 0
131 0 0
132 0 0
133 0 0
134 0 0
135 0 0
136 0 0
137 0 0
138 0 0
139 0 0
140 0 0
141 0 0
142 0 0
143 0 0
144 0 0
145 0 0
146 0 0
147 0 0
148 0 0
149 0 0
150 0 0
151 0 0
152 0 0
153 0 0
154 0 0
155 0 0
156 0 0
157 0 0
158 0 0
159 0 0
160 0 0
161 0 0
162 0 0
163 0 0
164 0 0
165 0 0
166 0 0
167 0 0
168 0 0
169 0 0
170 0 0
171 0 0
172 0 0
173 0 0
174 0 0
175 0 0
176 0 0
177 0 0
178 0 0
179 0 0
180 0 0
181 0 0
182 0 0
183 0 0
184 0 0
185 0 0
186 0 0
187 0 0
188 0 0
189 0 0
190 0 0
191 0 0
192 0 0
193 0 0
194 0 0
195 0 0
196 0 0
197 0 0
198 0 0
199 0 0
200 0 0
201 0 0
202 0 0
203 0 0
204 0 0
205 0 0
206 0 0
207 0 0
208 0 0
209 0 0
210 0 0
211 0 0
212 0 0
213 0 0
214 0 0
215 0 0
216 0 0
217 0 0
218 0 0
219 0 0
220 0 0
221 0 0
222 0 0
223 0 0
224 0 0
225 0 0
226 0 0
227 0 0
228 0 0
229 0 0
230 0 0
231 0 0
232 0 0
233 0 0
234 0 0
235 0 0
236 0 0
237 0 0
238 0 0
239 0 0
240 0 0
241 0 0
242 0 0
243 0 0
244 0 0
245 0 0
246 0 0
247 0 0
248 0 0
249 0 0
250 0 0
251 0 0
252 0 0
253 0 0
254 0 0
255 0 0
256 0 0
257 0 0
258 0 0
259 0 0
260 0 0
261 0 0
262 0 0
263 0 0
264 0 0
265 0 0
266 0 0
267 0 0
268 0 0
269 0 0
270 0 0
271 0 0
272 0 0
273 0 0
274 0 0
275 0 0
276 0 0
277 0 0
278 0 0
279 0 0
280 0 0
281 0 0
282 0 0
283 0 0
284 0 0
285 0 0
286 0 0
287 0 0
288 0 0
289 0 0
290 0 0
291 0 0
292 0 0
293 0 0
294 0 0
295 0 0
296 0 0
297 0 0
298 0 0
299 0 0
300 0 0
301 0 0
302 0 0
303 0 0
304 0 0
305 0 0
306 0 0
307 0 0
308 0 0
309 0 0
310 0 0
311 0 0
312 0 0
313 0 0
314 0 0
315 0 0
316 0 0
317 0 0
318 0 0
319 0 0
320 0 0
321 0 0
322 0 0
323 0 0
324 0 0
325 0 0
326 0 0
327 0 0
328 0 0
329 0 0
330 0 0
331 0 0
332 0 0
333 0 0
334 0 0
335 0 0
336 0 0
337 0 0
338 0 0
339 0 0
340 0 0
341 0 0
342 0 0
343 0 0
344 0 0
345 0 0
346 0 0
347 0 0
348 0 0
349 0 0
350 0 0
351 0 0
352 0 0
353 0 0
354 0 0
355 0 0
356 0 0
357 0 0
358 0 0
359 0 0
360 0 0
361 0 0
362 0 0
363 0 0
364 0 0
365 0 0
366 0 0
367 0 0
368 0 0
369 0 0
370 0 0
371 0 0
372 0 0
373 0 0
374 0 0
375 0 0
376 0 0
377 0 0
378 0 0
379 0 0
380 0 0
381 0 0
382 0 0
383 0 0
384 0 0
385 0 0
386 0 0
387 0 0
388 0 0
389 0 0
390 0 0
391 0 0
392 0 0
393 0 0
394 0 0
395 0 0
396 0 0
397 0 0
398 0 0
399 0 0
400 0 0
401 0 0
402 0 0
403 0 0
404 0 0
405 0 0
406 0 0
407 0 0
408 0 0
409 0 0
410 0 0
411 0 0
412 0 0
413 0 0
414 0 0
415 0 0
416 0 0
417 0 0
418 0 0
419 0 0
420 0 0
421 0 0
422 0 0
423 0 0
424 0 0
425 0 0
426 0 0
427 0 0
428 0 0
429 0 0
430 0 0
431 0 0
432 0 0
433 0 0
434 0 0
435 0 0
436 0 0
437 0 0
438 0 0
439 0 0
440 0 0
441 0 0
442 0 0
443 0 0
444 0 0
445 0 0
446 0 0
447 0 0
448 0 0
449 0 0
450 0 0
451 0 0
452 0 0
453 0 0
454 0 0
455 0 0
456 0 0
457 0 0
458 0 0
459 0 0
460 0 0
461 0 0
462 0 0
463 0 0
464 0 0
465 0 0
466 0 0
467 0 0
468 0 0
469 0 0
470 0 0
471 0 0
472 0 0
473 0 0
474 0 0
475 0 0
476 0 0
477 0 0
478 0 0
479 0 0
480 0 0
481 0 0
482 0 0
483 0 0
484 0 0
485 0 0
486 0 0
487 0 0
488 0 0
489 0 0
490 0 0
491 0 0
492 0 0
493 0 0
494 0 0
495 0 0
496 0 0
497 0 0
498 0 0
499 0 0
500 0 0
501 0 0
502 0 0
503 0 0
504 0 0
505 0 0
506 0 0
507 0 0
508 0 0
509 0 0
510 0 0
511 0 0
512 0 0
513 0 0
514 0 0
515 0 0
516 0 0
517 0 0
518 0 0
519 0 0
520 0 0
521 0 0
522 0 0
523 0 0
524 0 0
525 0 0
526 0 0
527 0 0
528 0 0
529 0 0
530 0 0
531 0 0
532 0 0
533 0 0
534 0 0
535 0 0
536 0 0
537 0 0
538 0 0
539 0 0
540 0 0
541 0 0
542 0 0
543 0 0
544 0 0
545 0 0
546 0 0
547 0 0
548 0 0
549 0 0
550 0 0
551 0 0
552 0 0
553 0 0
554 0 0
555 0 0
556 0 0
557 0 0
558 0 0
559 0 0
560 0 0
561 0 0
562 0 0
563 0 0
564 0 0
565 0 0
566 0 0
567 0 0
568 0 0
569 0 0
570 0 0
571 0 0
572 0 0
573 0 0
574 0 0
575 0 0
576 0 0
577 0 0
578 0 0
579 0 0
580 0 0
581 0 0
582 0 0
583 0 0
584 0 0
585 0 0
586 0 0
587 0 0
588 0 0
589 0 0
590 0 0
591 0 0
592 0 0
593 0 0
594 0 0
595 0 0
596 0 0
597 0 0
598 0 0
599 0 0
600 0 0
601 0 0
602 0 0
603 0 0
604 0 0
605 0 0
606 0 0
607 0 0
608 0 0
609 0 0
610 0 0
611 0 0
612 0 0
613 0 0
614 0 0
615 0 0
616 0 0
617 0 0
618 0 0
619 0 0
620 0 0
621 0 0
622 0 0
623 0 0
624 0 0
625 0 0
626 0 0
627 0 0
628 0 0
629 0 0
630 0 0
631 0 0
632 0 0
633 0 0
634 0 0
635 0 0
636 0 0
637 0 0
638 0 0
639 0 0
640 0 0
641 0 0
642 0 0
643 0 0
644 0 0
645 0 0
646 0 0
647 0 0
648 0 0
649 0 0
650 0 0
651 0 0
652 0 0
653 0 0
654 0 0
655 0 0
656 0 0
657 0 0
658 0 0
659 0 0
660 0 0
661 0 0
662 0 0
663 0 0
664 0 0
665 0 0
666 0 0
667 0 0
668 0 0
669 0 0
670 0 0
671 0 0
672 0 0
673 0 0
674 0 0
675 0 0
676 0 0
677 0 0
678 0 0
679 0 0
680 0 0
681 0 0
682 0 0
683 0 0
684 0 0
685 0 0
686 0 0
687 1 0
688 1 0
689 1 0
690 1 0
691 1 0
692 1 0
693 1 0
694 1 0
695 1 0
696 1 0
697 1 0
698 1 0
699 1 0
700 1 0
701 1 0
702 1 0
703 1 0
704 1 0
705 1 0
706 1 0
707 1 0
708 1 0
709 1 0
710 1 0
711 1 0
712 1 0
713 1 0
714 1 0
715 1 0
716 1 0
717 1 0
718 1 0
719 1 0
720 1 0
721 1 0
722 1 0
723 1 0
724 1 0
725 1 0
726 1 0
727 1 0
728 1 0
729 1 0
730 1 0
731 1 0
732 1 0
733 1 0
734 1 0
735 1 0
736 1 0
737 1 0
738 1 0
739 1 0
740 1 0
741 1 0
742 1 0
743 1 0
744 1 0
745 1 0
746 1 0
747 1 0
748 1 0
749 1 0
750 1 0
751 1 0
752 1 0
753 1 0
754 1 0
755 1 0
756 1 0
757 1 0
758 1 0
759 1 0
760 1 0
761 1 0
762 1 0
763 1 0
764 1 0
765 1 0
766 1 0
767 1 0
768 1 0
769 1 0
770 1 0
771 1 0
772 1 0
773 1 0
774 1 0
775 1 0
776 1 0
777 1 0
778 1 0
779 1 0
780 1 0
781 1 0
782 1 0
783 1 0
784 1 0
785 1 0
786 1 0
787 1 0
788 1 0
789 1 0
790 1 0
791 1 0
792 1 0
793 1 0
794 1 0
795 1 0
796 1 0
797 1 0
798 1 0
799 1 0
800 1 0
801 1 0
802 1 0
803 1 0
804 1 0
805 1 0
806 1 0
807 1 0
808 1 0
809 1 0
810 1 0
811 1 0
812 1 0
813 1 0
814 1 0
815 1 0
816 1 0
817 1 0
818 1 0
819 1 0
820 1 0
821 1 0
822 1 0
823 1 0
824 1 0
825 1 0
826 1 0
827 1 0
828 1 0
829 1 0
830 1 0
831 1 0
832 1 0
833 1 0
834 1 0
835 1 0
836 1 0
837 1 0
838 1 0
839 1 0
840 1 0
841 1 0
842 1 0
843 1 0
844 1 0
845 1 0
846 1 1
847 1 1
848 1 1
849 1 1
850 1 1
851 1 1
852 1 1
853 1 1
854 1 1
855 1 1
856 1 1
857 1 1
858 1 1
859 1 1
860 1 1
861 1 1
862 1 1
863 1 1
864 1 1
865 1 1
866 1 1
867 1 1
868 1 1
869 1 1
870 1 1
871 1 1
872 1 1
873 1 1
874 1 1
875 1 1
876 1 1
877 1 1
878 1 1
879 1 1
880 1 1
881 1 1
882 1 1
883 1 1
884 1 1
885 1 1
886 1 1
887 1 1
888 1 1
889 1 1
890 1 1
891 1 1
892 1 1
893 1 1
894 1 1
895 1 1
896 1 1
897 1 1
898 1 1
899 1 1
900 1 1
901 1 1
902 1 2
903 1 2
904 1 2
905 1 2
906 1 2
907 1 2
908 1 2
909 1 2
910 1 2
911 1 2
912 1 2
913 1 2
914 1 2
915 1 2
916 1 2
917 1 2
918 1 2
919 1 2
920 1 2
921 1 2
922 1 2
923 1 2
924 1 2
925 1 2
926 1 2
927 1 2
928 1 2
929 1 2
930 1 2
931 1 2
932 1 2
933 1 2
934 1 2
935 1 2
936 1 2
937 1 2
938 1 2
939 1 2
940 1 2
941 1 2
942 1 2
943 1 2
944 1 2
945 1 2
946 1 2
947 1 2
948 1 2
949 1 2
950 1 2
951 1 2
952 1 2
953 1 2
954 1 2
955 1 2
956 1 2
957 1 2
958 1 2
959 1 2
960 1 2
961 1 2
962 1 2
963 1 2
964 1 2
965 1 2
966 1 2
967 1 2
968 1 2
969 1 2
970 1 2
971 1 2
972 1 2
973 1 2
974 1 2
975 1 2
976 1 2
977 1 2
978 1 2
979 1 2
980 1 2
981 1 2
982 1 2
983 1 2
984 1 2
985 1 2
986 1 2
987 1 2
988 1 2
989 1 2
990 1 2
991 1 2
992 1 2
993 1 2
994 1 2
995 1 2
996 1 2
997 1 2
998 1 2
999 1 2
1000 1 2
1001 1 2
1002 1 2
1003 1 2
1004 1 2
1005 1 2
1006 1 2
1007 1 2
1008 1 2
1009 1 2
1010 1 2
1011 1 2
1012 1 2
1013 1 2
1014 1 2
1015 1 2
1016 1 2
1017 1 2
1018 1 2
1019 1 2
1020 1 2
1021 1 2
1022 1 2
1023 1 2
1024 1 2
1025 1 2
1026 1 2
1027 1 2
1028 1 2
1029 1 2
1030 1 2
1031 1 2
1032 1 3
1033 1 3
1034 1 3
1035 1 3
1036 1 3
1037 1 3
1038 1 3
1039 1 3
1040 1 3
1041 1 3
1042 1 3
1043 1 3
1044 1 3
1045 1 3
1046 1 3
1047 1 3
1048 1 3
1049 1 3
1050 1 3
1051 1 3
1052 1 3
1053 1 3
1054 1 3
1055 1 3
1056 1 3
1057 1 3
1058 1 3
1059 1 3
1060 1 3
1061 1 3
1062 1 3
1063 1 3
1064 1 3
1065 1 3
1066 1 3
1067 1 3
1068 1 3
1069 1 3
1070 1 3
1071 1 3
1072 1 3
1073 1 3
1074 1 3
1075 1 3
1076 1 3
1077 1 3
1078 1 3
1079 1 3
1080 1 3
1081 1 3
1082 1 3
1083 1 3
1084 1 3
1085 1 3
1086 1 3
1087 1 3
1088 1 3
1089 1 3
1090 1 3
1091 1 3
1092 1 3
1093 1 3
1094 1 3
1095 1 3
1096 1 3
1097 1 3
1098 1 3
1099 1 3
1100 1 3
1101 1 3
1102 1 3
1103 1 2
1104 1 2
1105 1 2
1106 1 2
1107 1 2
1108 1 2
1109 1 2
1110 1 2
1111 1 2
1112 1 2
1113 1 2
1114 1 2
1115 1 2
1116 1 2
1117 1 2
1118 1 2
1119 1 2
1120 1 2
1121 1 2
1122 1 2
1123 1 2
1124 1 2
1125 1 2
1126 1 2
1127 1 2
1128 1 2
1129 1 2
1130 1 2
1131 1 2
1132 1 2
1133 1 2
1134 1 2
1135 1 2
1136 1 2
1137 1 2
1138 1 2
1139 2 2
1140 2 2
1141 2 2
1142 2 2
1143 2 2
1144 2 2
1145 2 2
1146 2 2
1147 2 2
1148 2 2
1149 2 2
1150 2 2
1151 2 2
1152 2 2
1153 2 2
1154 2 2
1155 2 2
1156 2 2
1157 2 2
1158 2 2
1159 2 2
1160 2 2
1161 2 2
1162 2 2
1163 2 2
1164 2 2
1165 2 2
1166 2 2
1167 2 2
1168 2 2
1169 2 2
1170 2 2
1171 2 2
1172 2 2
1173 2 2
1174 2 2
1175 2 2
1176 2 2
1177 2 2
1178 2 2
1179 2 2
1180 2 2
1181 2 2
1182 2 2
1183 2 2
1184 2 2
1185 2 2
1186 2 2
1187 2 2
1188 2 2
1189 2 2
1190 2 2
1191 2 2
1192 2 2
1193 2 2
1194 2 2
1195 2 2
1196 2 2
1197 2 2
1198 2 2
1199 2 2
1200 2 2
1201 2 2
1202 2 2
1203 2 2
1204 2 2
1205 2 2
1206 2 2
1207 2 2
1208 2 2
1209 2 2
1210 2 2
1211 2 2
1212 2 2
1213 2 2
1214 2 2
1215 2 2
1216 2 2
1217 2 2
1218 2 2
1219 2 2
1220 2 2
1221 2 2
1222 2 2
1223 2 2
1224 2 2
1225 2 2
1226 2 2
1227 2 2
1228 2 2
1229 2 2
1230 2 2
1231 2 2
1232 2 2
1233 2 2
1234 2 2
1235 2 2
1236 2 2
1237 2 2
1238 2 2
1239 2 2
1240 2 2
1241 2 2
1242 2 2
1243 2 2
1244 2 2
1245 2 2
1246 2 2
1247 2 2
1248 2 2
1249 2 2
1250 2 2
1251 2 2
1252 2 2
1253 2 2
1254 2 2
1255 2 2
1256 2 2
1257 2 2
1258 2 2
1259 2 2
1260 2 2
1261 2 2
1262 2 2
1263 2 2
1264 2 2
1265 2 2
1266 2 2
1267 2 2
1268 2 2
1269 2 2
1270 2 2
1271 2 2
1272 2 2
1273 2 2
1274 2 2
1275 2 2
1276 2 2
1277 2 2
1278 2 2
1279 2 2
1280 2 2
1281 2 2
1282 2 2
1283 2 2
1284 2 2
1285 2 2
1286 2 2
1287 2 2
1288 2 2
1289 2 2
1290 2 2
1291 2 2
1292 2 2
1293 2 2
1294 2 2
1295 2 2
1296 2 2
1297 2 2
1298 2 2
1299 2 2
1300 2 2
1301 2 2
1302 2 2
1303 2 2
1304 2 2
1305 2 2
1306 2 2
1307 2 2
1308 2 2
1309 2 2
1310 2 2
1311 2 2
1312 2 2
1313 2 2
1314 2 2
1315 2 2
1316 2 2
1317 2 2
1318 2 2
1319 2 2
1320 2 2
1321 2 2
1322 2 2
1323 2 2
1324 2 2
1325 2 2
1326 2 2
1327 2 2
1328 2 2
1329 2 2
1330 2 2
1331 2 2
1332 2 2
1333 2 2
1334 2 2
1335 2 2
1336 2 2
1337 2 2
1338 2 2
1339 2 2
1340 2 2
1341 2 2
1342 2 2
1343 2 2
1344 2 2
1345 2 2
1346 2 2
1347 2 2
1348 2 2
1349 2 2
1350 2 2
1351 2 2
1352 2 2
1353 2 2
1354 2 2
1355 2 2
1356 2 2
1357 2 2
1358 2 2
1359 2 2
1360 2 2
1361 2 2
1362 2 2
1363 2 2
1364 2 2
1365 2 2
1366 2 2
1367 2 2
1368 2 2
1369 2 2
1370 2 2
1371 2 2
1372 2 2
1373 2 2
1374 2 2
1375 2 2
1376 2 2
1377 2 2
1378 2 2
1379 2 2
1380 2 2
1381 2 2
1382 2 2
1383 2 2
1384 2 2
1385 2 2
1386 2 2
1387 2 2
1388 2 2
1389 2 2
1390 2 2
1391 2 2
1392 2 2
1393 2 2
1394 2 2
1395 2 2
1396 2 2
1397 2 2
1398 2 2
1399 2 2
1400 2 2
1401 2 2
1402 2 2
1403 2 2
1404 2 2
1405 2 2
1406 2 2
1407 2 2
1408 2 2
1409 2 2
1410 2 2
1411 2 2
1412 2 2
1413 2 2
1414 2 2
1415 2 2
1416 2 2
1417 2 2
1418 2 2
1419 2 2
1420 2 2
1421 2 2
1422 2 2
1423 2 2
1424 2 2
1425 2 2
1426 2 2
1427 2 2
1428 2 2
1429 2 2
1430 2 2
1431 2 2
1432 2 2
1433 2 2
1434 2 2
1435 2 2
1436 2 2
1437 2 2
1438 2 2
1439 2 2
1440 2 2
1441 2 2
1442 2 2
1443 2 2
1444 2 2
1445 2 2
1446 2 2
1447 2 2
1448 2 2
1449 2 2
1450 2 2
1451 2 2
1452 2 2
1453 2 2
1454 2 2
1455 2 2
1456 2 2
1457 2 2
1458 2 2
1459 2 2
1460 2 2
1461 2 2
1462 2 2
1463 2 2
1464 2 2
1465 3 2
1466 3 2
1467 3 2
1468 3 2
1469 3 2
1470 3 2
1471 3 2
1472 3 2
1473 3 2
1474 3 2
1475 3 2
1476 3 2
1477 3 2
1478 3 2
1479 3 2
1480 3 2
1481 3 2
1482 3 2
1483 3 2
1484 3 2
1485 3 2
1486 3 2
1487 3 2
1488 3 2
1489 3 2
1490 3 2
1491 3 2
1492 3 2
1493 3 2
1494 3 2
1495 3 2
1496 3 2
1497 3 2
1498 3 2
1499 3 2
1500 3 2
1501 3 2
1502 3 2
1503 3 2
1504 3 2
1505 3 2
1506 3 2
1507 3 2
1508 3 2
1509 3 2
1510 3 2
1511 3 2
1512 3 2
1513 3 2
1514 3 2
1515 3 2
1516 3 2
1517 3 2
1518 3 2
1519 3 2
1520 3 2
1521 3 2
1522 3 2
1523 3 2
1524 3 2
1525 3 2
1526 3 2
1527 3 2
1528 3 2
1529 3 2
1530 3 2
1531 3 2
1532 3 2
1533 3 2
1534 3 2
1535 3 2
1536 3 2
1537 3 2
1538 3 2
1539 3 2
1540 3 2
1541 3 2
1542 3 2
1543 3 2
1544 3 2
1545 3 2
1546 3 2
1547 3 2
1548 3 2
1549 3 2
1550 3 2
1551 3 2
1552 3 2
1553 3 2
1554 3 2
1555 3 2
1556 3 2
1557 3 2
1558 3 2
1559 3 2
1560 3 2
1561 3 2
1562 3 2
1563 3 2
1564 3 2
1565 3 2
1566 3 2
1567 3 2
1568 3 1
1569 3 1
1570 3 1
1571 3 1
1572 3 1
1573 3 1
1574 3 1
1575 3 1
1576 3 1
1577 3 1
1578 3 1
1579 3 1
1580 3 1
1581 3 1
1582 3 1
1583 3 1
1584 3 1
1585 3 1
1586 3 1
1587 3 1
1588 3 1
1589 3 1
1590 3 1
1591 3 1
1592 3 1
1593 3 1
1594 3 1
1595 3 1
1596 3 1
1597 3 1
1598 3 1
1599 3 1
1600 3 1
1601 3 1
1602 3 1
1603 3 1
1604 3 1
1605 3 1
1606 3 1
1607 3 1
1608 3 1
1609 3 1
1610 3 1
1611 3 1
1612 3 1
1613 3 1
1614 3 1
1615 3 1
1616 3 1
1617 3 1
1618 3 1
1619 3 1
1620 3 1
1621 3 1
1622 3 1
1623 3 1
1624 3 1
1625 3 1
1626 3 1
1627 3 1
1628 3 1
1629 3 1
1630 3 1
1631 3 1
1632 3 1
1633 3 1
1634 3 1
1635 3 1
1636 3 1
1637 3 1
1638 3 1
1639 3 1
1640 3 1
1641 3 1
1642 3 1
1643 3 1
1644 3 1
1645 3 1
1646 3 1
1647 3 1
1648 3 1
1649 3 1
1650 3 1
1651 3 1
1652 3 1
1653 3 1
1654 3 1
1655 3 1
1656 3 1
1657 3 1
1658 3 1
1659 3 1
1660 3 1
1661 3 1
1662 3 1
1663 3 1
1664 3 1
1665 3 1
1666 3 1
1667 3 1
1668 3 1
1669 3 1
1670 3 1
1671 3 1
1672 3 1
1673 3 1
1674 4 1
1675 4 1
1676 4 1
1677 4 1
1678 4 1
1679 4 1
1680 4 1
1681 4 1
1682 4 1
1683 4 1
1684 4 1
1685 4 1
1686 4 1
1687 4 1
1688 4 1
1689 4 1
1690 4 1
1691 4 1
1692 4 1
1693 4 1
1694 4 1
1695 4 1
1696 4 1
1697 4 1
1698 4 1
1699 4 1
1700 4 1
1701 4 1
1702 4 1
1703 4 1
1704 4 1
1705 4 1
1706 4 1
1707 4 1
1708 4 1
1709 4 1
1710 4 1
1711 4 1
1712 4 1
1713 4 1
1714 4 1
1715 4 1
1716 4 1
1717 4 1
1718 4 1
1719 4 1
1720 4 1
1721 4 1
1722 4 1
1723 4 1
1724 4 1
1725 4 1
1726 4 1
1727 4 1
1728 4 1
1729 4 1
1730 4 1
1731 4 1
1732 4 1
1733 4 1
1734 4 1
1735 4 1
1736 4 1
1737 4 1
1738 4 1
1739 4 1
1740 4 1
1741 4 1
1742 4 1
1743 4 1
1744 4 1
1745 4 1
1746 4 1
1747 4 1
1748 4 1
1749 4 1
1750 4 1
1751 4 1
1752 4 1
1753 4 1
1754 4 1
1755 4 1
1756 4 1
1757 4 1
1758 4 1
1759 4 1
1760 4 1
1761 4 1
1762 4 1
1763 4 1
1764 4 1
1765 4 1
1766 4 1
1767 4 1
1768 4 1
1769 4 1
1770 4 1
1771 4 1
1772 4 1
1773 4 1
1774 4 1
1775 4 1
1776 4 1
1777 4 1
1778 4 1
1779 4 1
1780 4 1
1781 4 1
1782 4 1
1783 4 1
1784 4 1
1785 4 1
1786 4 1
1787 4 1
1788 4 1
1789 4 1
1790 4 1
1791 4 1
1792 4 1
1793 4 1
1794 4 1
1795 4 1
1796 4 1
1797 4 1
1798 4 1
1799 4 1
1800 4 1
1801 4 1
1802 4 1
1803 4 1
1804 4 1
1805 4 1
1806 4 1
1807 4 1
1808 4 1
1809 4 1
1810 4 1
1811 4 1
1812 4 1
1813 4 1
1814 4 1
1815 4 1
1816 4 1
1817 4 1
1818 4 1
1819 4 1
1820 4 1
1821 4 1
1822 4 1
1823 4 1
1824 4 1
1825 4 1
1826 4 1
1827 4 1
1828 4 1
1829 4 1
1830 4 1
1831 4 1
1832 4 1
1833 4 1
1834 4 1
1835 4 1
1836 4 1
1837 4 1
1838 4 1
1839 4 1
1840 4 1
1841 4 1
1842 4 1
1843 4 1
1844 4 1
1845 4 1
1846 4 1
1847 4 1
1848 4 1
1849 4 1
1850 5 1
1851 5 1
1852 5 1
1853 5 1
1854 5 1
1855 5 1
1856 5 1
1857 5 1
1858 5 1
1859 5 1
1860 5 1
1861 5 1
1862 5 1
1863 5 1
1864 5 1
1865 5 1
1866 5 1
1867 5 1
1868 5 1
1869 5 1
1870 5 1
1871 5 1
1872 5 1
1873 5 1
1874 5 1
1875 5 1
1876 5 1
1877 5 1
1878 5 1
1879 5 1
1880 5 1
1881 5 1
1882 5 1
1883 5 1
1884 5 1
1885 5 1
1886 5 1
1887 5 1
1888 5 1
1889 5 1
1890 5 1
1891 5 1
1892 5 1
1893 5 1
1894 5 1
1895 5 1
1896 5 1
1897 5 1
1898 5 1
1899 5 1
1900 5 1
1901 5 1
1902 5 1
1903 5 1
1904 5 1
1905 5 1
1906 5 1
1907 5 1
1908 5 1
1909 5 1
1910 5 1
1911 5 1
1912 5 1
1913 5 1
1914 5 1
1915 5 1
1916 5 1
1917 5 1
1918 5 1
1919 5 1
1920 5 1
1921 5 1
1922 5 1
1923 5 1
1924 5 1
1925 5 1
1926 5 1
1927 5 1
1928 5 1
1929 5 1
1930 5 1
1931 5 1
1932 5 1
1933 5 1
1934 5 1
1935 5 1
1936 5 1
1937 5 1
1938 5 1
1939 5 1
1940 5 1
1941 5 1
1942 5 1
1943 5 1
1944 5 1
1945 5 1
1946 5 1
1947 5 1
1948 5 1
1949 5 1
1950 5 1
1951 5 1
1952 5 1
1953 5 1
1954 5 1
1955 5 1
1956 5 1
1957 5 1
1958 5 1
1959 5 1
1960 5 1
1961 5 1
1962 5 1
1963 5 1
1964 5 1
1965 5 1
1966 5 1
1967 5 1
1968 5 1
1969 5 1
1970 5 1
1971 5 1
1972 5 1
1973 5 1
1974 5 1
1975 5 1
1976 5 1
1977 5 1
1978 5 1
1979 5 1
1980 5 1
1981 5 1
1982 5 1
1983 5 1
1984 5 1
1985 5 1
1986 5 1
1987 5 1
1988 5 1
1989 5 1
1990 5 1
1991 5 1
1992 5 1
1993 5 1
1994 5 1
1995 5 1
1996 5 1
1997 5 1
1998 6 1
1999 6 1
2000 6 1
2001 6 1
2002 6 1
2003 6 1
2004 6 1
2005 6 1
2006 6 1
2007 6 1
2008 6 1
2009 6 1
2010 6 1
2011 6 1
2012 6 1
2013 6 1
2014 6 1
2015 6 1
2016 6 1
2017 6 1
2018 6 1
2019 6 1
2020 6 1
2021 6 1
2022 6 1
2023 6 1
2024 6 1
2025 6 1
2026 6 1
2027 6 1
2028 6 1
2029 6 1
2030 6 1
2031 6 1
2032 6 1
2033 6 1
2034 6 1
2035 6 1
2036 6 1
2037 6 1
2038 6 1
2039 6 1
2040 6 1
2041 6 1
2042 6 1
2043 6 1
2044 6 1
2045 6 1
2046 6 1
2047 6 1
2048 6 1
2049 6 1
2050 6 1
2051 6 1
2052 6 1
2053 6 1
2054 6 1
2055 6 1
2056 6 1
2057 6 1
2058 6 1
2059 6 1
2060 6 1
2061 6 1
2062 6 1
2063 6 1
2064 6 1
2065 6 1
2066 6 1
2067 6 1
2068 6 1
2069 6 1
2070 6 1
2071 6 1
2072 6 1
2073 6 1
2074 6 1
2075 6 1
2076 6 1
2077 6 1
2078 6 1
2079 6 1
2080 6 1
2081 6 1
2082 6 1
2083 6 1
2084 6 1
2085 6 1
2086 6 1
2087 6 1
2088 6 1
2089 6 1
2090 6 1
2091 6 1
2092 6 1
2093 6 1
2094 6 1
2095 6 1
2096 6 1
2097 6 1
2098 6 1
2099 6 1
2100 6 1
2101 6 1
2102 6 1
2103 6 1
2104 6 1
2105 6 1
2106 6 1
2107 6 1
2108 6 1
2109 6 1
2110 6 1
2111 6 1
2112 6 1
2113 6 1
2114 6 1
2115 6 1
2116 6 1
2117 6 1
2118 7 1
2119 7 1
2120 7 1
2121 7 1
2122 7 1
2123 7 1
2124 7 1
2125 7 1
2126 7 1
2127 7 1
2128 7 1
2129 7 1
2130 7 1
2131 7 1
2132 7 1
2133 7 1
2134 7 1
2135 7 1
2136 7 1
2137 7 1
2138 7 1
2139 7 1
2140 7 1
2141 7 1
2142 7 1
2143 7 1
2144 7 1
2145 7 1
2146 7 1
2147 7 1
2148 7 1
2149 7 1
2150 7 1
2151 7 1
2152 7 1
2153 7 1
2154 7 1
2155 7 1
2156 7 1
2157 7 1
2158 7 1
2159 7 1
2160 7 1
2161 7 1
2162 7 1
2163 7 1
2164 7 1
2165 7 1
2166 7 1
2167 7 1
2168 7 1
2169 7 1
2170 7 1
2171 7 1
2172 7 1
2173 7 1
2174 7 1
2175 7 1
2176 7 1
2177 7 1
2178 7 1
2179 7 1
2180 7 1
2181 7 1
2182 7 1
2183 7 1
2184 7 1
2185 7 1
2186 7 1
2187 7 1
2188 7 1
2189 7 1
2190 7 1
2191 7 1
2192 7 1
2193 7 1
2194 7 1
2195 7 1
2196 7 1
2197 7 1
2198 7 1
2199 7 1
2200 7 1
2201 7 1
2202 7 1
2203 7 1
2204 7 1
2205 7 1
2206 7 1
2207 7 1
2208 8 1
2209 8 1
2210 8 1
2211 8 1
2212 8 1
2213 8 1
2214 8 1
2215 8 1
2216 8 1
2217 8 1
2218 8 1
2219 8 1
2220 8 1
2221 8 1
2222 8 1
2223 8 1
2224 8 1
2225 8 1
2226 8 1
2227 8 1
2228 8 1
2229 8 1
2230 8 1
2231 8 1
2232 8 1
2233 8 1
2234 8 1
2235 8 1
2236 8 1
2237 8 1
2238 8 1
2239 8 1
2240 8 1
2241 8 1
2242 8 1
2243 8 1
2244 8 1
2245 8 1
2246 8 1
2247 8 1
2248 8 1
2249 8 1
2250 8 1
2251 8 1
2252 8 1
2253 8 1
2254 8 1
2255 8 1
2256 8 1
2257 8 1
2258 8 1
2259 8 1
2260 8 1
2261 8 1
2262 8 1
2263 8 1
2264 8 1
2265 8 1
2266 8 1
2267 8 1
2268 8 1
2269 8 1
2270 8 1
2271 8 1
2272 8 1
2273 8 1
2274 8 1
2275 9 1
2276 9 1
2277 9 1
2278 9 1
2279 9 1
2280 9 1
2281 9 1
2282 9 1
2283 9 1
2284 9 1
2285 9 1
2286 9 1
2287 9 1
2288 9 1
2289 9 1
2290 9 1
2291 9 1
2292 9 1
2293 9 1
2294 9 1
2295 9 1
2296 9 1
2297 9 1
2298 9 1
2299 9 1
2300 9 1
2301 9 1
2302 9 1
2303 9 1
2304 9 1
2305 9 1
2306 9 1
2307 9 1
2308 9 1
2309 9 1
2310 9 1
2311 9 1
2312 9 1
2313 9 1
2314 9 1
2315 9 1
2316 9 1
2317 9 1
2318 9 1
2319 9 1
2320 9 1
2321 9 1
2322 9 1
2323 9 1
2324 9 1
2325 9 1
2326 9 1
2327 9 1
2328 9 1
2329 9 1
2330 9 1
2331 9 1
2332 9 1
2333 9 1
2334 9 1
2335 9 1
2336 9 1
2337 9 1
2338 9 1
2339 9 1
2340 10 1
2341 10 1
2342 10 1
2343 10 1
2344 10 1
2345 10 1
2346 10 1
2347 10 1
2348 10 1
2349 10 1
2350 10 1
2351 10 1
2352 10 1
2353 10 1
2354 10 1
2355 10 1
2356 10 1
2357 10 1
2358 10 1
2359 10 1
2360 10 1
2361 10 1
2362 10 1
2363 10 1
2364 10 1
2365 10 1
2366 10 1
2367 10 1
2368 10 1
2369 10 1
2370 10 1
2371 10 1
2372 10 1
2373 10 1
2374 10 1
2375 10 1
2376 10 1
2377 10 1
2378 10 1
2379 10 1
2380 10 1
2381 10 1
2382 10 1
2383 10 1
2384 10 1
2385 10 1
2386 10 1
2387 10 1
2388 10 1
2389 10 1
2390 10 1
2391 10 1
2392 10 1
2393 10 1
2394 10 1
2395 10 1
2396 10 1
2397 10 1
2398 10 1
2399 10 1
2400 10 1
2401 10 1
2402 10 1
2403 10 1
2404 10 1
2405 10 1
2406 10 1
2407 10 1
2408 10 1
2409 10 1
2410 11 1
2411 11 1
2412 11 1
2413 11 1
2414 11 1
2415 11 1
2416 11 1
2417 11 1
2418 11 1
2419 11 1
2420 11 1
2421 11 1
2422 11 1
2423 11 1
2424 11 1
2425 11 1
2426 11 1
2427 11 1
2428 11 1
2429 11 1
2430 11 1
2431 11 1
2432 11 1
2433 11 1
2434 11 1
2435 11 1
2436 11 1
2437 11 1
2438 11 1
2439 11 1
2440 11 1
2441 11 1
2442 11 1
2443 11 1
2444 11 1
2445 11 1
2446 11 1
2447 11 1
2448 11 1
2449 11 1
2450 11 1
2451 11 1
2452 11 1
2453 11 1
2454 11 1
2455 11 1
2456 11 1
2457 11 1
2458 11 1
2459 11 1
2460 11 1
2461 11 1
2462 11 1
2463 11 1
2464 11 1
2465 11 1
2466 11 1
2467 12 1
2468 12 1
2469 12 1
2470 12 1
2471 12 1
2472 12 1
2473 12 1
2474 12 1
2475 12 1
2476 12 1
2477 12 1
2478 12 1
2479 12 1
2480 12 1
2481 12 1
2482 12 1
2483 12 1
2484 12 1
2485 12 1
2486 12 1
2487 12 1
2488 12 1
2489 12 1
2490 12 1
2491 12 1
2492 12 1
2493 12 1
2494 12 1
2495 12 1
2496 12 1
2497 12 1
2498 12 1
2499 13 1
2500 13 1
2501 13 1
2502 13 1
2503 13 1
2504 13 1
2505 13 1
2506 13 1
2507 13 1
2508 13 1
2509 13 1
2510 13 1
2511 13 1
2512 13 1
2513 13 1
2514 13 1
2515 13 2
2516 13 2
2517 13 2
2518 13 2
2519 13 2
2520 13 2
2521 13 2
2522 13 2
2523 13 2
2524 13 2
2525 13 2
2526 13 2
2527 13 2
2528 13 2
2529 13 2
2530 13 2
2531 13 2
2532 14 2
2533 14 2
2534 14 2
2535 14 2
2536 14 2
2537 14 2
2538 14 2
2539 14 2
2540 14 2
2541 14 2
2542 14 2
2543 14 2
2544 14 2
2545 14 2
2546 14 2
2547 14 2
2548 14 2
2549 14 2
2550 14 2
2551 14 2
2552 14 2
2553 14 2
2554 14 2
2555 14 2
2556 14 2
2557 14 2
2558 14 2
2559 14 2
2560 14 2
2561 14 2
2562 14 2
2563 14 2
2564 14 2
2565 14 2
2566 14 2
2567 14 2
2568 14 2
2569 14 2
2570 14 2
2571 15 2
2572 15 2
2573 15 2
2574 15 2
2575 15 2
2576 15 2
2577 15 2
2578 15 2
2579 15 2
2580 15 2
2581 15 2
2582 15 2
2583 15 2
2584 15 2
2585 15 2
2586 15 2
2587 15 2
2588 15 2
2589 15 2
2590 15 2
2591 15 2
2592 15 2
2593 15 2
2594 15 2
2595 15 2
2596 16 2
2597 16 2
2598 16 2
2599 16 2
2600 16 2
2601 16 2
2602 16 2
2603 16 2
2604 16 2
2605 16 2
2606 16 2
2607 16 2
2608 16 2
2609 16 2
2610 16 2
2611 16 2
2612 16 2
2613 16 2
2614 16 2
2615 16 2
2616 16 2
2617 16 2
2618 16 2
2619 16 2
2620 16 2
2621 17 2
2622 17 2
2623 17 2
2624 17 2
2625 17 2
2626 17 2
2627 17 2
2628 17 2
2629 17 2
2630 17 2
2631 17 2
2632 17 2
2633 18 2
2634 18 2
2635 18 2
2636 18 2
2637 18 2
2638 18 2
2639 18 2
2640 18 2
2641 18 2
2642 18 2
2643 18 2
2644 18 2
2645 18 2
2646 18 2
2647 18 2
2648 19 2
2649 19 2
2650 19 2
2651 19 2
2652 19 2
2653 19 2
2654 19 2
2655 19 2
2656 19 2
2657 19 2
2658 19 2
2659 19 2
2660 19 2
2661 19 2
2662 19 2
2663 19 2
2664 19 2
2665 20 2
2666 20 2
2667 20 2
2668 20 2
2669 20 2
2670 20 2
2671 20 2
2672 20 2
2673 21 2
2674 21 2
2675 21 2
2676 21 2
2677 21 2
2678 21 2
2679 21 2
2680 22 2
2681 22 2
2682 22 2
2683 22 2
2684 22 2
2685 23 2
2686 23 2
2687 23 2
2688 23 2
2689 23 2
2690 23 2
2691 23 2
2692 23 2
2693 24 2
2694 24 2
2695 24 2
2696 24 2
2697 24 2
2698 24 2
2699 24 2
2700 24 2
2701 24 2
2702 24 2
2703 24 2
2704 24 2
2705 24 2
2706 25 2
2707 25 2
2708 25 2
2709 25 2
2710 25 2
2711 26 3
2712 26 3
2713 27 3
2714 27 3
2715 27 3
2716 27 3
2717 28 3
2718 28 3
2719 28 3
2720 28 3
2721 28 3
2722 29 2
2723 29 2
2724 29 2
2725 29 3
2726 29 3
2727 29 3
2728 29 3
2729 29 3
2730 30 3
2731 30 3
2732 31 3
2733 31 3
2734 32 3
2735 32 3
2736 33 3
2737 33 3
2738 33 3
2739 33 3
2740 34 3
2741 34 3
2742 34 3
2743 34 3
2744 34 3
2745 35 3
2746 35 3
2747 35 4
2748 35 4
2749 35 4
2750 35 4
2751 35 4
2752 35 4
2753 36 4
2754 36 4
2755 36 4
2756 37 4
2757 37 4
2758 38 4
2759 38 4
2760 38 4
2761 38 4
2762 39 4
2763 39 4
2764 40 4
2765 41 4
2766 42 4
2767 44 4
2768 44 4
2769 45 4
2770 47 4
2771 48 4
2772 48 4
2773 48 4
2774 50 4
2775 55 5
2776 56 5
2777 57 5
2778 61 5
2779 63 5
2780 65 5
2781 72 5
2782 84 5
2783 100 6
