0 0 0
1 0 0
2 0 0
3 0 0
4 0 0
5 0 0
6 0 0
7 0 0
8 0 0
9 0 0
10 0 0
11 0 0
12 0 0
13 0 0
14 0 0
15 0 0
16 0 0
17 0 0
18 0 0
19 0 0
20 0 0
21 0 0
22 0 0
23 0 0
24 0 0
25 0 0
26 0 0
27 0 0
28 0 0
29 0 0
30 0 0
31 0 0
32 0 0
33 0 0
34 0 0
35 0 0
36 0 0
37 0 0
38 0 0
39 0 0
40 0 0
41 0 0
42 0 0
43 0 0
44 0 0
45 0 0
46 0 0
47 0 0
48 0 0
49 0 0
50 0 0
51 0 0
52 0 0
53 0 0
54 0 0
55 0 0
56 0 0
57 0 0
58 0 0
59 0 0
60 0 0
61 0 0
62 0 0
63 0 0
64 0 0
65 0 0
66 0 0
67 0 0
68 0 0
69 0 0
70 0 0
71 0 0
72 0 0
73 0 0
74 0 0
75 0 0
76 0 0
77 0 0
78 0 0
79 0 0
80 0 0
81 0 0
82 0 0
83 0 0
84 0 0
85 0 0
86 0 0
87 0 0
88 0 0
89 0 0
90 0 0
91 0 0
92 0 0
93 0 0
94 0 0
95 0 0
96 0 0
97 0 0
98 0 0
99 0 0
100 0 0
101 0 0
102 0 0
103 0 0
104 0 0
105 0 0
106 0 0
107 0 0
108 0 0
109 0 0
110 0 0
111 0 0
112 0 0
113 0 0
114 0 0
115 0 0
116 0 0
117 0 0
118 0 0
119 0 0
120 0 0
121 0 0
122 0 0
123 0 0
124 0 0
125 0 0
126 0 0
127 0 0
128 0 0
129 0 0
130 0 0
131 0 0
132 0 0
133 0 0
134 0 0
135 0 0
136 0 0
137 0 0
138 0 0
139 0 0
140 0 0
141 0 0
142 0 0
143 0 0
144 0 0
145 0 0
146 0 0
147 0 0
148 0 0
149 0 0
150 0 0
151 0 0
152 0 0
153 0 0
154 0 0
155 0 0
156 0 0
157 0 0
158 0 0
159 0 0
160 0 0
161 0 0
162 0 0
163 0 0
164 0 0
165 0 0
166 0 0
167 0 0
168 0 0
169 0 0
170 0 0
171 0 0
172 0 0
173 0 0
174 0 0
175 0 0
176 0 0
177 0 0
178 0 0
179 0 0
180 0 0
181 0 0
182 0 0
183 0 0
184 0 0
185 0 0
186 0 0
187 0 0
188 0 0
189 0 0
190 0 0
191 0 0
192 0 0
193 0 0
194 0 0
195 0 0
196 0 0
197 0 0
198 0 0
199 0 0
200 0 0
201 0 0
202 0 0
203 0 0
204 0 0
205 0 0
206 0 0
207 0 0
208 0 0
209 0 0
210 0 0
211 0 0
212 0 0
213 0 0
214 0 0
215 0 0
216 0 0
217 0 0
218 0 0
219 0 0
220 0 0
221 0 0
222 0 0
223 0 0
224 0 0
225 0 0
226 0 0
227 0 0
228 0 0
229 0 0
230 0 0
231 0 0
232 0 0
233 0 0
234 0 0
235 0 0
236 0 0
237 0 0
238 0 0
239 0 0
240 0 0
241 0 0
242 0 0
243 0 0
244 0 0
245 0 0
246 0 0
247 0 0
248 0 0
249 0 0
250 0 0
251 0 0
252 0 0
253 0 0
254 0 0
255 0 0
256 0 0
257 0 0
258 0 0
259 0 0
260 0 0
261 0 0
262 0 0
263 0 0
264 0 0
265 0 0
266 0 0
267 0 0
268 0 0
269 0 0
270 0 0
271 0 0
272 0 0
273 0 0
274 0 0
275 0 0
276 0 0
277 0 0
278 0 0
279 0 0
280 0 0
281 0 0
282 0 0
283 0 0
284 0 0
285 0 0
286 0 0
287 0 0
288 0 0
289 0 0
290 0 0
291 0 0
292 0 0
293 0 0
294 0 0
295 0 0
296 0 0
297 0 0
298 0 0
299 0 0
300 0 0
301 0 0
302 0 0
303 0 0
304 0 0
305 0 0
306 0 0
307 0 0
308 0 0
309 0 0
310 0 0
311 0 0
312 0 0
313 0 0
314 0 0
315 0 0
316 0 0
317 0 0
318 0 0
319 0 0
320 0 0
321 0 0
322 0 0
323 0 0
324 0 0
325 0 0
326 0 0
327 0 0
328 0 0
329 0 0
330 0 0
331 0 0
332 0 0
333 0 0
334 0 0
335 0 0
336 0 0
337 0 0
338 0 0
339 0 0
340 0 0
341 0 0
342 0 0
343 0 0
344 0 0
345 0 0
346 0 0
347 0 0
348 0 0
349 0 0
350 0 0
351 0 0
352 0 0
353 0 0
354 0 0
355 0 0
356 0 0
357 0 0
358 0 0
359 0 0
360 0 0
361 0 0
362 0 0
363 0 0
364 0 0
365 0 0
366 0 0
367 0 0
368 0 0
369 0 0
370 0 0
371 0 0
372 0 0
373 0 0
374 0 0
375 0 0
376 0 0
377 0 0
378 0 0
379 0 0
380 0 0
381 0 0
382 0 0
383 0 0
384 0 0
385 0 0
386 0 0
387 0 0
388 0 0
389 0 0
390 0 0
391 0 0
392 0 0
393 0 0
394 0 0
395 0 0
396 0 0
397 0 0
398 0 0
399 0 0
400 0 0
401 0 0
402 0 0
403 0 0
404 0 0
405 0 0
406 0 0
407 0 0
408 0 0
409 0 0
410 0 0
411 0 0
412 0 0
413 0 0
414 0 0
415 0 0
416 0 0
417 0 0
418 0 0
419 0 0
420 0 0
421 0 0
422 0 0
423 0 0
424 0 0
425 0 0
426 0 0
427 0 0
428 0 0
429 0 0
430 0 0
431 0 0
432 0 0
433 0 0
434 0 0
435 0 0
436 0 0
437 0 0
438 0 0
439 0 0
440 0 0
441 0 0
442 0 0
443 0 0
444 0 0
445 0 0
446 0 0
447 0 0
448 0 0
449 0 0
450 0 0
451 0 0
452 0 0
453 0 0
454 0 0
455 0 0
456 0 0
457 0 0
458 0 0
459 0 0
460 0 0
461 0 0
462 0 0
463 0 0
464 0 0
465 0 0
466 0 0
467 0 0
468 0 0
469 0 0
470 0 0
471 0 0
472 0 0
473 0 0
474 0 0
475 0 0
476 0 0
477 0 0
478 0 0
479 0 0
480 0 0
481 0 0
482 0 0
483 0 0
484 0 0
485 0 0
486 0 0
487 0 0
488 0 0
489 0 0
490 0 0
491 0 0
492 0 0
493 0 0
494 0 0
495 0 0
496 0 0
497 0 0
498 0 0
499 0 0
500 0 0
501 0 0
502 0 0
503 0 0
504 0 0
505 0 0
506 0 0
507 0 0
508 0 0
509 0 0
510 0 0
511 0 0
512 0 0
513 0 0
514 0 0
515 0 0
516 0 0
517 0 0
518 0 0
519 0 0
520 0 0
521 0 0
522 0 0
523 0 0
524 0 0
525 0 0
526 0 0
527 0 0
528 0 0
529 0 0
530 0 0
531 0 0
532 0 0
533 0 0
534 0 0
535 0 0
536 0 0
537 0 0
538 0 0
539 0 0
540 0 0
541 0 0
542 0 0
543 0 0
544 0 0
545 0 1
546 0 1
547 0 1
548 0 1
549 0 1
550 0 1
551 0 1
552 0 1
553 0 1
554 0 1
555 0 1
556 0 1
557 0 1
558 0 1
559 0 1
560 0 1
561 0 1
562 0 1
563 0 1
564 0 1
565 0 1
566 0 2
567 0 2
568 0 2
569 0 2
570 0 2
571 0 2
572 0 2
573 0 2
574 0 2
575 0 2
576 0 2
577 0 2
578 0 2
579 0 2
580 0 2
581 0 2
582 0 2
583 0 2
584 0 2
585 0 2
586 0 2
587 0 2
588 0 2
589 0 2
590 0 2
591 0 2
592 0 2
593 0 2
594 0 2
595 0 2
596 0 2
597 0 2
598 0 2
599 0 2
600 0 2
601 0 2
602 0 2
603 0 2
604 0 2
605 0 2
606 0 2
607 0 2
608 0 2
609 0 2
610 0 2
611 0 2
612 0 2
613 0 2
614 0 2
615 0 2
616 0 2
617 0 2
618 0 2
619 0 2
620 0 2
621 0 2
622 0 2
623 0 2
624 0 2
625 0 2
626 0 2
627 0 2
628 0 2
629 0 2
630 0 2
631 0 2
632 0 2
633 0 2
634 0 2
635 0 2
636 0 2
637 0 2
638 0 2
639 0 2
640 0 2
641 0 2
642 0 2
643 0 2
644 0 2
645 0 2
646 0 2
647 0 2
648 0 2
649 0 2
650 0 2
651 0 2
652 0 2
653 0 2
654 0 2
655 0 2
656 0 2
657 0 2
658 0 2
659 0 2
660 0 2
661 0 2
662 0 2
663 0 2
664 0 2
665 0 2
666 0 2
667 0 2
668 0 2
669 0 2
670 0 2
671 0 2
672 0 2
673 0 2
674 0 2
675 0 2
676 0 2
677 0 2
678 0 2
679 0 2
680 0 2
681 0 2
682 0 2
683 0 2
684 0 2
685 0 2
686 0 2
687 1 2
688 1 2
689 1 2
690 1 2
691 1 2
692 1 2
693 1 3
694 1 3
695 1 3
696 1 3
697 1 4
698 1 4
699 1 4
700 1 4
701 1 4
702 1 4
703 1 4
704 1 4
705 1 4
706 1 4
707 1 4
708 1 4
709 1 4
710 1 4
711 1 4
712 1 4
713 1 4
714 1 4
715 1 4
716 1 4
717 1 4
718 1 4
719 1 4
720 1 4
721 1 4
722 1 4
723 1 4
724 1 4
725 1 4
726 1 4
727 1 4
728 1 4
729 1 4
730 1 4
731 1 5
732 1 5
733 1 5
734 1 5
735 1 5
736 1 5
737 1 5
738 1 5
739 1 5
740 1 5
741 1 5
742 1 5
743 1 5
744 1 5
745 1 5
746 1 5
747 1 5
748 1 5
749 1 5
750 1 5
751 1 5
752 1 5
753 1 5
754 1 5
755 1 5
756 1 5
757 1 5
758 1 5
759 1 5
760 1 5
761 1 5
762 1 5
763 1 5
764 1 5
765 1 5
766 1 5
767 1 5
768 1 5
769 1 5
770 1 5
771 1 5
772 1 5
773 1 5
774 1 5
775 1 5
776 1 5
777 1 5
778 1 4
779 1 4
780 1 4
781 1 4
782 1 4
783 1 4
784 1 4
785 1 4
786 1 4
787 1 4
788 1 4
789 1 4
790 1 4
791 1 4
792 1 4
793 1 4
794 1 4
795 1 4
796 1 4
797 1 4
798 1 4
799 1 4
800 1 4
801 1 4
802 1 4
803 1 4
804 1 4
805 1 4
806 1 4
807 1 4
808 1 4
809 1 4
810 1 4
811 1 4
812 1 4
813 1 4
814 1 4
815 1 4
816 1 4
817 1 4
818 1 4
819 1 4
820 1 4
821 1 4
822 1 4
823 1 4
824 1 4
825 1 4
826 1 4
827 1 4
828 1 4
829 1 4
830 1 5
831 1 5
832 1 5
833 1 5
834 1 5
835 1 5
836 1 5
837 1 5
838 1 5
839 1 5
840 1 5
841 1 5
842 1 5
843 1 5
844 1 5
845 1 6
846 1 6
847 1 6
848 1 6
849 1 6
850 1 6
851 1 6
852 1 5
853 1 5
854 1 5
855 1 5
856 1 5
857 1 5
858 1 5
859 1 5
860 1 5
861 1 5
862 1 5
863 1 5
864 1 5
865 1 5
866 1 5
867 1 5
868 1 5
869 1 5
870 1 5
871 1 5
872 1 5
873 1 5
874 1 5
875 1 5
876 1 5
877 1 5
878 1 5
879 1 5
880 1 5
881 1 5
882 1 5
883 1 5
884 1 5
885 1 5
886 1 5
887 1 5
888 1 5
889 1 5
890 1 5
891 1 5
892 1 5
893 1 5
894 1 5
895 1 5
896 1 5
897 1 5
898 1 5
899 1 5
900 1 5
901 1 6
902 1 6
903 1 6
904 1 6
905 1 6
906 1 6
907 1 6
908 1 6
909 1 6
910 1 6
911 1 6
912 1 6
913 1 6
914 1 6
915 1 6
916 1 6
917 1 6
918 1 6
919 1 6
920 1 6
921 1 6
922 1 6
923 1 6
924 1 6
925 1 6
926 1 6
927 1 6
928 1 6
929 1 6
930 1 6
931 1 6
932 1 6
933 1 6
934 1 6
935 1 6
936 1 6
937 1 6
938 1 6
939 1 6
940 1 6
941 1 6
942 1 6
943 1 6
944 1 5
945 1 5
946 1 5
947 1 5
948 1 5
949 1 5
950 1 5
951 1 5
952 1 5
953 1 5
954 1 5
955 1 5
956 1 5
957 1 5
958 1 5
959 1 5
960 1 5
961 1 5
962 1 5
963 1 5
964 1 5
965 1 5
966 1 5
967 1 5
968 1 5
969 1 5
970 1 5
971 1 5
972 1 5
973 1 5
974 1 5
975 1 5
976 1 5
977 1 5
978 1 5
979 1 5
980 1 5
981 1 5
982 1 5
983 1 5
984 1 5
985 1 5
986 1 5
987 1 5
988 1 5
989 1 5
990 1 5
991 1 5
992 1 5
993 1 5
994 1 5
995 1 5
996 1 5
997 1 5
998 1 5
999 1 5
1000 1 5
1001 1 5
1002 1 5
1003 1 5
1004 1 5
1005 1 5
1006 1 5
1007 1 5
1008 1 5
1009 1 5
1010 1 5
1011 1 5
1012 1 5
1013 1 5
1014 1 5
1015 1 5
1016 1 5
1017 1 5
1018 1 5
1019 1 5
1020 1 5
1021 1 5
1022 1 5
1023 1 5
1024 1 5
1025 1 5
1026 1 5
1027 1 5
1028 1 5
1029 1 5
1030 1 5
1031 1 5
1032 1 5
1033 1 5
1034 1 5
1035 1 5
1036 1 5
1037 1 5
1038 1 5
1039 1 5
1040 1 5
1041 1 5
1042 1 5
1043 1 5
1044 1 5
1045 1 5
1046 1 5
1047 1 5
1048 1 5
1049 1 5
1050 1 5
1051 1 5
1052 1 5
1053 1 5
1054 1 5
1055 1 5
1056 1 5
1057 1 5
1058 1 5
1059 1 5
1060 1 5
1061 1 5
1062 1 5
1063 1 5
1064 1 5
1065 1 5
1066 1 5
1067 1 5
1068 1 5
1069 1 5
1070 1 5
1071 1 5
1072 1 5
1073 1 5
1074 1 5
1075 1 5
1076 1 5
1077 1 5
1078 1 5
1079 1 5
1080 1 5
1081 1 5
1082 1 5
1083 1 5
1084 1 5
1085 1 5
1086 1 6
1087 1 6
1088 1 6
1089 1 6
1090 1 6
1091 1 6
1092 1 6
1093 1 6
1094 1 6
1095 1 5
1096 1 5
1097 1 5
1098 1 5
1099 1 5
1100 1 5
1101 1 5
1102 1 5
1103 1 5
1104 1 5
1105 1 5
1106 1 5
1107 1 5
1108 1 5
1109 1 5
1110 1 5
1111 1 5
1112 1 5
1113 1 5
1114 1 5
1115 1 5
1116 1 5
1117 1 5
1118 1 5
1119 1 5
1120 1 5
1121 1 5
1122 1 5
1123 1 5
1124 1 5
1125 1 5
1126 1 5
1127 1 5
1128 1 5
1129 1 5
1130 1 5
1131 1 5
1132 1 5
1133 1 5
1134 1 5
1135 1 5
1136 1 5
1137 1 5
1138 1 5
1139 2 5
1140 2 5
1141 2 5
1142 2 5
1143 2 5
1144 2 5
1145 2 5
1146 2 5
1147 2 5
1148 2 5
1149 2 5
1150 2 5
1151 2 5
1152 2 5
1153 2 5
1154 2 5
1155 2 5
1156 2 5
1157 2 5
1158 2 5
1159 2 5
1160 2 5
1161 2 5
1162 2 5
1163 2 5
1164 2 5
1165 2 5
1166 2 5
1167 2 5
1168 2 5
1169 2 5
1170 2 5
1171 2 5
1172 2 5
1173 2 5
1174 2 5
1175 2 5
1176 2 5
1177 2 5
1178 2 5
1179 2 5
1180 2 5
1181 2 5
1182 2 5
1183 2 5
1184 2 5
1185 2 5
1186 2 5
1187 2 5
1188 2 5
1189 2 5
1190 2 5
1191 2 5
1192 2 5
1193 2 5
1194 2 5
1195 2 5
1196 2 5
1197 2 5
1198 2 5
1199 2 5
1200 2 5
1201 2 5
1202 2 5
1203 2 5
1204 2 5
1205 2 5
1206 2 5
1207 2 5
1208 2 5
1209 2 5
1210 2 5
1211 2 5
1212 2 5
1213 2 5
1214 2 5
1215 2 5
1216 2 5
1217 2 5
1218 2 5
1219 2 5
1220 2 5
1221 2 5
1222 2 5
1223 2 5
1224 2 5
1225 2 5
1226 2 5
1227 2 5
1228 2 5
1229 2 5
1230 2 5
1231 2 5
1232 2 5
1233 2 5
1234 2 5
1235 2 5
1236 2 5
1237 2 5
1238 2 5
1239 2 5
1240 2 5
1241 2 5
1242 2 5
1243 2 5
1244 2 5
1245 2 5
1246 2 5
1247 2 5
1248 2 5
1249 2 5
1250 2 5
1251 2 5
1252 2 5
1253 2 5
1254 2 5
1255 2 5
1256 2 5
1257 2 5
1258 2 5
1259 2 5
1260 2 5
1261 2 5
1262 2 5
1263 2 5
1264 2 5
1265 2 5
1266 2 5
1267 2 5
1268 2 5
1269 2 5
1270 2 5
1271 2 5
1272 2 5
1273 2 5
1274 2 5
1275 2 5
1276 2 5
1277 2 5
1278 2 5
1279 2 5
1280 2 5
1281 2 5
1282 2 5
1283 2 5
1284 2 5
1285 2 5
1286 2 5
1287 2 5
1288 2 5
1289 2 5
1290 2 5
1291 2 5
1292 2 5
1293 2 5
1294 2 5
1295 2 5
1296 2 5
1297 2 5
1298 2 5
1299 2 5
1300 2 5
1301 2 5
1302 2 5
1303 2 5
1304 2 5
1305 2 5
1306 2 5
1307 2 5
1308 2 5
1309 2 5
1310 2 5
1311 2 5
1312 2 5
1313 2 5
1314 2 5
1315 2 5
1316 2 5
1317 2 5
1318 2 5
1319 2 5
1320 2 5
1321 2 5
1322 2 5
1323 2 5
1324 2 5
1325 2 5
1326 2 5
1327 2 5
1328 2 5
1329 2 5
1330 2 5
1331 2 5
1332 2 5
1333 2 5
1334 2 5
1335 2 5
1336 2 5
1337 2 5
1338 2 5
1339 2 5
1340 2 5
1341 2 5
1342 2 5
1343 2 5
1344 2 5
1345 2 5
1346 2 5
1347 2 5
1348 2 5
1349 2 5
1350 2 5
1351 2 5
1352 2 5
1353 2 5
1354 2 5
1355 2 5
1356 2 5
1357 2 5
1358 2 5
1359 2 5
1360 2 5
1361 2 5
1362 2 5
1363 2 5
1364 2 5
1365 2 5
1366 2 5
1367 2 5
1368 2 5
1369 2 5
1370 2 5
1371 2 5
1372 2 5
1373 2 5
1374 2 5
1375 2 5
1376 2 5
1377 2 5
1378 2 5
1379 2 5
1380 2 5
1381 2 5
1382 2 5
1383 2 5
1384 2 5
1385 2 5
1386 2 5
1387 2 5
1388 2 5
1389 2 5
1390 2 5
1391 2 5
1392 2 5
1393 2 5
1394 2 5
1395 2 5
1396 2 5
1397 2 5
1398 2 5
1399 2 5
1400 2 5
1401 2 5
1402 2 5
1403 2 5
1404 2 5
1405 2 5
1406 2 5
1407 2 5
1408 2 5
1409 2 5
1410 2 5
1411 2 5
1412 2 5
1413 2 5
1414 2 5
1415 2 5
1416 2 5
1417 2 5
1418 2 5
1419 2 5
1420 2 5
1421 2 5
1422 2 5
1423 2 5
1424 2 5
1425 2 5
1426 2 5
1427 2 5
1428 2 5
1429 2 5
1430 2 5
1431 2 5
1432 2 5
1433 2 5
1434 2 5
1435 2 5
1436 2 5
1437 2 5
1438 2 5
1439 2 5
1440 2 5
1441 2 5
1442 2 5
1443 2 5
1444 2 5
1445 2 5
1446 2 5
1447 2 5
1448 2 5
1449 2 5
1450 2 5
1451 2 5
1452 2 5
1453 2 5
1454 2 5
1455 2 5
1456 2 5
1457 2 5
1458 2 5
1459 2 5
1460 2 5
1461 2 5
1462 2 5
1463 2 5
1464 2 5
1465 3 5
1466 3 5
1467 3 5
1468 3 5
1469 3 5
1470 3 5
1471 3 5
1472 3 5
1473 3 5
1474 3 5
1475 3 5
1476 3 5
1477 3 5
1478 3 5
1479 3 5
1480 3 5
1481 3 5
1482 3 5
1483 3 5
1484 3 5
1485 3 5
1486 3 5
1487 3 5
1488 3 5
1489 3 5
1490 3 5
1491 3 5
1492 3 5
1493 3 5
1494 3 5
1495 3 5
1496 3 5
1497 3 5
1498 3 5
1499 3 5
1500 3 5
1501 3 5
1502 3 5
1503 3 5
1504 3 5
1505 3 5
1506 3 5
1507 3 5
1508 3 5
1509 3 5
1510 3 5
1511 3 5
1512 3 5
1513 3 5
1514 3 5
1515 3 5
1516 3 5
1517 3 5
1518 3 5
1519 3 5
1520 3 5
1521 3 5
1522 3 5
1523 3 5
1524 3 5
1525 3 5
1526 3 5
1527 3 5
1528 3 5
1529 3 5
1530 3 5
1531 3 6
1532 3 6
1533 3 6
1534 3 6
1535 3 6
1536 3 6
1537 3 6
1538 3 6
1539 3 6
1540 3 6
1541 3 6
1542 3 6
1543 3 6
1544 3 6
1545 3 6
1546 3 6
1547 3 6
1548 3 6
1549 3 6
1550 3 6
1551 3 6
1552 3 6
1553 3 6
1554 3 6
1555 3 6
1556 3 6
1557 3 6
1558 3 6
1559 3 6
1560 3 6
1561 3 6
1562 3 6
1563 3 6
1564 3 6
1565 3 6
1566 3 6
1567 3 6
1568 3 6
1569 3 6
1570 3 6
1571 3 6
1572 3 6
1573 3 6
1574 3 6
1575 3 6
1576 3 6
1577 3 6
1578 3 6
1579 3 6
1580 3 6
1581 3 6
1582 3 6
1583 3 6
1584 3 6
1585 3 6
1586 3 6
1587 3 6
1588 3 6
1589 3 6
1590 3 6
1591 3 6
1592 3 6
1593 3 6
1594 3 6
1595 3 6
1596 3 6
1597 3 6
1598 3 6
1599 3 6
1600 3 6
1601 3 6
1602 3 6
1603 3 6
1604 3 6
1605 3 6
1606 3 6
1607 3 6
1608 3 6
1609 3 6
1610 3 6
1611 3 6
1612 3 6
1613 3 6
1614 3 6
1615 3 6
1616 3 6
1617 3 6
1618 3 6
1619 3 6
1620 3 6
1621 3 6
1622 3 6
1623 3 6
1624 3 6
1625 3 6
1626 3 6
1627 3 6
1628 3 6
1629 3 6
1630 3 6
1631 3 6
1632 3 6
1633 3 6
1634 3 6
1635 3 6
1636 3 6
1637 3 6
1638 3 6
1639 3 6
1640 3 6
1641 3 6
1642 3 6
1643 3 6
1644 3 6
1645 3 6
1646 3 6
1647 3 6
1648 3 6
1649 3 7
1650 3 7
1651 3 7
1652 3 7
1653 3 7
1654 3 7
1655 3 7
1656 3 7
1657 3 7
1658 3 7
1659 3 7
1660 3 7
1661 3 7
1662 3 7
1663 3 7
1664 3 7
1665 3 7
1666 3 7
1667 3 7
1668 3 7
1669 3 7
1670 3 7
1671 3 7
1672 3 7
1673 3 7
1674 4 6
1675 4 7
1676 4 7
1677 4 7
1678 4 7
1679 4 7
1680 4 7
1681 4 8
1682 4 8
1683 4 7
1684 4 7
1685 4 7
1686 4 7
1687 4 7
1688 4 7
1689 4 7
1690 4 7
1691 4 7
1692 4 7
1693 4 7
1694 4 7
1695 4 7
1696 4 7
1697 4 7
1698 4 7
1699 4 7
1700 4 7
1701 4 7
1702 4 7
1703 4 7
1704 4 7
1705 4 7
1706 4 7
1707 4 7
1708 4 7
1709 4 7
1710 4 7
1711 4 7
1712 4 7
1713 4 7
1714 4 7
1715 4 8
1716 4 8
1717 4 8
1718 4 8
1719 4 8
1720 4 8
1721 4 8
1722 4 8
1723 4 8
1724 4 8
1725 4 8
1726 4 8
1727 4 8
1728 4 8
1729 4 8
1730 4 8
1731 4 8
1732 4 8
1733 4 8
1734 4 8
1735 4 8
1736 4 8
1737 4 9
1738 4 9
1739 4 9
1740 4 9
1741 4 9
1742 4 9
1743 4 9
1744 4 9
1745 4 9
1746 4 9
1747 4 9
1748 4 9
1749 4 9
1750 4 9
1751 4 9
1752 4 9
1753 4 9
1754 4 9
1755 4 9
1756 4 9
1757 4 9
1758 4 9
1759 4 9
1760 4 9
1761 4 9
1762 4 9
1763 4 9
1764 4 9
1765 4 9
1766 4 9
1767 4 9
1768 4 9
1769 4 9
1770 4 9
1771 4 9
1772 4 9
1773 4 9
1774 4 9
1775 4 9
1776 4 9
1777 4 9
1778 4 9
1779 4 9
1780 4 9
1781 4 9
1782 4 9
1783 4 9
1784 4 9
1785 4 9
1786 4 9
1787 4 9
1788 4 9
1789 4 9
1790 4 9
1791 4 9
1792 4 9
1793 4 9
1794 4 9
1795 4 9
1796 4 9
1797 4 9
1798 4 9
1799 4 9
1800 4 9
1801 4 9
1802 4 9
1803 4 9
1804 4 9
1805 4 9
1806 4 9
1807 4 9
1808 4 9
1809 4 9
1810 4 9
1811 4 10
1812 4 10
1813 4 10
1814 4 10
1815 4 10
1816 4 10
1817 4 10
1818 4 10
1819 4 10
1820 4 10
1821 4 10
1822 4 10
1823 4 10
1824 4 10
1825 4 10
1826 4 10
1827 4 10
1828 4 10
1829 4 10
1830 4 10
1831 4 10
1832 4 10
1833 4 10
1834 4 10
1835 4 10
1836 4 10
1837 4 10
1838 4 10
1839 4 10
1840 4 10
1841 4 10
1842 4 10
1843 4 10
1844 4 10
1845 4 10
1846 4 10
1847 4 10
1848 4 10
1849 4 11
1850 5 10
1851 5 10
1852 5 10
1853 5 10
1854 5 10
1855 5 10
1856 5 10
1857 5 10
1858 5 10
1859 5 10
1860 5 10
1861 5 10
1862 5 10
1863 5 10
1864 5 10
1865 5 10
1866 5 10
1867 5 10
1868 5 10
1869 5 10
1870 5 10
1871 5 10
1872 5 10
1873 5 10
1874 5 10
1875 5 10
1876 5 10
1877 5 10
1878 5 10
1879 5 10
1880 5 10
1881 5 10
1882 5 10
1883 5 11
1884 5 11
1885 5 11
1886 5 11
1887 5 11
1888 5 11
1889 5 11
1890 5 11
1891 5 10
1892 5 10
1893 5 10
1894 5 10
1895 5 10
1896 5 10
1897 5 10
1898 5 10
1899 5 10
1900 5 10
1901 5 10
1902 5 11
1903 5 11
1904 5 11
1905 5 11
1906 5 11
1907 5 11
1908 5 11
1909 5 11
1910 5 11
1911 5 11
1912 5 11
1913 5 11
1914 5 11
1915 5 11
1916 5 11
1917 5 11
1918 5 11
1919 5 11
1920 5 11
1921 5 11
1922 5 11
1923 5 11
1924 5 11
1925 5 11
1926 5 11
1927 5 11
1928 5 11
1929 5 11
1930 5 11
1931 5 11
1932 5 11
1933 5 11
1934 5 11
1935 5 11
1936 5 11
1937 5 11
1938 5 11
1939 5 11
1940 5 11
1941 5 11
1942 5 11
1943 5 11
1944 5 11
1945 5 11
1946 5 11
1947 5 12
1948 5 12
1949 5 12
1950 5 12
1951 5 12
1952 5 12
1953 5 12
1954 5 12
1955 5 12
1956 5 12
1957 5 12
1958 5 12
1959 5 12
1960 5 12
1961 5 12
1962 5 12
1963 5 12
1964 5 12
1965 5 12
1966 5 12
1967 5 12
1968 5 12
1969 5 12
1970 5 12
1971 5 12
1972 5 12
1973 5 12
1974 5 12
1975 5 12
1976 5 12
1977 5 12
1978 5 12
1979 5 12
1980 5 12
1981 5 12
1982 5 12
1983 5 12
1984 5 12
1985 5 12
1986 5 12
1987 5 12
1988 5 12
1989 5 12
1990 5 12
1991 5 12
1992 5 12
1993 5 12
1994 5 12
1995 5 12
1996 5 12
1997 5 12
1998 6 12
1999 6 12
2000 6 13
2001 6 13
2002 6 13
2003 6 13
2004 6 13
2005 6 13
2006 6 13
2007 6 13
2008 6 13
2009 6 13
2010 6 13
2011 6 13
2012 6 13
2013 6 13
2014 6 13
2015 6 13
2016 6 13
2017 6 13
2018 6 13
2019 6 13
2020 6 13
2021 6 13
2022 6 13
2023 6 13
2024 6 13
2025 6 13
2026 6 13
2027 6 13
2028 6 13
2029 6 13
2030 6 13
2031 6 13
2032 6 13
2033 6 13
2034 6 13
2035 6 13
2036 6 13
2037 6 13
2038 6 13
2039 6 13
2040 6 13
2041 6 13
2042 6 13
2043 6 13
2044 6 13
2045 6 13
2046 6 13
2047 6 13
2048 6 13
2049 6 13
2050 6 13
2051 6 13
2052 6 13
2053 6 13
2054 6 13
2055 6 13
2056 6 13
2057 6 13
2058 6 13
2059 6 13
2060 6 13
2061 6 13
2062 6 13
2063 6 13
2064 6 13
2065 6 13
2066 6 13
2067 6 13
2068 6 13
2069 6 13
2070 6 13
2071 6 14
2072 6 14
2073 6 14
2074 6 14
2075 6 14
2076 6 14
2077 6 14
2078 6 14
2079 6 14
2080 6 14
2081 6 14
2082 6 14
2083 6 14
2084 6 14
2085 6 14
2086 6 14
2087 6 14
2088 6 14
2089 6 14
2090 6 14
2091 6 14
2092 6 14
2093 6 14
2094 6 14
2095 6 14
2096 6 14
2097 6 14
2098 6 14
2099 6 14
2100 6 14
2101 6 15
2102 6 15
2103 6 15
2104 6 15
2105 6 15
2106 6 15
2107 6 15
2108 6 15
2109 6 15
2110 6 15
2111 6 15
2112 6 15
2113 6 15
2114 6 15
2115 6 15
2116 6 15
2117 6 15
2118 7 15
2119 7 15
2120 7 15
2121 7 15
2122 7 15
2123 7 15
2124 7 15
2125 7 15
2126 7 15
2127 7 15
2128 7 15
2129 7 15
2130 7 15
2131 7 15
2132 7 15
2133 7 15
2134 7 15
2135 7 15
2136 7 15
2137 7 15
2138 7 15
2139 7 16
2140 7 16
2141 7 16
2142 7 16
2143 7 16
2144 7 16
2145 7 16
2146 7 16
2147 7 16
2148 7 16
2149 7 16
2150 7 16
2151 7 16
2152 7 16
2153 7 17
2154 7 17
2155 7 17
2156 7 17
2157 7 17
2158 7 17
2159 7 17
2160 7 17
2161 7 18
2162 7 18
2163 7 18
2164 7 18
2165 7 18
2166 7 18
2167 7 18
2168 7 18
2169 7 18
2170 7 18
2171 7 18
2172 7 18
2173 7 18
2174 7 18
2175 7 18
2176 7 18
2177 7 18
2178 7 18
2179 7 18
2180 7 18
2181 7 19
2182 7 19
2183 7 19
2184 7 19
2185 7 19
2186 7 19
2187 7 19
2188 7 19
2189 7 19
2190 7 19
2191 7 19
2192 7 19
2193 7 19
2194 7 19
2195 7 19
2196 7 19
2197 7 19
2198 7 19
2199 7 19
2200 7 19
2201 7 19
2202 7 19
2203 7 19
2204 7 19
2205 7 19
2206 7 19
2207 7 19
2208 8 19
2209 8 19
2210 8 19
2211 8 19
2212 8 19
2213 8 19
2214 8 19
2215 8 19
2216 8 19
2217 8 19
2218 8 19
2219 8 19
2220 8 19
2221 8 19
2222 8 19
2223 8 19
2224 8 19
2225 8 19
2226 8 19
2227 8 19
2228 8 19
2229 8 19
2230 8 19
2231 8 19
2232 8 19
2233 8 19
2234 8 19
2235 8 19
2236 8 19
2237 8 19
2238 8 19
2239 8 19
2240 8 20
2241 8 20
2242 8 20
2243 8 20
2244 8 20
2245 8 20
2246 8 20
2247 8 20
2248 8 20
2249 8 20
2250 8 20
2251 8 20
2252 8 21
2253 8 21
2254 8 21
2255 8 21
2256 8 21
2257 8 21
2258 8 21
2259 8 21
2260 8 21
2261 8 21
2262 8 21
2263 8 21
2264 8 21
2265 8 21
2266 8 22
2267 8 22
2268 8 22
2269 8 22
2270 8 22
2271 8 22
2272 8 22
2273 8 22
2274 8 22
2275 9 22
2276 9 22
2277 9 22
2278 9 22
2279 9 22
2280 9 22
2281 9 22
2282 9 22
2283 9 22
2284 9 22
2285 9 22
2286 9 22
2287 9 22
2288 9 22
2289 9 22
2290 9 22
2291 9 22
2292 9 22
2293 9 22
2294 9 22
2295 9 22
2296 9 22
2297 9 22
2298 9 22
2299 9 22
2300 9 22
2301 9 22
2302 9 22
2303 9 22
2304 9 23
2305 9 23
2306 9 23
2307 9 23
2308 9 23
2309 9 23
2310 9 23
2311 9 23
2312 9 23
2313 9 23
2314 9 23
2315 9 23
2316 9 23
2317 9 23
2318 9 23
2319 9 23
2320 9 23
2321 9 23
2322 9 23
2323 9 23
2324 9 23
2325 9 23
2326 9 23
2327 9 23
2328 9 23
2329 9 23
2330 9 23
2331 9 23
2332 9 23
2333 9 23
2334 9 23
2335 9 24
2336 9 24
2337 9 24
2338 9 24
2339 9 24
2340 10 24
2341 10 24
2342 10 24
2343 10 24
2344 10 24
2345 10 24
2346 10 24
2347 10 24
2348 10 24
2349 10 25
2350 10 25
2351 10 25
2352 10 25
2353 10 25
2354 10 25
2355 10 25
2356 10 25
2357 10 25
2358 10 25
2359 10 25
2360 10 25
2361 10 25
2362 10 25
2363 10 25
2364 10 25
2365 10 25
2366 10 25
2367 10 25
2368 10 25
2369 10 25
2370 10 25
2371 10 25
2372 10 25
2373 10 25
2374 10 25
2375 10 25
2376 10 25
2377 10 25
2378 10 25
2379 10 25
2380 10 25
2381 10 25
2382 10 25
2383 10 25
2384 10 25
2385 10 25
2386 10 25
2387 10 25
2388 10 25
2389 10 25
2390 10 25
2391 10 25
2392 10 26
2393 10 26
2394 10 26
2395 10 26
2396 10 26
2397 10 26
2398 10 26
2399 10 26
2400 10 26
2401 10 26
2402 10 26
2403 10 26
2404 10 26
2405 10 26
2406 10 26
2407 10 26
2408 10 26
2409 10 26
2410 11 26
2411 11 26
2412 11 26
2413 11 26
2414 11 26
2415 11 26
2416 11 26
2417 11 26
2418 11 26
2419 11 26
2420 11 26
2421 11 27
2422 11 27
2423 11 27
2424 11 27
2425 11 27
2426 11 27
2427 11 27
2428 11 27
2429 11 27
2430 11 27
2431 11 27
2432 11 27
2433 11 27
2434 11 27
2435 11 27
2436 11 27
2437 11 27
2438 11 27
2439 11 27
2440 11 27
2441 11 28
2442 11 28
2443 11 28
2444 11 28
2445 11 28
2446 11 28
2447 11 28
2448 11 28
2449 11 28
2450 11 28
2451 11 28
2452 11 28
2453 11 28
2454 11 28
2455 11 28
2456 11 28
2457 11 28
2458 11 28
2459 11 28
2460 11 28
2461 11 28
2462 11 29
2463 11 29
2464 11 29
2465 11 29
2466 11 29
2467 12 29
2468 12 29
2469 12 29
2470 12 29
2471 12 29
2472 12 29
2473 12 29
2474 12 29
2475 12 29
2476 12 29
2477 12 30
2478 12 30
2479 12 30
2480 12 30
2481 12 30
2482 12 30
2483 12 30
2484 12 30
2485 12 30
2486 12 30
2487 12 30
2488 12 30
2489 12 30
2490 12 30
2491 12 30
2492 12 30
2493 12 30
2494 12 30
2495 12 30
2496 12 30
2497 12 30
2498 12 30
2499 13 30
2500 13 30
2501 13 30
2502 13 30
2503 13 30
2504 13 30
2505 13 30
2506 13 30
2507 13 30
2508 13 30
2509 13 30
2510 13 31
2511 13 31
2512 13 31
2513 13 31
2514 13 31
2515 13 31
2516 13 31
2517 13 31
2518 13 31
2519 13 31
2520 13 31
2521 13 32
2522 13 32
2523 13 32
2524 13 32
2525 13 32
2526 13 32
2527 13 32
2528 13 32
2529 13 32
2530 13 32
2531 13 32
2532 14 32
2533 14 32
2534 14 32
2535 14 32
2536 14 32
2537 14 32
2538 14 32
2539 14 32
2540 14 32
2541 14 32
2542 14 32
2543 14 33
2544 14 33
2545 14 33
2546 14 33
2547 14 33
2548 14 33
2549 14 33
2550 14 33
2551 14 33
2552 14 33
2553 14 33
2554 14 33
2555 14 33
2556 14 33
2557 14 33
2558 14 33
2559 14 34
2560 14 34
2561 14 34
2562 14 34
2563 14 34
2564 14 34
2565 14 34
2566 14 34
2567 14 34
2568 14 34
2569 14 34
2570 14 34
2571 15 34
2572 15 34
2573 15 34
2574 15 34
2575 15 34
2576 15 34
2577 15 34
2578 15 34
2579 15 34
2580 15 34
2581 15 34
2582 15 34
2583 15 34
2584 15 34
2585 15 34
2586 15 34
2587 15 34
2588 15 35
2589 15 35
2590 15 35
2591 15 35
2592 15 35
2593 15 35
2594 15 35
2595 15 35
2596 16 35
2597 16 35
2598 16 35
2599 16 35
2600 16 35
2601 16 35
2602 16 35
2603 16 35
2604 16 35
2605 16 35
2606 16 35
2607 16 35
2608 16 35
2609 16 35
2610 16 36
2611 16 36
2612 16 36
2613 16 36
2614 16 36
2615 16 36
2616 16 36
2617 16 36
2618 16 36
2619 16 36
2620 16 36
2621 17 36
2622 17 36
2623 17 36
2624 17 36
2625 17 36
2626 17 36
2627 17 36
2628 17 36
2629 17 36
2630 17 36
2631 17 36
2632 17 36
2633 18 36
2634 18 36
2635 18 36
2636 18 36
2637 18 36
2638 18 36
2639 18 36
2640 18 36
2641 18 36
2642 18 36
2643 18 36
2644 18 36
2645 18 36
2646 18 36
2647 18 37
2648 19 37
2649 19 37
2650 19 37
2651 19 37
2652 19 37
2653 19 37
2654 19 37
2655 19 37
2656 19 37
2657 19 37
2658 19 37
2659 19 37
2660 19 38
2661 19 38
2662 19 38
2663 19 38
2664 19 38
2665 20 38
2666 20 38
2667 20 38
2668 20 38
2669 20 38
2670 20 38
2671 20 38
2672 20 38
2673 21 38
2674 21 38
2675 21 38
2676 21 38
2677 21 38
2678 21 38
2679 21 38
2680 22 38
2681 22 38
2682 22 38
2683 22 38
2684 22 38
2685 23 38
2686 23 39
2687 23 39
2688 23 39
2689 23 39
2690 23 39
2691 23 39
2692 23 39
2693 24 39
2694 24 39
2695 24 39
2696 24 39
2697 24 39
2698 24 39
2699 24 39
2700 24 39
2701 24 39
2702 24 39
2703 24 39
2704 24 39
2705 24 39
2706 25 40
2707 25 40
2708 25 40
2709 25 40
2710 25 40
2711 26 40
2712 26 40
2713 27 40
2714 27 40
2715 27 40
2716 27 40
2717 28 40
2718 28 40
2719 28 40
2720 28 40
2721 28 40
2722 29 40
2723 29 40
2724 29 40
2725 29 40
2726 29 40
2727 29 40
2728 29 41
2729 29 41
2730 30 41
2731 30 41
2732 31 41
2733 31 41
2734 32 41
2735 32 41
2736 33 41
2737 33 41
2738 33 41
2739 33 41
2740 34 41
2741 34 41
2742 34 41
2743 34 41
2744 34 41
2745 35 41
2746 35 41
2747 35 41
2748 35 41
2749 35 41
2750 35 41
2751 35 41
2752 35 41
2753 36 41
2754 36 42
2755 36 42
2756 37 42
2757 37 42
2758 38 42
2759 38 42
2760 38 42
2761 38 42
2762 39 42
2763 39 42
2764 40 42
2765 41 42
2766 42 42
2767 44 42
2768 44 42
2769 45 42
2770 47 42
2771 48 42
2772 48 42
2773 48 42
2774 50 42
2775 55 42
2776 56 43
2777 57 43
2778 61 43
2779 63 43
2780 65 43
2781 72 43
2782 84 43
2783 100 43
