0 0 0
1 0 0
2 0 0
3 0 0
4 0 0
5 0 0
6 0 0
7 0 0
8 0 0
9 0 0
10 0 0
11 0 0
12 0 0
13 0 0
14 0 0
15 0 0
16 0 0
17 0 0
18 0 0
19 0 0
20 0 0
21 0 0
22 0 0
23 0 0
24 0 0
25 0 0
26 0 0
27 0 0
28 0 0
29 0 0
30 0 0
31 0 0
32 0 0
33 0 0
34 0 0
35 0 0
36 0 100
37 0 100
38 0 100
39 0 100
40 0 100
41 0 100
42 0 100
43 0 100
44 0 100
45 0 100
46 0 100
47 0 100
48 0 100
49 0 100
50 0 100
51 0 100
52 0 50
53 0 50
54 0 50
55 0 50
56 0 50
57 0 50
58 0 50
59 0 50
60 0 50
61 0 50
62 0 50
63 0 50
64 0 50
65 0 50
66 0 50
67 0 50
68 0 50
69 0 50
70 0 50
71 0 50
72 0 50
73 0 33
74 0 33
75 0 33
76 0 33
77 0 33
78 0 33
79 0 33
80 0 33
81 0 33
82 0 33
83 0 33
84 0 33
85 0 33
86 0 33
87 0 33
88 0 33
89 0 33
90 0 33
91 0 33
92 0 33
93 0 33
94 0 33
95 0 33
96 0 33
97 0 33
98 0 33
99 0 33
100 0 33
101 0 33
102 0 33
103 0 33
104 0 33
105 0 33
106 0 33
107 0 33
108 0 33
109 0 33
110 0 33
111 0 33
112 0 33
113 0 33
114 0 33
115 0 33
116 0 33
117 0 25
118 0 20
119 0 20
120 0 20
121 0 20
122 0 20
123 0 20
124 0 16
125 0 14
126 0 14
127 0 14
128 0 14
129 0 14
130 0 12
131 0 12
132 0 12
133 0 12
134 0 12
135 0 12
136 0 12
137 0 12
138 0 12
139 0 12
140 0 12
141 0 12
142 0 11
143 0 11
144 0 11
145 0 11
146 0 10
147 0 10
148 0 10
149 0 10
150 0 9
151 0 9
152 0 9
153 0 9
154 0 9
155 0 9
156 0 9
157 0 9
158 0 9
159 0 9
160 0 9
161 0 9
162 0 9
163 0 9
164 0 9
165 0 9
166 0 9
167 0 9
168 0 9
169 0 9
170 0 9
171 0 9
172 0 8
173 0 8
174 0 8
175 0 8
176 0 8
177 0 8
178 0 8
179 0 8
180 0 8
181 0 8
182 0 8
183 0 8
184 0 8
185 0 8
186 0 8
187 0 8
188 0 8
189 0 8
190 0 8
191 0 8
192 0 8
193 0 8
194 0 8
195 0 8
196 0 8
197 0 8
198 0 7
199 0 7
200 0 7
201 0 7
202 0 7
203 0 7
204 0 7
205 0 7
206 0 7
207 0 7
208 0 7
209 0 7
210 0 7
211 0 7
212 0 7
213 0 7
214 0 7
215 0 7
216 0 7
217 0 7
218 0 7
219 0 7
220 0 7
221 0 7
222 0 7
223 0 7
224 0 7
225 0 7
226 0 7
227 0 7
228 0 7
229 0 7
230 0 7
231 0 7
232 0 7
233 0 7
234 0 7
235 0 7
236 0 7
237 0 7
238 0 7
239 0 7
240 0 7
241 0 7
242 0 7
243 0 7
244 0 6
245 0 6
246 0 6
247 0 6
248 0 6
249 0 6
250 0 6
251 0 6
252 0 5
253 0 5
254 0 5
255 0 5
256 0 5
257 0 4
258 0 4
259 0 4
260 0 4
261 0 4
262 0 4
263 0 4
264 0 4
265 0 4
266 0 4
267 0 4
268 0 4
269 0 4
270 0 4
271 0 4
272 0 4
273 0 4
274 0 4
275 0 4
276 0 4
277 0 4
278 0 4
279 0 4
280 0 4
281 0 4
282 0 4
283 0 4
284 0 4
285 0 4
286 0 4
287 0 4
288 0 4
289 0 4
290 0 4
291 0 4
292 0 4
293 0 4
294 0 4
295 0 4
296 0 4
297 0 4
298 0 4
299 0 4
300 0 4
301 0 4
302 0 3
303 0 3
304 0 3
305 0 3
306 0 3
307 0 3
308 0 3
309 0 3
310 0 3
311 0 3
312 0 3
313 0 3
314 0 3
315 0 3
316 0 3
317 0 3
318 0 3
319 0 3
320 0 3
321 0 3
322 0 3
323 0 3
324 0 3
325 0 3
326 0 3
327 0 3
328 0 3
329 0 3
330 0 3
331 0 3
332 0 3
333 0 3
334 0 3
335 0 3
336 0 3
337 0 3
338 0 3
339 0 3
340 0 3
341 0 3
342 0 3
343 0 3
344 0 3
345 0 3
346 0 3
347 0 3
348 0 3
349 0 3
350 0 2
351 0 2
352 0 2
353 0 2
354 0 2
355 0 2
356 0 2
357 0 2
358 0 2
359 0 2
360 0 2
361 0 2
362 0 2
363 0 2
364 0 2
365 0 2
366 0 2
367 0 2
368 0 2
369 0 2
370 0 2
371 0 2
372 0 2
373 0 2
374 0 2
375 0 2
376 0 2
377 0 2
378 0 2
379 0 2
380 0 2
381 0 2
382 0 2
383 0 2
384 0 2
385 0 2
386 0 2
387 0 2
388 0 2
389 0 2
390 0 2
391 0 2
392 0 2
393 0 2
394 0 2
395 0 2
396 0 2
397 0 2
398 0 2
399 0 2
400 0 2
401 0 2
402 0 2
403 0 2
404 0 2
405 0 2
406 0 2
407 0 2
408 0 2
409 0 2
410 0 2
411 0 2
412 0 2
413 0 2
414 0 2
415 0 2
416 0 2
417 0 2
418 0 2
419 0 2
420 0 2
421 0 2
422 0 2
423 0 2
424 0 2
425 0 2
426 0 2
427 0 2
428 0 2
429 0 1
430 0 1
431 0 1
432 0 1
433 0 1
434 0 1
435 0 1
436 0 1
437 0 1
438 0 1
439 0 1
440 0 1
441 0 1
442 0 1
443 0 1
444 0 1
445 0 1
446 0 1
447 0 1
448 0 1
449 0 1
450 0 1
451 0 1
452 0 1
453 0 1
454 0 1
455 0 1
456 0 1
457 0 1
458 0 1
459 0 1
460 0 1
461 0 1
462 0 1
463 0 1
464 0 1
465 0 1
466 0 1
467 0 1
468 0 1
469 0 1
470 0 3
471 0 3
472 0 3
473 0 3
474 0 3
475 0 3
476 0 3
477 0 3
478 0 3
479 0 3
480 0 3
481 0 3
482 0 3
483 0 3
484 0 3
485 0 3
486 0 3
487 0 3
488 0 3
489 0 3
490 0 3
491 0 3
492 0 3
493 0 3
494 0 3
495 0 3
496 0 3
497 0 3
498 0 3
499 0 3
500 0 3
501 0 3
502 0 3
503 0 3
504 0 3
505 0 3
506 0 3
507 0 3
508 0 3
509 0 3
510 0 3
511 0 3
512 0 3
513 0 3
514 0 3
515 0 3
516 0 3
517 0 3
518 0 3
519 0 3
520 0 3
521 0 3
522 0 3
523 0 3
524 0 2
525 0 2
526 0 2
527 0 2
528 0 2
529 0 2
530 0 2
531 0 2
532 0 2
533 0 2
534 0 2
535 0 2
536 0 2
537 0 2
538 0 2
539 0 2
540 0 2
541 0 2
542 0 2
543 0 2
544 0 2
545 0 4
546 0 4
547 0 4
548 0 4
549 0 4
550 0 4
551 0 4
552 0 4
553 0 4
554 0 4
555 0 4
556 0 4
557 0 4
558 0 4
559 0 4
560 0 4
561 0 4
562 0 4
563 0 4
564 0 4
565 0 4
566 0 5
567 0 5
568 0 5
569 0 5
570 0 5
571 0 6
572 0 6
573 0 6
574 0 6
575 0 6
576 0 6
577 0 6
578 0 6
579 0 6
580 0 6
581 0 6
582 0 6
583 0 6
584 0 6
585 0 6
586 0 6
587 0 6
588 0 6
589 0 6
590 0 6
591 0 6
592 0 6
593 0 6
594 0 6
595 0 6
596 0 6
597 0 6
598 0 6
599 0 6
600 0 6
601 0 6
602 0 6
603 0 6
604 0 6
605 0 6
606 0 6
607 0 6
608 0 6
609 0 6
610 0 6
611 0 6
612 0 6
613 0 6
614 0 6
615 0 6
616 0 6
617 0 6
618 0 6
619 0 6
620 0 6
621 0 6
622 0 6
623 0 6
624 0 6
625 0 7
626 0 8
627 0 8
628 0 8
629 0 8
630 0 8
631 0 8
632 0 8
633 0 8
634 0 8
635 0 8
636 0 8
637 0 8
638 0 8
639 0 8
640 0 8
641 0 8
642 0 8
643 0 8
644 0 8
645 0 8
646 0 8
647 0 8
648 0 8
649 0 8
650 0 8
651 0 8
652 0 8
653 0 8
654 0 8
655 0 8
656 0 8
657 0 8
658 0 8
659 0 9
660 0 9
661 0 9
662 0 9
663 0 9
664 0 9
665 0 9
666 0 9
667 0 9
668 0 9
669 0 9
670 0 9
671 0 10
672 0 10
673 0 10
674 0 10
675 0 10
676 0 10
677 0 10
678 0 10
679 0 10
680 0 10
681 0 10
682 0 10
683 0 10
684 0 10
685 0 10
686 0 10
687 1 10
688 1 10
689 1 10
690 1 10
691 1 10
692 1 10
693 1 11
694 1 11
695 1 11
696 1 11
697 1 12
698 1 12
699 1 12
700 1 12
701 1 12
702 1 12
703 1 11
704 1 11
705 1 11
706 1 11
707 1 11
708 1 11
709 1 11
710 1 11
711 1 11
712 1 11
713 1 11
714 1 11
715 1 11
716 1 11
717 1 11
718 1 11
719 1 11
720 1 11
721 1 11
722 1 11
723 1 11
724 1 11
725 1 11
726 1 11
727 1 11
728 1 11
729 1 11
730 1 11
731 1 12
732 1 12
733 1 12
734 1 12
735 1 12
736 1 12
737 1 12
738 1 12
739 1 12
740 1 12
741 1 12
742 1 12
743 1 12
744 1 13
745 1 13
746 1 13
747 1 13
748 1 13
749 1 13
750 1 13
751 1 13
752 1 13
753 1 13
754 1 13
755 1 13
756 1 13
757 1 13
758 1 13
759 1 13
760 1 13
761 1 13
762 1 13
763 1 13
764 1 13
765 1 13
766 1 13
767 1 13
768 1 13
769 1 13
770 1 13
771 1 13
772 1 13
773 1 13
774 1 13
775 1 13
776 1 13
777 1 13
778 1 13
779 1 13
780 1 13
781 1 13
782 1 14
783 1 14
784 1 14
785 1 14
786 1 14
787 1 14
788 1 14
789 1 14
790 1 14
791 1 14
792 1 14
793 1 14
794 1 14
795 1 14
796 1 14
797 1 14
798 1 14
799 1 14
800 1 14
801 1 14
802 1 14
803 1 14
804 1 14
805 1 14
806 1 14
807 1 14
808 1 14
809 1 14
810 1 14
811 1 14
812 1 14
813 1 14
814 1 14
815 1 14
816 1 14
817 1 14
818 1 14
819 1 14
820 1 14
821 1 13
822 1 13
823 1 13
824 1 13
825 1 13
826 1 13
827 1 13
828 1 13
829 1 13
830 1 14
831 1 14
832 1 14
833 1 14
834 1 14
835 1 14
836 1 14
837 1 14
838 1 14
839 1 14
840 1 14
841 1 14
842 1 14
843 1 15
844 1 15
845 1 15
846 1 15
847 1 15
848 1 15
849 1 16
850 1 16
851 1 16
852 1 17
853 1 17
854 1 17
855 1 17
856 1 17
857 1 17
858 1 17
859 1 17
860 1 17
861 1 17
862 1 17
863 1 17
864 1 17
865 1 17
866 1 17
867 1 17
868 1 17
869 1 17
870 1 17
871 1 17
872 1 18
873 1 18
874 1 18
875 1 18
876 1 18
877 1 18
878 1 18
879 1 18
880 1 18
881 1 18
882 1 18
883 1 18
884 1 18
885 1 18
886 1 18
887 1 18
888 1 18
889 1 18
890 1 18
891 1 19
892 1 19
893 1 19
894 1 19
895 1 19
896 1 19
897 1 19
898 1 19
899 1 19
900 1 19
901 1 19
902 1 19
903 1 19
904 1 20
905 1 20
906 1 20
907 1 20
908 1 20
909 1 20
910 1 20
911 1 20
912 1 20
913 1 20
914 1 20
915 1 20
916 1 20
917 1 20
918 1 20
919 1 20
920 1 20
921 1 20
922 1 20
923 1 20
924 1 20
925 1 19
926 1 19
927 1 19
928 1 19
929 1 19
930 1 19
931 1 19
932 1 19
933 1 19
934 1 19
935 1 19
936 1 19
937 1 19
938 1 19
939 1 19
940 1 19
941 1 19
942 1 19
943 1 19
944 1 19
945 1 19
946 1 20
947 1 20
948 1 20
949 1 20
950 1 20
951 1 20
952 1 20
953 1 20
954 1 20
955 1 20
956 1 20
957 1 20
958 1 19
959 1 19
960 1 19
961 1 19
962 1 19
963 1 19
964 1 19
965 1 20
966 1 20
967 1 20
968 1 20
969 1 20
970 1 20
971 1 20
972 1 20
973 1 20
974 1 20
975 1 20
976 1 20
977 1 20
978 1 20
979 1 20
980 1 20
981 1 20
982 1 20
983 1 20
984 1 20
985 1 20
986 1 20
987 1 20
988 1 20
989 1 20
990 1 20
991 1 20
992 1 20
993 1 20
994 1 20
995 1 20
996 1 20
997 1 20
998 1 20
999 1 20
1000 1 20
1001 1 20
1002 1 21
1003 1 21
1004 1 21
1005 1 20
1006 1 20
1007 1 20
1008 1 20
1009 1 20
1010 1 20
1011 1 21
1012 1 21
1013 1 21
1014 1 21
1015 1 21
1016 1 21
1017 1 21
1018 1 21
1019 1 21
1020 1 21
1021 1 21
1022 1 20
1023 1 20
1024 1 20
1025 1 20
1026 1 20
1027 1 20
1028 1 20
1029 1 21
1030 1 21
1031 1 21
1032 1 21
1033 1 21
1034 1 21
1035 1 21
1036 1 21
1037 1 21
1038 1 22
1039 1 22
1040 1 22
1041 1 22
1042 1 22
1043 1 22
1044 1 22
1045 1 22
1046 1 22
1047 1 22
1048 1 22
1049 1 22
1050 1 22
1051 1 22
1052 1 22
1053 1 22
1054 1 22
1055 1 22
1056 1 22
1057 1 22
1058 1 22
1059 1 22
1060 1 22
1061 1 22
1062 1 22
1063 1 22
1064 1 22
1065 1 22
1066 1 22
1067 1 21
1068 1 21
1069 1 21
1070 1 21
1071 1 21
1072 1 21
1073 1 21
1074 1 21
1075 1 21
1076 1 21
1077 1 21
1078 1 21
1079 1 21
1080 1 21
1081 1 22
1082 1 22
1083 1 22
1084 1 22
1085 1 22
1086 1 23
1087 1 23
1088 1 23
1089 1 23
1090 1 23
1091 1 23
1092 1 23
1093 1 23
1094 1 23
1095 1 23
1096 1 23
1097 1 23
1098 1 23
1099 1 23
1100 1 23
1101 1 23
1102 1 23
1103 1 23
1104 1 24
1105 1 24
1106 1 24
1107 1 24
1108 1 24
1109 1 24
1110 1 24
1111 1 24
1112 1 24
1113 1 24
1114 1 24
1115 1 24
1116 1 24
1117 1 24
1118 1 24
1119 1 24
1120 1 24
1121 1 24
1122 1 25
1123 1 24
1124 1 24
1125 1 24
1126 1 24
1127 1 24
1128 1 24
1129 1 24
1130 1 24
1131 1 24
1132 1 25
1133 1 25
1134 1 25
1135 1 25
1136 1 25
1137 1 25
1138 1 25
1139 2 25
1140 2 25
1141 2 24
1142 2 24
1143 2 24
1144 2 24
1145 2 24
1146 2 24
1147 2 24
1148 2 24
1149 2 24
1150 2 24
1151 2 24
1152 2 24
1153 2 24
1154 2 24
1155 2 24
1156 2 24
1157 2 24
1158 2 24
1159 2 24
1160 2 24
1161 2 24
1162 2 24
1163 2 24
1164 2 24
1165 2 24
1166 2 24
1167 2 24
1168 2 24
1169 2 24
1170 2 24
1171 2 24
1172 2 24
1173 2 24
1174 2 24
1175 2 24
1176 2 24
1177 2 24
1178 2 24
1179 2 24
1180 2 24
1181 2 24
1182 2 24
1183 2 24
1184 2 25
1185 2 25
1186 2 25
1187 2 25
1188 2 25
1189 2 25
1190 2 25
1191 2 25
1192 2 25
1193 2 25
1194 2 25
1195 2 25
1196 2 25
1197 2 25
1198 2 25
1199 2 25
1200 2 25
1201 2 25
1202 2 24
1203 2 24
1204 2 24
1205 2 24
1206 2 24
1207 2 24
1208 2 24
1209 2 24
1210 2 24
1211 2 24
1212 2 24
1213 2 24
1214 2 24
1215 2 24
1216 2 24
1217 2 24
1218 2 24
1219 2 24
1220 2 24
1221 2 24
1222 2 24
1223 2 24
1224 2 25
1225 2 25
1226 2 25
1227 2 25
1228 2 25
1229 2 24
1230 2 24
1231 2 24
1232 2 24
1233 2 24
1234 2 24
1235 2 24
1236 2 24
1237 2 24
1238 2 24
1239 2 24
1240 2 24
1241 2 24
1242 2 24
1243 2 24
1244 2 24
1245 2 24
1246 2 24
1247 2 24
1248 2 24
1249 2 24
1250 2 24
1251 2 24
1252 2 24
1253 2 24
1254 2 24
1255 2 24
1256 2 24
1257 2 24
1258 2 24
1259 2 24
1260 2 24
1261 2 24
1262 2 24
1263 2 24
1264 2 24
1265 2 24
1266 2 24
1267 2 24
1268 2 24
1269 2 24
1270 2 24
1271 2 24
1272 2 24
1273 2 24
1274 2 24
1275 2 24
1276 2 24
1277 2 24
1278 2 24
1279 2 24
1280 2 24
1281 2 25
1282 2 25
1283 2 25
1284 2 25
1285 2 25
1286 2 25
1287 2 25
1288 2 25
1289 2 25
1290 2 25
1291 2 25
1292 2 24
1293 2 24
1294 2 24
1295 2 24
1296 2 24
1297 2 24
1298 2 24
1299 2 24
1300 2 24
1301 2 24
1302 2 24
1303 2 24
1304 2 25
1305 2 25
1306 2 25
1307 2 25
1308 2 25
1309 2 25
1310 2 25
1311 2 25
1312 2 25
1313 2 25
1314 2 25
1315 2 25
1316 2 25
1317 2 25
1318 2 25
1319 2 25
1320 2 25
1321 2 25
1322 2 25
1323 2 25
1324 2 25
1325 2 25
1326 2 25
1327 2 25
1328 2 25
1329 2 25
1330 2 25
1331 2 25
1332 2 25
1333 2 25
1334 2 25
1335 2 25
1336 2 25
1337 2 25
1338 2 25
1339 2 25
1340 2 25
1341 2 25
1342 2 25
1343 2 25
1344 2 25
1345 2 25
1346 2 25
1347 2 25
1348 2 25
1349 2 25
1350 2 25
1351 2 25
1352 2 25
1353 2 25
1354 2 25
1355 2 25
1356 2 25
1357 2 25
1358 2 26
1359 2 26
1360 2 26
1361 2 26
1362 2 26
1363 2 26
1364 2 26
1365 2 26
1366 2 26
1367 2 26
1368 2 26
1369 2 26
1370 2 26
1371 2 26
1372 2 26
1373 2 26
1374 2 26
1375 2 26
1376 2 26
1377 2 26
1378 2 26
1379 2 26
1380 2 26
1381 2 26
1382 2 26
1383 2 26
1384 2 26
1385 2 26
1386 2 26
1387 2 26
1388 2 26
1389 2 26
1390 2 27
1391 2 27
1392 2 27
1393 2 27
1394 2 27
1395 2 26
1396 2 26
1397 2 26
1398 2 26
1399 2 26
1400 2 26
1401 2 26
1402 2 26
1403 2 26
1404 2 26
1405 2 27
1406 2 27
1407 2 27
1408 2 27
1409 2 27
1410 2 26
1411 2 26
1412 2 26
1413 2 27
1414 2 27
1415 2 27
1416 2 27
1417 2 27
1418 2 27
1419 2 27
1420 2 27
1421 2 27
1422 2 27
1423 2 27
1424 2 27
1425 2 27
1426 2 27
1427 2 27
1428 2 27
1429 2 27
1430 2 27
1431 2 27
1432 2 27
1433 2 27
1434 2 27
1435 2 27
1436 2 27
1437 2 27
1438 2 27
1439 2 27
1440 2 27
1441 2 27
1442 2 27
1443 2 27
1444 2 27
1445 2 27
1446 2 27
1447 2 27
1448 2 27
1449 2 27
1450 2 27
1451 2 27
1452 2 27
1453 2 27
1454 2 27
1455 2 27
1456 2 27
1457 2 27
1458 2 27
1459 2 27
1460 2 27
1461 2 27
1462 2 27
1463 2 27
1464 2 27
1465 3 27
1466 3 27
1467 3 27
1468 3 27
1469 3 27
1470 3 27
1471 3 27
1472 3 27
1473 3 27
1474 3 27
1475 3 27
1476 3 27
1477 3 27
1478 3 27
1479 3 27
1480 3 27
1481 3 27
1482 3 27
1483 3 27
1484 3 27
1485 3 27
1486 3 27
1487 3 27
1488 3 27
1489 3 27
1490 3 27
1491 3 27
1492 3 27
1493 3 27
1494 3 27
1495 3 27
1496 3 27
1497 3 27
1498 3 27
1499 3 27
1500 3 27
1501 3 27
1502 3 27
1503 3 27
1504 3 27
1505 3 27
1506 3 27
1507 3 27
1508 3 27
1509 3 27
1510 3 27
1511 3 27
1512 3 27
1513 3 27
1514 3 27
1515 3 27
1516 3 27
1517 3 27
1518 3 27
1519 3 27
1520 3 27
1521 3 27
1522 3 27
1523 3 27
1524 3 27
1525 3 27
1526 3 27
1527 3 27
1528 3 27
1529 3 27
1530 3 27
1531 3 27
1532 3 27
1533 3 27
1534 3 28
1535 3 28
1536 3 28
1537 3 28
1538 3 28
1539 3 28
1540 3 28
1541 3 28
1542 3 28
1543 3 28
1544 3 28
1545 3 28
1546 3 28
1547 3 28
1548 3 28
1549 3 28
1550 3 28
1551 3 28
1552 3 28
1553 3 28
1554 3 28
1555 3 28
1556 3 28
1557 3 28
1558 3 28
1559 3 28
1560 3 28
1561 3 28
1562 3 28
1563 3 28
1564 3 28
1565 3 28
1566 3 28
1567 3 28
1568 3 28
1569 3 28
1570 3 28
1571 3 28
1572 3 28
1573 3 28
1574 3 28
1575 3 28
1576 3 28
1577 3 28
1578 3 28
1579 3 28
1580 3 28
1581 3 28
1582 3 28
1583 3 29
1584 3 29
1585 3 29
1586 3 28
1587 3 28
1588 3 28
1589 3 28
1590 3 28
1591 3 28
1592 3 28
1593 3 28
1594 3 28
1595 3 28
1596 3 28
1597 3 28
1598 3 28
1599 3 28
1600 3 28
1601 3 28
1602 3 28
1603 3 28
1604 3 28
1605 3 28
1606 3 28
1607 3 28
1608 3 28
1609 3 28
1610 3 28
1611 3 28
1612 3 28
1613 3 28
1614 3 28
1615 3 28
1616 3 28
1617 3 28
1618 3 28
1619 3 28
1620 3 28
1621 3 28
1622 3 28
1623 3 28
1624 3 28
1625 3 28
1626 3 28
1627 3 28
1628 3 28
1629 3 28
1630 3 28
1631 3 28
1632 3 29
1633 3 29
1634 3 29
1635 3 29
1636 3 29
1637 3 29
1638 3 29
1639 3 29
1640 3 29
1641 3 29
1642 3 29
1643 3 29
1644 3 29
1645 3 29
1646 3 29
1647 3 29
1648 3 29
1649 3 29
1650 3 29
1651 3 29
1652 3 29
1653 3 29
1654 3 29
1655 3 29
1656 3 29
1657 3 29
1658 3 29
1659 3 29
1660 3 29
1661 3 29
1662 3 29
1663 3 29
1664 3 29
1665 3 29
1666 3 29
1667 3 29
1668 3 29
1669 3 29
1670 3 29
1671 3 29
1672 3 29
1673 3 29
1674 4 29
1675 4 29
1676 4 29
1677 4 29
1678 4 29
1679 4 29
1680 4 29
1681 4 30
1682 4 30
1683 4 30
1684 4 29
1685 4 29
1686 4 29
1687 4 29
1688 4 29
1689 4 29
1690 4 29
1691 4 29
1692 4 29
1693 4 29
1694 4 29
1695 4 29
1696 4 30
1697 4 30
1698 4 30
1699 4 30
1700 4 30
1701 4 30
1702 4 30
1703 4 30
1704 4 30
1705 4 30
1706 4 30
1707 4 30
1708 4 30
1709 4 30
1710 4 30
1711 4 30
1712 4 30
1713 4 30
1714 4 30
1715 4 30
1716 4 30
1717 4 30
1718 4 30
1719 4 30
1720 4 30
1721 4 30
1722 4 30
1723 4 30
1724 4 30
1725 4 30
1726 4 30
1727 4 30
1728 4 30
1729 4 30
1730 4 30
1731 4 30
1732 4 30
1733 4 30
1734 4 30
1735 4 30
1736 4 30
1737 4 31
1738 4 31
1739 4 31
1740 4 31
1741 4 31
1742 4 31
1743 4 31
1744 4 31
1745 4 31
1746 4 31
1747 4 31
1748 4 31
1749 4 31
1750 4 30
1751 4 30
1752 4 31
1753 4 31
1754 4 31
1755 4 31
1756 4 30
1757 4 31
1758 4 31
1759 4 31
1760 4 31
1761 4 31
1762 4 31
1763 4 31
1764 4 31
1765 4 31
1766 4 31
1767 4 31
1768 4 31
1769 4 31
1770 4 31
1771 4 30
1772 4 30
1773 4 31
1774 4 31
1775 4 31
1776 4 31
1777 4 31
1778 4 31
1779 4 31
1780 4 31
1781 4 31
1782 4 31
1783 4 31
1784 4 31
1785 4 31
1786 4 31
1787 4 31
1788 4 31
1789 4 31
1790 4 31
1791 4 31
1792 4 31
1793 4 30
1794 4 30
1795 4 30
1796 4 30
1797 4 30
1798 4 30
1799 4 30
1800 4 30
1801 4 30
1802 4 30
1803 4 30
1804 4 30
1805 4 31
1806 4 31
1807 4 31
1808 4 31
1809 4 31
1810 4 30
1811 4 31
1812 4 31
1813 4 31
1814 4 31
1815 4 31
1816 4 31
1817 4 31
1818 4 31
1819 4 31
1820 4 31
1821 4 31
1822 4 31
1823 4 31
1824 4 31
1825 4 31
1826 4 31
1827 4 31
1828 4 31
1829 4 31
1830 4 31
1831 4 31
1832 4 31
1833 4 31
1834 4 31
1835 4 31
1836 4 31
1837 4 31
1838 4 31
1839 4 31
1840 4 31
1841 4 31
1842 4 31
1843 4 31
1844 4 31
1845 4 31
1846 4 31
1847 4 31
1848 4 31
1849 4 31
1850 5 31
1851 5 31
1852 5 31
1853 5 31
1854 5 31
1855 5 31
1856 5 31
1857 5 31
1858 5 31
1859 5 31
1860 5 31
1861 5 31
1862 5 31
1863 5 31
1864 5 31
1865 5 31
1866 5 31
1867 5 31
1868 5 31
1869 5 31
1870 5 31
1871 5 31
1872 5 31
1873 5 31
1874 5 31
1875 5 31
1876 5 31
1877 5 31
1878 5 31
1879 5 31
1880 5 31
1881 5 31
1882 5 31
1883 5 31
1884 5 31
1885 5 31
1886 5 31
1887 5 31
1888 5 31
1889 5 31
1890 5 31
1891 5 31
1892 5 31
1893 5 31
1894 5 31
1895 5 31
1896 5 31
1897 5 31
1898 5 31
1899 5 31
1900 5 31
1901 5 31
1902 5 31
1903 5 31
1904 5 31
1905 5 31
1906 5 31
1907 5 31
1908 5 31
1909 5 31
1910 5 31
1911 5 31
1912 5 31
1913 5 31
1914 5 31
1915 5 31
1916 5 31
1917 5 31
1918 5 31
1919 5 31
1920 5 31
1921 5 31
1922 5 31
1923 5 31
1924 5 31
1925 5 31
1926 5 31
1927 5 31
1928 5 31
1929 5 31
1930 5 31
1931 5 31
1932 5 31
1933 5 31
1934 5 31
1935 5 31
1936 5 31
1937 5 31
1938 5 31
1939 5 31
1940 5 31
1941 5 31
1942 5 31
1943 5 31
1944 5 31
1945 5 31
1946 5 31
1947 5 31
1948 5 31
1949 5 31
1950 5 31
1951 5 31
1952 5 31
1953 5 31
1954 5 31
1955 5 31
1956 5 30
1957 5 30
1958 5 30
1959 5 30
1960 5 30
1961 5 30
1962 5 30
1963 5 30
1964 5 30
1965 5 30
1966 5 30
1967 5 30
1968 5 30
1969 5 30
1970 5 30
1971 5 30
1972 5 30
1973 5 30
1974 5 30
1975 5 30
1976 5 30
1977 5 30
1978 5 30
1979 5 30
1980 5 30
1981 5 30
1982 5 30
1983 5 30
1984 5 30
1985 5 30
1986 5 30
1987 5 30
1988 5 30
1989 5 30
1990 5 30
1991 5 30
1992 5 30
1993 5 30
1994 5 30
1995 5 30
1996 5 30
1997 5 30
1998 6 30
1999 6 30
2000 6 30
2001 6 30
2002 6 30
2003 6 30
2004 6 30
2005 6 30
2006 6 30
2007 6 30
2008 6 30
2009 6 30
2010 6 30
2011 6 30
2012 6 30
2013 6 30
2014 6 30
2015 6 30
2016 6 30
2017 6 30
2018 6 30
2019 6 30
2020 6 30
2021 6 30
2022 6 30
2023 6 30
2024 6 30
2025 6 30
2026 6 30
2027 6 30
2028 6 30
2029 6 30
2030 6 30
2031 6 30
2032 6 30
2033 6 30
2034 6 30
2035 6 30
2036 6 30
2037 6 30
2038 6 30
2039 6 30
2040 6 30
2041 6 30
2042 6 30
2043 6 30
2044 6 30
2045 6 30
2046 6 30
2047 6 30
2048 6 30
2049 6 30
2050 6 30
2051 6 30
2052 6 30
2053 6 30
2054 6 30
2055 6 30
2056 6 30
2057 6 30
2058 6 30
2059 6 30
2060 6 30
2061 6 30
2062 6 30
2063 6 30
2064 6 30
2065 6 30
2066 6 30
2067 6 30
2068 6 30
2069 6 30
2070 6 30
2071 6 30
2072 6 30
2073 6 30
2074 6 30
2075 6 30
2076 6 30
2077 6 30
2078 6 30
2079 6 30
2080 6 30
2081 6 31
2082 6 31
2083 6 31
2084 6 31
2085 6 31
2086 6 31
2087 6 31
2088 6 31
2089 6 31
2090 6 31
2091 6 31
2092 6 31
2093 6 31
2094 6 31
2095 6 31
2096 6 31
2097 6 31
2098 6 31
2099 6 31
2100 6 31
2101 6 31
2102 6 31
2103 6 31
2104 6 31
2105 6 31
2106 6 31
2107 6 31
2108 6 31
2109 6 31
2110 6 31
2111 6 31
2112 6 31
2113 6 31
2114 6 31
2115 6 31
2116 6 31
2117 6 31
2118 7 31
2119 7 31
2120 7 31
2121 7 31
2122 7 31
2123 7 31
2124 7 31
2125 7 31
2126 7 31
2127 7 31
2128 7 31
2129 7 31
2130 7 31
2131 7 31
2132 7 31
2133 7 31
2134 7 31
2135 7 31
2136 7 31
2137 7 31
2138 7 31
2139 7 31
2140 7 31
2141 7 31
2142 7 31
2143 7 31
2144 7 31
2145 7 31
2146 7 31
2147 7 31
2148 7 31
2149 7 31
2150 7 31
2151 7 31
2152 7 31
2153 7 31
2154 7 31
2155 7 31
2156 7 31
2157 7 31
2158 7 31
2159 7 31
2160 7 31
2161 7 31
2162 7 31
2163 7 31
2164 7 31
2165 7 31
2166 7 31
2167 7 31
2168 7 31
2169 7 31
2170 7 31
2171 7 31
2172 7 31
2173 7 31
2174 7 31
2175 7 31
2176 7 31
2177 7 31
2178 7 31
2179 7 31
2180 7 31
2181 7 31
2182 7 31
2183 7 31
2184 7 31
2185 7 31
2186 7 31
2187 7 31
2188 7 31
2189 7 31
2190 7 31
2191 7 31
2192 7 31
2193 7 31
2194 7 31
2195 7 31
2196 7 31
2197 7 31
2198 7 31
2199 7 31
2200 7 31
2201 7 31
2202 7 31
2203 7 31
2204 7 31
2205 7 31
2206 7 31
2207 7 31
2208 8 31
2209 8 31
2210 8 31
2211 8 31
2212 8 31
2213 8 31
2214 8 31
2215 8 31
2216 8 31
2217 8 31
2218 8 31
2219 8 31
2220 8 31
2221 8 31
2222 8 31
2223 8 31
2224 8 31
2225 8 31
2226 8 31
2227 8 31
2228 8 31
2229 8 31
2230 8 31
2231 8 31
2232 8 31
2233 8 31
2234 8 31
2235 8 31
2236 8 31
2237 8 31
2238 8 31
2239 8 31
2240 8 31
2241 8 31
2242 8 31
2243 8 31
2244 8 31
2245 8 31
2246 8 31
2247 8 31
2248 8 31
2249 8 31
2250 8 31
2251 8 31
2252 8 31
2253 8 31
2254 8 31
2255 8 31
2256 8 31
2257 8 32
2258 8 32
2259 8 32
2260 8 32
2261 8 31
2262 8 32
2263 8 32
2264 8 32
2265 8 32
2266 8 32
2267 8 32
2268 8 32
2269 8 32
2270 8 32
2271 8 32
2272 8 32
2273 8 32
2274 8 32
2275 9 32
2276 9 32
2277 9 32
2278 9 32
2279 9 32
2280 9 32
2281 9 32
2282 9 32
2283 9 32
2284 9 32
2285 9 32
2286 9 32
2287 9 32
2288 9 32
2289 9 32
2290 9 32
2291 9 32
2292 9 32
2293 9 32
2294 9 32
2295 9 32
2296 9 32
2297 9 32
2298 9 32
2299 9 32
2300 9 32
2301 9 32
2302 9 32
2303 9 32
2304 9 32
2305 9 32
2306 9 32
2307 9 32
2308 9 32
2309 9 32
2310 9 32
2311 9 32
2312 9 32
2313 9 32
2314 9 32
2315 9 32
2316 9 32
2317 9 32
2318 9 32
2319 9 32
2320 9 32
2321 9 32
2322 9 32
2323 9 32
2324 9 32
2325 9 32
2326 9 32
2327 9 32
2328 9 32
2329 9 32
2330 9 32
2331 9 32
2332 9 32
2333 9 32
2334 9 32
2335 9 32
2336 9 33
2337 9 33
2338 9 33
2339 9 33
2340 10 33
2341 10 33
2342 10 33
2343 10 33
2344 10 33
2345 10 33
2346 10 33
2347 10 33
2348 10 33
2349 10 32
2350 10 32
2351 10 32
2352 10 32
2353 10 32
2354 10 32
2355 10 32
2356 10 32
2357 10 32
2358 10 32
2359 10 32
2360 10 32
2361 10 32
2362 10 32
2363 10 32
2364 10 32
2365 10 32
2366 10 32
2367 10 32
2368 10 32
2369 10 32
2370 10 32
2371 10 32
2372 10 32
2373 10 32
2374 10 32
2375 10 32
2376 10 32
2377 10 32
2378 10 32
2379 10 32
2380 10 32
2381 10 32
2382 10 32
2383 10 32
2384 10 32
2385 10 32
2386 10 32
2387 10 32
2388 10 32
2389 10 32
2390 10 32
2391 10 32
2392 10 32
2393 10 32
2394 10 32
2395 10 32
2396 10 32
2397 10 32
2398 10 32
2399 10 32
2400 10 32
2401 10 32
2402 10 32
2403 10 32
2404 10 32
2405 10 32
2406 10 32
2407 10 32
2408 10 32
2409 10 32
2410 11 32
2411 11 32
2412 11 32
2413 11 32
2414 11 32
2415 11 32
2416 11 32
2417 11 32
2418 11 32
2419 11 32
2420 11 32
2421 11 32
2422 11 32
2423 11 32
2424 11 32
2425 11 32
2426 11 32
2427 11 32
2428 11 32
2429 11 32
2430 11 32
2431 11 32
2432 11 32
2433 11 32
2434 11 32
2435 11 32
2436 11 32
2437 11 32
2438 11 32
2439 11 32
2440 11 32
2441 11 32
2442 11 32
2443 11 32
2444 11 32
2445 11 32
2446 11 32
2447 11 32
2448 11 32
2449 11 32
2450 11 32
2451 11 32
2452 11 32
2453 11 32
2454 11 32
2455 11 32
2456 11 32
2457 11 32
2458 11 32
2459 11 32
2460 11 32
2461 11 32
2462 11 33
2463 11 33
2464 11 33
2465 11 33
2466 11 33
2467 12 33
2468 12 33
2469 12 33
2470 12 33
2471 12 33
2472 12 33
2473 12 33
2474 12 33
2475 12 33
2476 12 33
2477 12 33
2478 12 33
2479 12 33
2480 12 33
2481 12 33
2482 12 33
2483 12 33
2484 12 33
2485 12 33
2486 12 33
2487 12 33
2488 12 33
2489 12 33
2490 12 33
2491 12 33
2492 12 33
2493 12 33
2494 12 33
2495 12 33
2496 12 33
2497 12 33
2498 12 33
2499 13 33
2500 13 33
2501 13 33
2502 13 33
2503 13 34
2504 13 34
2505 13 34
2506 13 34
2507 13 34
2508 13 34
2509 13 34
2510 13 34
2511 13 34
2512 13 34
2513 13 34
2514 13 34
2515 13 34
2516 13 34
2517 13 34
2518 13 34
2519 13 34
2520 13 34
2521 13 34
2522 13 34
2523 13 34
2524 13 34
2525 13 34
2526 13 34
2527 13 34
2528 13 34
2529 13 34
2530 13 34
2531 13 34
2532 14 34
2533 14 34
2534 14 34
2535 14 34
2536 14 34
2537 14 34
2538 14 34
2539 14 34
2540 14 34
2541 14 34
2542 14 34
2543 14 34
2544 14 34
2545 14 34
2546 14 34
2547 14 34
2548 14 34
2549 14 34
2550 14 34
2551 14 34
2552 14 34
2553 14 34
2554 14 34
2555 14 34
2556 14 34
2557 14 34
2558 14 34
2559 14 34
2560 14 34
2561 14 34
2562 14 34
2563 14 34
2564 14 34
2565 14 34
2566 14 34
2567 14 34
2568 14 34
2569 14 34
2570 14 34
2571 15 34
2572 15 34
2573 15 34
2574 15 34
2575 15 34
2576 15 34
2577 15 34
2578 15 34
2579 15 34
2580 15 34
2581 15 34
2582 15 34
2583 15 35
2584 15 35
2585 15 35
2586 15 35
2587 15 35
2588 15 35
2589 15 35
2590 15 35
2591 15 35
2592 15 35
2593 15 35
2594 15 35
2595 15 35
2596 16 35
2597 16 35
2598 16 35
2599 16 35
2600 16 35
2601 16 35
2602 16 35
2603 16 35
2604 16 35
2605 16 35
2606 16 35
2607 16 35
2608 16 35
2609 16 35
2610 16 35
2611 16 35
2612 16 35
2613 16 35
2614 16 35
2615 16 35
2616 16 35
2617 16 35
2618 16 35
2619 16 35
2620 16 35
2621 17 35
2622 17 35
2623 17 35
2624 17 35
2625 17 35
2626 17 35
2627 17 35
2628 17 35
2629 17 35
2630 17 35
2631 17 35
2632 17 35
2633 18 35
2634 18 35
2635 18 35
2636 18 35
2637 18 35
2638 18 35
2639 18 35
2640 18 35
2641 18 35
2642 18 35
2643 18 34
2644 18 34
2645 18 34
2646 18 34
2647 18 34
2648 19 34
2649 19 34
2650 19 34
2651 19 34
2652 19 34
2653 19 34
2654 19 34
2655 19 34
2656 19 35
2657 19 35
2658 19 35
2659 19 35
2660 19 34
2661 19 34
2662 19 34
2663 19 34
2664 19 34
2665 20 34
2666 20 34
2667 20 34
2668 20 34
2669 20 34
2670 20 34
2671 20 34
2672 20 34
2673 21 34
2674 21 34
2675 21 34
2676 21 34
2677 21 34
2678 21 34
2679 21 34
2680 22 34
2681 22 34
2682 22 34
2683 22 34
2684 22 34
2685 23 34
2686 23 34
2687 23 34
2688 23 34
2689 23 34
2690 23 34
2691 23 34
2692 23 34
2693 24 34
2694 24 34
2695 24 34
2696 24 34
2697 24 34
2698 24 34
2699 24 34
2700 24 34
2701 24 34
2702 24 34
2703 24 34
2704 24 34
2705 24 34
2706 25 34
2707 25 34
2708 25 34
2709 25 34
2710 25 34
2711 26 34
2712 26 34
2713 27 34
2714 27 34
2715 27 34
2716 27 34
2717 28 34
2718 28 34
2719 28 34
2720 28 34
2721 28 34
2722 29 34
2723 29 34
2724 29 34
2725 29 33
2726 29 33
2727 29 33
2728 29 33
2729 29 33
2730 30 33
2731 30 33
2732 31 33
2733 31 33
2734 32 33
2735 32 33
2736 33 33
2737 33 33
2738 33 33
2739 33 33
2740 34 33
2741 34 33
2742 34 33
2743 34 33
2744 34 33
2745 35 33
2746 35 33
2747 35 34
2748 35 34
2749 35 34
2750 35 33
2751 35 33
2752 35 33
2753 36 33
2754 36 33
2755 36 33
2756 37 33
2757 37 33
2758 38 33
2759 38 33
2760 38 33
2761 38 33
2762 39 33
2763 39 33
2764 40 33
2765 41 33
2766 42 33
2767 44 33
2768 44 33
2769 45 33
2770 47 33
2771 48 33
2772 48 33
2773 48 33
2774 50 33
2775 55 33
2776 56 33
2777 57 34
2778 61 34
2779 63 34
2780 65 34
2781 72 34
2782 84 34
2783 100 34
