0 0 0
1 0 0
2 0 0
3 0 0
4 0 0
5 0 0
6 0 0
7 0 0
8 0 0
9 0 0
10 0 0
11 0 0
12 0 0
13 0 0
14 0 0
15 0 0
16 0 0
17 0 0
18 0 0
19 0 0
20 0 0
21 0 0
22 0 0
23 0 0
24 0 0
25 0 0
26 0 0
27 0 0
28 0 0
29 0 0
30 0 0
31 0 0
32 0 0
33 0 0
34 0 0
35 0 0
36 0 0
37 0 0
38 0 0
39 0 0
40 0 0
41 0 0
42 0 0
43 0 0
44 0 0
45 0 0
46 0 0
47 0 0
48 0 0
49 0 0
50 0 0
51 0 0
52 0 0
53 0 0
54 0 0
55 0 0
56 0 0
57 0 0
58 0 0
59 0 0
60 0 0
61 0 0
62 0 0
63 0 0
64 0 0
65 0 0
66 0 0
67 0 0
68 0 0
69 0 0
70 0 0
71 0 0
72 0 0
73 0 0
74 0 0
75 0 0
76 0 0
77 0 0
78 0 0
79 0 0
80 0 0
81 0 0
82 0 0
83 0 0
84 0 0
85 0 0
86 0 0
87 0 0
88 0 0
89 0 0
90 0 0
91 0 0
92 0 0
93 0 0
94 0 0
95 0 0
96 0 0
97 0 0
98 0 0
99 0 0
100 0 0
101 0 0
102 0 0
103 0 0
104 0 0
105 0 0
106 0 0
107 0 0
108 0 0
109 0 0
110 0 0
111 0 0
112 0 0
113 0 0
114 0 0
115 0 0
116 0 0
117 0 0
118 0 0
119 0 0
120 0 0
121 0 0
122 0 0
123 0 0
124 0 0
125 0 0
126 0 0
127 0 0
128 0 0
129 0 0
130 0 0
131 0 0
132 0 0
133 0 0
134 0 0
135 0 0
136 0 0
137 0 0
138 0 0
139 0 0
140 0 0
141 0 0
142 0 0
143 0 0
144 0 0
145 0 0
146 0 0
147 0 0
148 0 0
149 0 0
150 0 0
151 0 0
152 0 0
153 0 0
154 0 0
155 0 0
156 0 0
157 0 0
158 0 0
159 0 0
160 0 0
161 0 0
162 0 0
163 0 0
164 0 0
165 0 0
166 0 0
167 0 0
168 0 0
169 0 0
170 0 0
171 0 0
172 0 0
173 0 0
174 0 0
175 0 0
176 0 0
177 0 0
178 0 0
179 0 0
180 0 0
181 0 0
182 0 0
183 0 0
184 0 0
185 0 0
186 0 0
187 0 0
188 0 0
189 0 0
190 0 0
191 0 0
192 0 0
193 0 0
194 0 0
195 0 0
196 0 0
197 0 0
198 0 0
199 0 0
200 0 0
201 0 0
202 0 0
203 0 0
204 0 0
205 0 0
206 0 0
207 0 0
208 0 0
209 0 0
210 0 0
211 0 0
212 0 0
213 0 0
214 0 0
215 0 0
216 0 0
217 0 0
218 0 0
219 0 0
220 0 0
221 0 0
222 0 0
223 0 0
224 0 0
225 0 0
226 0 0
227 0 0
228 0 0
229 0 0
230 0 0
231 0 0
232 0 0
233 0 0
234 0 0
235 0 0
236 0 0
237 0 0
238 0 0
239 0 0
240 0 0
241 0 0
242 0 0
243 0 0
244 0 0
245 0 0
246 0 0
247 0 0
248 0 0
249 0 0
250 0 0
251 0 0
252 0 0
253 0 0
254 0 0
255 0 0
256 0 0
257 0 0
258 0 0
259 0 0
260 0 0
261 0 0
262 0 0
263 0 0
264 0 0
265 0 0
266 0 0
267 0 0
268 0 0
269 0 0
270 0 0
271 0 0
272 0 0
273 0 0
274 0 0
275 0 0
276 0 0
277 0 0
278 0 0
279 0 0
280 0 0
281 0 0
282 0 0
283 0 0
284 0 0
285 0 0
286 0 0
287 0 0
288 0 0
289 0 0
290 0 0
291 0 0
292 0 0
293 0 0
294 0 0
295 0 0
296 0 0
297 0 0
298 0 0
299 0 0
300 0 0
301 0 0
302 0 0
303 0 0
304 0 0
305 0 0
306 0 0
307 0 0
308 0 0
309 0 0
310 0 0
311 0 0
312 0 0
313 0 0
314 0 0
315 0 0
316 0 0
317 0 0
318 0 0
319 0 0
320 0 0
321 0 0
322 0 0
323 0 0
324 0 0
325 0 0
326 0 0
327 0 0
328 0 0
329 0 0
330 0 0
331 0 0
332 0 0
333 0 0
334 0 0
335 0 0
336 0 0
337 0 0
338 0 0
339 0 0
340 0 0
341 0 0
342 0 0
343 0 0
344 0 0
345 0 0
346 0 0
347 0 0
348 0 0
349 0 0
350 0 0
351 0 0
352 0 0
353 0 0
354 0 0
355 0 0
356 0 0
357 0 0
358 0 0
359 0 0
360 0 0
361 0 0
362 0 0
363 0 0
364 0 0
365 0 0
366 0 0
367 0 0
368 0 0
369 0 0
370 0 0
371 0 0
372 0 0
373 0 0
374 0 0
375 0 0
376 0 0
377 0 0
378 0 0
379 0 0
380 0 0
381 0 0
382 0 0
383 0 0
384 0 0
385 0 0
386 0 0
387 0 0
388 0 0
389 0 0
390 0 0
391 0 0
392 0 0
393 0 0
394 0 0
395 0 0
396 0 0
397 0 0
398 0 0
399 0 0
400 0 0
401 0 0
402 0 0
403 0 0
404 0 0
405 0 0
406 0 0
407 0 0
408 0 0
409 0 0
410 0 0
411 0 0
412 0 0
413 0 0
414 0 0
415 0 0
416 0 0
417 0 0
418 0 0
419 0 0
420 0 0
421 0 0
422 0 0
423 0 0
424 0 0
425 0 0
426 0 0
427 0 0
428 0 0
429 0 0
430 0 0
431 0 0
432 0 0
433 0 0
434 0 0
435 0 0
436 0 0
437 0 0
438 0 0
439 0 0
440 0 0
441 0 0
442 0 0
443 0 0
444 0 0
445 0 0
446 0 0
447 0 0
448 0 0
449 0 0
450 0 0
451 0 0
452 0 0
453 0 0
454 0 0
455 0 0
456 0 0
457 0 0
458 0 0
459 0 0
460 0 0
461 0 0
462 0 0
463 0 0
464 0 0
465 0 0
466 0 0
467 0 0
468 0 0
469 0 0
470 0 0
471 0 0
472 0 0
473 0 0
474 0 0
475 0 0
476 0 0
477 0 0
478 0 0
479 0 0
480 0 0
481 0 0
482 0 0
483 0 0
484 0 0
485 0 0
486 0 0
487 0 0
488 0 0
489 0 0
490 0 0
491 0 0
492 0 0
493 0 0
494 0 0
495 0 0
496 0 0
497 0 0
498 0 0
499 0 0
500 0 0
501 0 0
502 0 0
503 0 0
504 0 0
505 0 0
506 0 0
507 0 0
508 0 0
509 0 0
510 0 0
511 0 0
512 0 0
513 0 0
514 0 0
515 0 0
516 0 0
517 0 0
518 0 0
519 0 0
520 0 0
521 0 0
522 0 0
523 0 0
524 0 0
525 0 0
526 0 0
527 0 0
528 0 0
529 0 0
530 0 0
531 0 0
532 0 0
533 0 0
534 0 0
535 0 0
536 0 0
537 0 0
538 0 0
539 0 0
540 0 0
541 0 0
542 0 0
543 0 0
544 0 0
545 0 0
546 0 0
547 0 0
548 0 0
549 0 0
550 0 0
551 0 0
552 0 0
553 0 0
554 0 0
555 0 0
556 0 0
557 0 0
558 0 0
559 0 0
560 0 0
561 0 0
562 0 0
563 0 0
564 0 0
565 0 0
566 0 0
567 0 0
568 0 0
569 0 0
570 0 0
571 0 0
572 0 0
573 0 0
574 0 0
575 0 0
576 0 0
577 0 0
578 0 0
579 0 0
580 0 0
581 0 0
582 0 0
583 0 0
584 0 0
585 0 0
586 0 0
587 0 0
588 0 0
589 0 0
590 0 0
591 0 0
592 0 0
593 0 0
594 0 0
595 0 0
596 0 0
597 0 0
598 0 0
599 0 0
600 0 0
601 0 0
602 0 0
603 0 0
604 0 0
605 0 0
606 0 0
607 0 0
608 0 0
609 0 0
610 0 0
611 0 0
612 0 0
613 0 0
614 0 0
615 0 0
616 0 0
617 0 0
618 0 0
619 0 0
620 0 0
621 0 0
622 0 0
623 0 0
624 0 0
625 0 0
626 0 0
627 0 0
628 0 0
629 0 0
630 0 0
631 0 0
632 0 0
633 0 0
634 0 0
635 0 0
636 0 0
637 0 0
638 0 0
639 0 0
640 0 0
641 0 0
642 0 0
643 0 0
644 0 0
645 0 0
646 0 0
647 0 0
648 0 0
649 0 0
650 0 0
651 0 0
652 0 0
653 0 0
654 0 0
655 0 0
656 0 0
657 0 0
658 0 0
659 0 0
660 0 0
661 0 0
662 0 0
663 0 0
664 0 0
665 0 0
666 0 0
667 0 0
668 0 0
669 0 0
670 0 0
671 0 0
672 0 0
673 0 0
674 0 0
675 0 0
676 0 0
677 0 0
678 0 0
679 0 0
680 0 0
681 0 0
682 0 0
683 0 0
684 0 0
685 0 0
686 0 0
687 1 0
688 1 0
689 1 0
690 1 0
691 1 0
692 1 0
693 1 0
694 1 0
695 1 0
696 1 0
697 1 0
698 1 0
699 1 0
700 1 0
701 1 0
702 1 0
703 1 0
704 1 0
705 1 0
706 1 0
707 1 0
708 1 0
709 1 0
710 1 0
711 1 0
712 1 0
713 1 0
714 1 0
715 1 0
716 1 0
717 1 0
718 1 0
719 1 0
720 1 0
721 1 0
722 1 0
723 1 0
724 1 0
725 1 0
726 1 0
727 1 0
728 1 0
729 1 0
730 1 0
731 1 0
732 1 0
733 1 0
734 1 0
735 1 0
736 1 0
737 1 0
738 1 0
739 1 0
740 1 0
741 1 0
742 1 0
743 1 0
744 1 0
745 1 0
746 1 0
747 1 0
748 1 0
749 1 0
750 1 0
751 1 0
752 1 0
753 1 0
754 1 0
755 1 0
756 1 0
757 1 0
758 1 0
759 1 0
760 1 0
761 1 0
762 1 0
763 1 0
764 1 0
765 1 0
766 1 0
767 1 0
768 1 0
769 1 0
770 1 0
771 1 0
772 1 0
773 1 0
774 1 0
775 1 0
776 1 0
777 1 0
778 1 0
779 1 0
780 1 0
781 1 0
782 1 0
783 1 0
784 1 0
785 1 0
786 1 0
787 1 0
788 1 0
789 1 0
790 1 0
791 1 0
792 1 0
793 1 0
794 1 0
795 1 0
796 1 0
797 1 0
798 1 0
799 1 0
800 1 0
801 1 0
802 1 0
803 1 0
804 1 0
805 1 0
806 1 0
807 1 0
808 1 0
809 1 0
810 1 0
811 1 0
812 1 0
813 1 0
814 1 0
815 1 0
816 1 0
817 1 0
818 1 0
819 1 0
820 1 0
821 1 0
822 1 0
823 1 0
824 1 0
825 1 0
826 1 0
827 1 0
828 1 0
829 1 0
830 1 0
831 1 0
832 1 0
833 1 0
834 1 0
835 1 0
836 1 0
837 1 0
838 1 0
839 1 0
840 1 0
841 1 0
842 1 0
843 1 0
844 1 0
845 1 0
846 1 0
847 1 0
848 1 0
849 1 0
850 1 0
851 1 0
852 1 0
853 1 0
854 1 0
855 1 0
856 1 0
857 1 0
858 1 0
859 1 0
860 1 0
861 1 0
862 1 0
863 1 0
864 1 0
865 1 0
866 1 0
867 1 0
868 1 0
869 1 0
870 1 0
871 1 0
872 1 0
873 1 0
874 1 0
875 1 0
876 1 0
877 1 0
878 1 0
879 1 0
880 1 0
881 1 0
882 1 0
883 1 0
884 1 0
885 1 0
886 1 0
887 1 0
888 1 0
889 1 0
890 1 0
891 1 0
892 1 0
893 1 0
894 1 0
895 1 0
896 1 0
897 1 0
898 1 0
899 1 0
900 1 0
901 1 0
902 1 0
903 1 0
904 1 0
905 1 0
906 1 0
907 1 0
908 1 0
909 1 0
910 1 0
911 1 0
912 1 0
913 1 0
914 1 0
915 1 0
916 1 0
917 1 0
918 1 0
919 1 0
920 1 0
921 1 0
922 1 0
923 1 0
924 1 0
925 1 0
926 1 0
927 1 0
928 1 0
929 1 0
930 1 0
931 1 0
932 1 0
933 1 0
934 1 0
935 1 0
936 1 0
937 1 0
938 1 0
939 1 0
940 1 0
941 1 0
942 1 0
943 1 0
944 1 0
945 1 0
946 1 0
947 1 0
948 1 0
949 1 0
950 1 0
951 1 0
952 1 0
953 1 0
954 1 0
955 1 0
956 1 0
957 1 0
958 1 0
959 1 0
960 1 0
961 1 0
962 1 0
963 1 0
964 1 0
965 1 0
966 1 0
967 1 0
968 1 0
969 1 0
970 1 0
971 1 0
972 1 0
973 1 0
974 1 0
975 1 0
976 1 0
977 1 0
978 1 0
979 1 0
980 1 0
981 1 0
982 1 0
983 1 0
984 1 0
985 1 0
986 1 0
987 1 0
988 1 0
989 1 0
990 1 0
991 1 0
992 1 0
993 1 0
994 1 0
995 1 0
996 1 0
997 1 0
998 1 0
999 1 0
1000 1 0
1001 1 0
1002 1 0
1003 1 0
1004 1 0
1005 1 0
1006 1 0
1007 1 0
1008 1 0
1009 1 0
1010 1 0
1011 1 0
1012 1 0
1013 1 0
1014 1 0
1015 1 0
1016 1 0
1017 1 0
1018 1 0
1019 1 0
1020 1 0
1021 1 0
1022 1 0
1023 1 0
1024 1 0
1025 1 0
1026 1 0
1027 1 0
1028 1 0
1029 1 0
1030 1 0
1031 1 0
1032 1 0
1033 1 0
1034 1 0
1035 1 0
1036 1 0
1037 1 0
1038 1 0
1039 1 0
1040 1 0
1041 1 0
1042 1 0
1043 1 0
1044 1 0
1045 1 0
1046 1 0
1047 1 0
1048 1 0
1049 1 0
1050 1 0
1051 1 0
1052 1 0
1053 1 0
1054 1 0
1055 1 0
1056 1 0
1057 1 0
1058 1 0
1059 1 0
1060 1 0
1061 1 0
1062 1 0
1063 1 0
1064 1 0
1065 1 0
1066 1 0
1067 1 0
1068 1 0
1069 1 0
1070 1 0
1071 1 0
1072 1 0
1073 1 0
1074 1 0
1075 1 0
1076 1 0
1077 1 0
1078 1 0
1079 1 0
1080 1 0
1081 1 0
1082 1 0
1083 1 0
1084 1 0
1085 1 0
1086 1 0
1087 1 0
1088 1 0
1089 1 0
1090 1 0
1091 1 0
1092 1 0
1093 1 0
1094 1 0
1095 1 0
1096 1 0
1097 1 0
1098 1 0
1099 1 0
1100 1 0
1101 1 0
1102 1 0
1103 1 0
1104 1 0
1105 1 0
1106 1 0
1107 1 0
1108 1 0
1109 1 0
1110 1 0
1111 1 0
1112 1 0
1113 1 0
1114 1 0
1115 1 0
1116 1 0
1117 1 0
1118 1 0
1119 1 0
1120 1 0
1121 1 0
1122 1 0
1123 1 0
1124 1 0
1125 1 0
1126 1 0
1127 1 0
1128 1 0
1129 1 0
1130 1 0
1131 1 0
1132 1 0
1133 1 0
1134 1 0
1135 1 0
1136 1 0
1137 1 0
1138 1 0
1139 2 0
1140 2 0
1141 2 0
1142 2 0
1143 2 0
1144 2 0
1145 2 0
1146 2 0
1147 2 0
1148 2 0
1149 2 0
1150 2 1
1151 2 1
1152 2 1
1153 2 1
1154 2 1
1155 2 1
1156 2 1
1157 2 1
1158 2 1
1159 2 1
1160 2 1
1161 2 1
1162 2 1
1163 2 1
1164 2 1
1165 2 1
1166 2 1
1167 2 1
1168 2 1
1169 2 1
1170 2 1
1171 2 1
1172 2 1
1173 2 1
1174 2 1
1175 2 1
1176 2 1
1177 2 1
1178 2 1
1179 2 1
1180 2 1
1181 2 1
1182 2 1
1183 2 1
1184 2 1
1185 2 1
1186 2 1
1187 2 1
1188 2 1
1189 2 1
1190 2 1
1191 2 1
1192 2 1
1193 2 1
1194 2 1
1195 2 1
1196 2 1
1197 2 1
1198 2 1
1199 2 1
1200 2 1
1201 2 1
1202 2 1
1203 2 1
1204 2 1
1205 2 1
1206 2 1
1207 2 1
1208 2 1
1209 2 1
1210 2 1
1211 2 1
1212 2 1
1213 2 1
1214 2 1
1215 2 1
1216 2 1
1217 2 1
1218 2 1
1219 2 1
1220 2 1
1221 2 1
1222 2 1
1223 2 1
1224 2 1
1225 2 1
1226 2 1
1227 2 1
1228 2 1
1229 2 1
1230 2 1
1231 2 1
1232 2 1
1233 2 1
1234 2 1
1235 2 1
1236 2 2
1237 2 2
1238 2 2
1239 2 2
1240 2 2
1241 2 2
1242 2 2
1243 2 2
1244 2 2
1245 2 2
1246 2 2
1247 2 2
1248 2 2
1249 2 2
1250 2 2
1251 2 2
1252 2 2
1253 2 2
1254 2 2
1255 2 3
1256 2 3
1257 2 3
1258 2 3
1259 2 3
1260 2 3
1261 2 3
1262 2 3
1263 2 3
1264 2 3
1265 2 3
1266 2 3
1267 2 3
1268 2 3
1269 2 3
1270 2 3
1271 2 3
1272 2 3
1273 2 3
1274 2 3
1275 2 4
1276 2 4
1277 2 4
1278 2 4
1279 2 4
1280 2 4
1281 2 4
1282 2 4
1283 2 4
1284 2 4
1285 2 4
1286 2 4
1287 2 4
1288 2 4
1289 2 4
1290 2 4
1291 2 3
1292 2 3
1293 2 3
1294 2 3
1295 2 3
1296 2 3
1297 2 3
1298 2 3
1299 2 4
1300 2 4
1301 2 4
1302 2 4
1303 2 4
1304 2 4
1305 2 4
1306 2 4
1307 2 4
1308 2 4
1309 2 4
1310 2 4
1311 2 4
1312 2 4
1313 2 4
1314 2 4
1315 2 4
1316 2 4
1317 2 4
1318 2 4
1319 2 4
1320 2 4
1321 2 4
1322 2 4
1323 2 4
1324 2 4
1325 2 4
1326 2 4
1327 2 4
1328 2 4
1329 2 4
1330 2 4
1331 2 4
1332 2 4
1333 2 4
1334 2 4
1335 2 4
1336 2 4
1337 2 4
1338 2 4
1339 2 5
1340 2 5
1341 2 5
1342 2 5
1343 2 5
1344 2 5
1345 2 5
1346 2 5
1347 2 5
1348 2 5
1349 2 5
1350 2 5
1351 2 5
1352 2 5
1353 2 5
1354 2 5
1355 2 5
1356 2 5
1357 2 5
1358 2 5
1359 2 5
1360 2 5
1361 2 5
1362 2 5
1363 2 5
1364 2 5
1365 2 5
1366 2 5
1367 2 5
1368 2 5
1369 2 6
1370 2 6
1371 2 6
1372 2 6
1373 2 6
1374 2 6
1375 2 6
1376 2 6
1377 2 6
1378 2 6
1379 2 6
1380 2 6
1381 2 6
1382 2 6
1383 2 6
1384 2 6
1385 2 7
1386 2 7
1387 2 7
1388 2 7
1389 2 8
1390 2 8
1391 2 8
1392 2 8
1393 2 8
1394 2 8
1395 2 8
1396 2 8
1397 2 8
1398 2 8
1399 2 8
1400 2 8
1401 2 8
1402 2 8
1403 2 8
1404 2 8
1405 2 8
1406 2 8
1407 2 8
1408 2 8
1409 2 8
1410 2 8
1411 2 8
1412 2 8
1413 2 8
1414 2 8
1415 2 7
1416 2 7
1417 2 7
1418 2 7
1419 2 7
1420 2 7
1421 2 7
1422 2 7
1423 2 7
1424 2 7
1425 2 7
1426 2 7
1427 2 7
1428 2 7
1429 2 7
1430 2 7
1431 2 7
1432 2 7
1433 2 7
1434 2 8
1435 2 8
1436 2 8
1437 2 8
1438 2 8
1439 2 8
1440 2 8
1441 2 8
1442 2 8
1443 2 8
1444 2 8
1445 2 8
1446 2 9
1447 2 9
1448 2 9
1449 2 9
1450 2 9
1451 2 9
1452 2 9
1453 2 9
1454 2 9
1455 2 9
1456 2 9
1457 2 9
1458 2 9
1459 2 9
1460 2 9
1461 2 8
1462 2 8
1463 2 8
1464 2 8
1465 3 8
1466 3 8
1467 3 8
1468 3 8
1469 3 8
1470 3 8
1471 3 8
1472 3 8
1473 3 8
1474 3 9
1475 3 9
1476 3 9
1477 3 10
1478 3 10
1479 3 10
1480 3 10
1481 3 10
1482 3 10
1483 3 10
1484 3 10
1485 3 10
1486 3 10
1487 3 10
1488 3 10
1489 3 10
1490 3 10
1491 3 10
1492 3 10
1493 3 10
1494 3 10
1495 3 10
1496 3 10
1497 3 10
1498 3 10
1499 3 10
1500 3 10
1501 3 10
1502 3 10
1503 3 10
1504 3 10
1505 3 10
1506 3 10
1507 3 10
1508 3 10
1509 3 10
1510 3 10
1511 3 11
1512 3 11
1513 3 11
1514 3 11
1515 3 11
1516 3 12
1517 3 12
1518 3 12
1519 3 12
1520 3 12
1521 3 12
1522 3 12
1523 3 12
1524 3 12
1525 3 12
1526 3 12
1527 3 12
1528 3 12
1529 3 12
1530 3 12
1531 3 12
1532 3 12
1533 3 12
1534 3 12
1535 3 12
1536 3 12
1537 3 12
1538 3 12
1539 3 12
1540 3 12
1541 3 12
1542 3 12
1543 3 12
1544 3 12
1545 3 12
1546 3 12
1547 3 12
1548 3 12
1549 3 12
1550 3 12
1551 3 12
1552 3 12
1553 3 12
1554 3 12
1555 3 12
1556 3 12
1557 3 12
1558 3 12
1559 3 12
1560 3 12
1561 3 12
1562 3 12
1563 3 12
1564 3 12
1565 3 12
1566 3 12
1567 3 12
1568 3 12
1569 3 12
1570 3 12
1571 3 13
1572 3 13
1573 3 13
1574 3 13
1575 3 12
1576 3 12
1577 3 12
1578 3 12
1579 3 12
1580 3 12
1581 3 12
1582 3 12
1583 3 13
1584 3 13
1585 3 13
1586 3 13
1587 3 13
1588 3 13
1589 3 13
1590 3 13
1591 3 13
1592 3 13
1593 3 13
1594 3 14
1595 3 14
1596 3 14
1597 3 14
1598 3 14
1599 3 14
1600 3 14
1601 3 14
1602 3 14
1603 3 14
1604 3 14
1605 3 14
1606 3 14
1607 3 14
1608 3 14
1609 3 14
1610 3 14
1611 3 14
1612 3 14
1613 3 14
1614 3 14
1615 3 14
1616 3 14
1617 3 14
1618 3 14
1619 3 14
1620 3 14
1621 3 14
1622 3 14
1623 3 14
1624 3 14
1625 3 14
1626 3 14
1627 3 14
1628 3 14
1629 3 14
1630 3 14
1631 3 14
1632 3 14
1633 3 14
1634 3 14
1635 3 15
1636 3 15
1637 3 15
1638 3 15
1639 3 15
1640 3 15
1641 3 15
1642 3 15
1643 3 15
1644 3 15
1645 3 15
1646 3 15
1647 3 15
1648 3 15
1649 3 15
1650 3 15
1651 3 15
1652 3 16
1653 3 16
1654 3 16
1655 3 16
1656 3 16
1657 3 16
1658 3 16
1659 3 16
1660 3 16
1661 3 16
1662 3 16
1663 3 16
1664 3 16
1665 3 16
1666 3 16
1667 3 16
1668 3 16
1669 3 16
1670 3 16
1671 3 16
1672 3 16
1673 3 16
1674 4 16
1675 4 17
1676 4 17
1677 4 17
1678 4 17
1679 4 17
1680 4 17
1681 4 17
1682 4 17
1683 4 17
1684 4 17
1685 4 17
1686 4 18
1687 4 18
1688 4 18
1689 4 18
1690 4 18
1691 4 18
1692 4 18
1693 4 18
1694 4 18
1695 4 18
1696 4 18
1697 4 18
1698 4 18
1699 4 18
1700 4 19
1701 4 19
1702 4 19
1703 4 19
1704 4 19
1705 4 19
1706 4 19
1707 4 19
1708 4 19
1709 4 19
1710 4 19
1711 4 19
1712 4 19
1713 4 19
1714 4 19
1715 4 19
1716 4 19
1717 4 19
1718 4 20
1719 4 20
1720 4 20
1721 4 20
1722 4 20
1723 4 20
1724 4 20
1725 4 20
1726 4 20
1727 4 20
1728 4 20
1729 4 20
1730 4 20
1731 4 20
1732 4 20
1733 4 20
1734 4 20
1735 4 20
1736 4 20
1737 4 20
1738 4 20
1739 4 20
1740 4 20
1741 4 20
1742 4 20
1743 4 20
1744 4 20
1745 4 20
1746 4 20
1747 4 20
1748 4 21
1749 4 21
1750 4 21
1751 4 21
1752 4 21
1753 4 21
1754 4 21
1755 4 21
1756 4 21
1757 4 22
1758 4 22
1759 4 22
1760 4 22
1761 4 22
1762 4 22
1763 4 22
1764 4 22
1765 4 22
1766 4 22
1767 4 22
1768 4 22
1769 4 23
1770 4 23
1771 4 23
1772 4 23
1773 4 23
1774 4 23
1775 4 23
1776 4 23
1777 4 23
1778 4 23
1779 4 23
1780 4 23
1781 4 23
1782 4 23
1783 4 23
1784 4 23
1785 4 23
1786 4 23
1787 4 23
1788 4 23
1789 4 23
1790 4 24
1791 4 24
1792 4 24
1793 4 24
1794 4 24
1795 4 24
1796 4 24
1797 4 24
1798 4 24
1799 4 24
1800 4 24
1801 4 24
1802 4 24
1803 4 24
1804 4 24
1805 4 24
1806 4 24
1807 4 24
1808 4 24
1809 4 24
1810 4 24
1811 4 24
1812 4 24
1813 4 24
1814 4 24
1815 4 24
1816 4 24
1817 4 24
1818 4 24
1819 4 24
1820 4 24
1821 4 24
1822 4 24
1823 4 24
1824 4 24
1825 4 24
1826 4 24
1827 4 24
1828 4 24
1829 4 24
1830 4 24
1831 4 24
1832 4 24
1833 4 24
1834 4 24
1835 4 24
1836 4 24
1837 4 25
1838 4 25
1839 4 25
1840 4 25
1841 4 25
1842 4 25
1843 4 25
1844 4 25
1845 4 25
1846 4 25
1847 4 25
1848 4 25
1849 4 25
1850 5 25
1851 5 26
1852 5 26
1853 5 26
1854 5 26
1855 5 26
1856 5 26
1857 5 26
1858 5 26
1859 5 26
1860 5 26
1861 5 26
1862 5 26
1863 5 26
1864 5 26
1865 5 26
1866 5 26
1867 5 27
1868 5 27
1869 5 27
1870 5 27
1871 5 27
1872 5 27
1873 5 27
1874 5 27
1875 5 27
1876 5 27
1877 5 27
1878 5 27
1879 5 27
1880 5 27
1881 5 27
1882 5 27
1883 5 27
1884 5 27
1885 5 27
1886 5 27
1887 5 27
1888 5 27
1889 5 27
1890 5 27
1891 5 27
1892 5 27
1893 5 28
1894 5 28
1895 5 28
1896 5 28
1897 5 28
1898 5 28
1899 5 28
1900 5 28
1901 5 28
1902 5 28
1903 5 28
1904 5 28
1905 5 28
1906 5 28
1907 5 28
1908 5 28
1909 5 28
1910 5 28
1911 5 28
1912 5 28
1913 5 28
1914 5 28
1915 5 29
1916 5 29
1917 5 29
1918 5 29
1919 5 29
1920 5 29
1921 5 29
1922 5 29
1923 5 29
1924 5 29
1925 5 29
1926 5 29
1927 5 29
1928 5 29
1929 5 29
1930 5 29
1931 5 29
1932 5 29
1933 5 29
1934 5 29
1935 5 29
1936 5 29
1937 5 29
1938 5 29
1939 5 29
1940 5 29
1941 5 29
1942 5 29
1943 5 29
1944 5 29
1945 5 29
1946 5 29
1947 5 30
1948 5 30
1949 5 30
1950 5 30
1951 5 30
1952 5 30
1953 5 30
1954 5 30
1955 5 30
1956 5 30
1957 5 30
1958 5 30
1959 5 30
1960 5 30
1961 5 30
1962 5 30
1963 5 30
1964 5 30
1965 5 30
1966 5 30
1967 5 30
1968 5 30
1969 5 30
1970 5 30
1971 5 30
1972 5 30
1973 5 30
1974 5 30
1975 5 30
1976 5 30
1977 5 30
1978 5 30
1979 5 30
1980 5 30
1981 5 30
1982 5 30
1983 5 30
1984 5 31
1985 5 31
1986 5 31
1987 5 31
1988 5 31
1989 5 31
1990 5 31
1991 5 31
1992 5 31
1993 5 31
1994 5 31
1995 5 31
1996 5 31
1997 5 31
1998 6 31
1999 6 31
2000 6 31
2001 6 31
2002 6 31
2003 6 31
2004 6 31
2005 6 31
2006 6 31
2007 6 31
2008 6 31
2009 6 31
2010 6 31
2011 6 31
2012 6 31
2013 6 31
2014 6 31
2015 6 32
2016 6 32
2017 6 32
2018 6 32
2019 6 32
2020 6 32
2021 6 32
2022 6 32
2023 6 32
2024 6 32
2025 6 32
2026 6 32
2027 6 32
2028 6 32
2029 6 32
2030 6 32
2031 6 32
2032 6 32
2033 6 32
2034 6 32
2035 6 32
2036 6 32
2037 6 32
2038 6 32
2039 6 32
2040 6 32
2041 6 32
2042 6 32
2043 6 32
2044 6 32
2045 6 32
2046 6 32
2047 6 32
2048 6 32
2049 6 32
2050 6 32
2051 6 32
2052 6 32
2053 6 32
2054 6 32
2055 6 32
2056 6 32
2057 6 32
2058 6 32
2059 6 32
2060 6 32
2061 6 32
2062 6 32
2063 6 32
2064 6 32
2065 6 32
2066 6 32
2067 6 32
2068 6 32
2069 6 32
2070 6 32
2071 6 32
2072 6 32
2073 6 32
2074 6 32
2075 6 32
2076 6 32
2077 6 32
2078 6 32
2079 6 32
2080 6 32
2081 6 32
2082 6 32
2083 6 32
2084 6 33
2085 6 33
2086 6 33
2087 6 33
2088 6 33
2089 6 33
2090 6 33
2091 6 33
2092 6 33
2093 6 33
2094 6 33
2095 6 33
2096 6 33
2097 6 33
2098 6 34
2099 6 34
2100 6 34
2101 6 34
2102 6 34
2103 6 34
2104 6 34
2105 6 34
2106 6 34
2107 6 34
2108 6 34
2109 6 34
2110 6 34
2111 6 34
2112 6 34
2113 6 34
2114 6 34
2115 6 34
2116 6 34
2117 6 34
2118 7 34
2119 7 34
2120 7 34
2121 7 34
2122 7 34
2123 7 34
2124 7 34
2125 7 34
2126 7 34
2127 7 34
2128 7 34
2129 7 34
2130 7 34
2131 7 34
2132 7 35
2133 7 35
2134 7 35
2135 7 35
2136 7 35
2137 7 35
2138 7 35
2139 7 35
2140 7 35
2141 7 35
2142 7 35
2143 7 35
2144 7 35
2145 7 35
2146 7 35
2147 7 35
2148 7 35
2149 7 35
2150 7 36
2151 7 36
2152 7 36
2153 7 36
2154 7 36
2155 7 36
2156 7 36
2157 7 36
2158 7 36
2159 7 36
2160 7 36
2161 7 36
2162 7 36
2163 7 36
2164 7 36
2165 7 37
2166 7 37
2167 7 37
2168 7 37
2169 7 37
2170 7 37
2171 7 37
2172 7 37
2173 7 37
2174 7 37
2175 7 37
2176 7 37
2177 7 37
2178 7 37
2179 7 37
2180 7 37
2181 7 37
2182 7 37
2183 7 37
2184 7 37
2185 7 37
2186 7 38
2187 7 38
2188 7 38
2189 7 38
2190 7 38
2191 7 38
2192 7 38
2193 7 38
2194 7 38
2195 7 38
2196 7 38
2197 7 38
2198 7 38
2199 7 38
2200 7 38
2201 7 38
2202 7 38
2203 7 38
2204 7 38
2205 7 38
2206 7 38
2207 7 38
2208 8 38
2209 8 38
2210 8 38
2211 8 38
2212 8 38
2213 8 38
2214 8 38
2215 8 39
2216 8 39
2217 8 39
2218 8 39
2219 8 39
2220 8 39
2221 8 39
2222 8 39
2223 8 39
2224 8 39
2225 8 39
2226 8 39
2227 8 39
2228 8 39
2229 8 39
2230 8 39
2231 8 39
2232 8 39
2233 8 39
2234 8 39
2235 8 39
2236 8 39
2237 8 39
2238 8 39
2239 8 39
2240 8 39
2241 8 40
2242 8 40
2243 8 40
2244 8 40
2245 8 40
2246 8 40
2247 8 40
2248 8 40
2249 8 40
2250 8 40
2251 8 40
2252 8 40
2253 8 40
2254 8 40
2255 8 40
2256 8 40
2257 8 40
2258 8 40
2259 8 40
2260 8 40
2261 8 40
2262 8 40
2263 8 41
2264 8 41
2265 8 41
2266 8 41
2267 8 41
2268 8 41
2269 8 41
2270 8 41
2271 8 41
2272 8 41
2273 8 41
2274 8 41
2275 9 41
2276 9 41
2277 9 41
2278 9 41
2279 9 41
2280 9 41
2281 9 41
2282 9 41
2283 9 41
2284 9 41
2285 9 41
2286 9 41
2287 9 41
2288 9 41
2289 9 41
2290 9 41
2291 9 41
2292 9 41
2293 9 41
2294 9 41
2295 9 41
2296 9 41
2297 9 41
2298 9 41
2299 9 41
2300 9 41
2301 9 41
2302 9 41
2303 9 41
2304 9 41
2305 9 41
2306 9 42
2307 9 42
2308 9 42
2309 9 42
2310 9 42
2311 9 42
2312 9 42
2313 9 42
2314 9 42
2315 9 42
2316 9 42
2317 9 42
2318 9 42
2319 9 42
2320 9 42
2321 9 42
2322 9 42
2323 9 42
2324 9 42
2325 9 42
2326 9 42
2327 9 42
2328 9 42
2329 9 42
2330 9 42
2331 9 42
2332 9 42
2333 9 42
2334 9 42
2335 9 42
2336 9 42
2337 9 42
2338 9 42
2339 9 42
2340 10 42
2341 10 42
2342 10 42
2343 10 42
2344 10 42
2345 10 42
2346 10 42
2347 10 43
2348 10 43
2349 10 43
2350 10 43
2351 10 43
2352 10 43
2353 10 43
2354 10 43
2355 10 43
2356 10 43
2357 10 43
2358 10 43
2359 10 43
2360 10 43
2361 10 43
2362 10 43
2363 10 43
2364 10 43
2365 10 43
2366 10 43
2367 10 43
2368 10 43
2369 10 43
2370 10 44
2371 10 44
2372 10 44
2373 10 44
2374 10 44
2375 10 44
2376 10 44
2377 10 44
2378 10 44
2379 10 44
2380 10 44
2381 10 44
2382 10 44
2383 10 44
2384 10 44
2385 10 44
2386 10 44
2387 10 44
2388 10 44
2389 10 44
2390 10 44
2391 10 44
2392 10 44
2393 10 44
2394 10 44
2395 10 44
2396 10 44
2397 10 44
2398 10 44
2399 10 44
2400 10 44
2401 10 44
2402 10 44
2403 10 44
2404 10 44
2405 10 44
2406 10 44
2407 10 44
2408 10 44
2409 10 44
2410 11 44
2411 11 44
2412 11 44
2413 11 44
2414 11 44
2415 11 44
2416 11 44
2417 11 44
2418 11 44
2419 11 44
2420 11 44
2421 11 44
2422 11 44
2423 11 44
2424 11 44
2425 11 45
2426 11 45
2427 11 45
2428 11 45
2429 11 45
2430 11 45
2431 11 45
2432 11 45
2433 11 45
2434 11 45
2435 11 45
2436 11 45
2437 11 45
2438 11 45
2439 11 45
2440 11 45
2441 11 46
2442 11 46
2443 11 46
2444 11 46
2445 11 46
2446 11 46
2447 11 46
2448 11 46
2449 11 46
2450 11 46
2451 11 46
2452 11 46
2453 11 46
2454 11 46
2455 11 46
2456 11 46
2457 11 46
2458 11 46
2459 11 46
2460 11 46
2461 11 46
2462 11 46
2463 11 46
2464 11 46
2465 11 46
2466 11 46
2467 12 46
2468 12 46
2469 12 46
2470 12 46
2471 12 46
2472 12 46
2473 12 46
2474 12 46
2475 12 46
2476 12 46
2477 12 46
2478 12 46
2479 12 46
2480 12 46
2481 12 46
2482 12 46
2483 12 46
2484 12 46
2485 12 46
2486 12 46
2487 12 46
2488 12 46
2489 12 46
2490 12 46
2491 12 46
2492 12 46
2493 12 47
2494 12 47
2495 12 47
2496 12 47
2497 12 47
2498 12 47
2499 13 47
2500 13 47
2501 13 47
2502 13 47
2503 13 47
2504 13 47
2505 13 47
2506 13 47
2507 13 47
2508 13 47
2509 13 47
2510 13 47
2511 13 47
2512 13 47
2513 13 47
2514 13 47
2515 13 47
2516 13 47
2517 13 47
2518 13 47
2519 13 47
2520 13 48
2521 13 48
2522 13 48
2523 13 48
2524 13 48
2525 13 48
2526 13 48
2527 13 48
2528 13 48
2529 13 48
2530 13 48
2531 13 48
2532 14 48
2533 14 48
2534 14 48
2535 14 48
2536 14 48
2537 14 48
2538 14 48
2539 14 48
2540 14 48
2541 14 48
2542 14 48
2543 14 48
2544 14 48
2545 14 48
2546 14 48
2547 14 48
2548 14 48
2549 14 48
2550 14 48
2551 14 48
2552 14 49
2553 14 49
2554 14 49
2555 14 49
2556 14 49
2557 14 49
2558 14 49
2559 14 49
2560 14 49
2561 14 49
2562 14 49
2563 14 49
2564 14 49
2565 14 49
2566 14 49
2567 14 49
2568 14 49
2569 14 49
2570 14 49
2571 15 49
2572 15 49
2573 15 49
2574 15 49
2575 15 49
2576 15 49
2577 15 49
2578 15 50
2579 15 50
2580 15 50
2581 15 50
2582 15 50
2583 15 50
2584 15 50
2585 15 50
2586 15 50
2587 15 50
2588 15 50
2589 15 50
2590 15 50
2591 15 50
2592 15 50
2593 15 50
2594 15 50
2595 15 50
2596 16 50
2597 16 50
2598 16 50
2599 16 50
2600 16 50
2601 16 50
2602 16 50
2603 16 50
2604 16 50
2605 16 50
2606 16 50
2607 16 50
2608 16 50
2609 16 50
2610 16 51
2611 16 51
2612 16 51
2613 16 51
2614 16 51
2615 16 51
2616 16 51
2617 16 51
2618 16 51
2619 16 51
2620 16 51
2621 17 51
2622 17 51
2623 17 51
2624 17 51
2625 17 51
2626 17 51
2627 17 51
2628 17 51
2629 17 51
2630 17 51
2631 17 51
2632 17 51
2633 18 51
2634 18 51
2635 18 51
2636 18 51
2637 18 51
2638 18 51
2639 18 51
2640 18 51
2641 18 51
2642 18 51
2643 18 51
2644 18 51
2645 18 51
2646 18 51
2647 18 51
2648 19 51
2649 19 51
2650 19 51
2651 19 52
2652 19 52
2653 19 52
2654 19 52
2655 19 52
2656 19 52
2657 19 52
2658 19 52
2659 19 52
2660 19 52
2661 19 52
2662 19 52
2663 19 52
2664 19 52
2665 20 52
2666 20 52
2667 20 52
2668 20 52
2669 20 52
2670 20 52
2671 20 52
2672 20 52
2673 21 52
2674 21 52
2675 21 52
2676 21 52
2677 21 52
2678 21 52
2679 21 52
2680 22 52
2681 22 52
2682 22 53
2683 22 53
2684 22 53
2685 23 53
2686 23 53
2687 23 53
2688 23 53
2689 23 53
2690 23 53
2691 23 53
2692 23 53
2693 24 53
2694 24 53
2695 24 53
2696 24 53
2697 24 53
2698 24 53
2699 24 53
2700 24 53
2701 24 53
2702 24 53
2703 24 53
2704 24 53
2705 24 53
2706 25 54
2707 25 54
2708 25 54
2709 25 54
2710 25 54
2711 26 54
2712 26 54
2713 27 54
2714 27 54
2715 27 54
2716 27 54
2717 28 54
2718 28 54
2719 28 54
2720 28 54
2721 28 54
2722 29 54
2723 29 54
2724 29 54
2725 29 54
2726 29 54
2727 29 54
2728 29 54
2729 29 54
2730 30 54
2731 30 54
2732 31 54
2733 31 54
2734 32 54
2735 32 54
2736 33 54
2737 33 54
2738 33 54
2739 33 54
2740 34 54
2741 34 55
2742 34 55
2743 34 55
2744 34 55
2745 35 55
2746 35 55
2747 35 55
2748 35 55
2749 35 55
2750 35 55
2751 35 55
2752 35 55
2753 36 55
2754 36 55
2755 36 55
2756 37 55
2757 37 55
2758 38 55
2759 38 55
2760 38 55
2761 38 55
2762 39 55
2763 39 55
2764 40 55
2765 41 55
2766 42 55
2767 44 55
2768 44 55
2769 45 55
2770 47 56
2771 48 56
2772 48 56
2773 48 56
2774 50 56
2775 55 56
2776 56 56
2777 57 56
2778 61 56
2779 63 56
2780 65 56
2781 72 56
2782 84 56
2783 100 56
