0 0 0
1 0 0
2 0 0
3 0 0
4 0 0
5 0 0
6 0 0
7 0 0
8 0 0
9 0 0
10 0 0
11 0 0
12 0 0
13 0 0
14 0 0
15 0 0
16 0 0
17 0 0
18 0 0
19 0 0
20 0 0
21 0 0
22 0 0
23 0 0
24 0 0
25 0 0
26 0 0
27 0 0
28 0 0
29 0 0
30 0 0
31 0 0
32 0 0
33 0 0
34 0 0
35 0 0
36 0 0
37 0 0
38 0 0
39 0 0
40 0 0
41 0 0
42 0 0
43 0 0
44 0 0
45 0 0
46 0 0
47 0 0
48 0 0
49 0 0
50 0 0
51 0 0
52 0 0
53 0 0
54 0 0
55 0 0
56 0 0
57 0 0
58 0 0
59 0 0
60 0 0
61 0 0
62 0 0
63 0 0
64 0 0
65 0 0
66 0 0
67 0 0
68 0 0
69 0 0
70 0 0
71 0 0
72 0 0
73 0 0
74 0 0
75 0 0
76 0 0
77 0 0
78 0 0
79 0 0
80 0 0
81 0 0
82 0 0
83 0 0
84 0 0
85 0 0
86 0 0
87 0 0
88 0 0
89 0 0
90 0 0
91 0 0
92 0 0
93 0 0
94 0 0
95 0 0
96 0 0
97 0 0
98 0 0
99 0 0
100 0 0
101 0 0
102 0 0
103 0 0
104 0 0
105 0 0
106 0 0
107 0 0
108 0 33
109 0 33
110 0 33
111 0 33
112 0 33
113 0 33
114 0 33
115 0 25
116 0 25
117 0 25
118 0 25
119 0 25
120 0 40
121 0 40
122 0 40
123 0 40
124 0 40
125 0 40
126 0 40
127 0 40
128 0 40
129 0 40
130 0 40
131 0 40
132 0 40
133 0 40
134 0 40
135 0 40
136 0 40
137 0 40
138 0 40
139 0 40
140 0 50
141 0 42
142 0 42
143 0 42
144 0 50
145 0 50
146 0 50
147 0 50
148 0 50
149 0 50
150 0 50
151 0 50
152 0 50
153 0 50
154 0 50
155 0 50
156 0 50
157 0 50
158 0 50
159 0 50
160 0 50
161 0 50
162 0 50
163 0 55
164 0 55
165 0 55
166 0 55
167 0 55
168 0 55
169 0 55
170 0 55
171 0 55
172 0 55
173 0 55
174 0 55
175 0 55
176 0 55
177 0 55
178 0 55
179 0 55
180 0 55
181 0 50
182 0 50
183 0 50
184 0 50
185 0 50
186 0 45
187 0 45
188 0 45
189 0 45
190 0 45
191 0 45
192 0 45
193 0 45
194 0 45
195 0 45
196 0 45
197 0 45
198 0 45
199 0 45
200 0 45
201 0 45
202 0 45
203 0 45
204 0 45
205 0 45
206 0 41
207 0 41
208 0 41
209 0 41
210 0 41
211 0 41
212 0 41
213 0 41
214 0 41
215 0 41
216 0 41
217 0 41
218 0 41
219 0 41
220 0 41
221 0 41
222 0 41
223 0 46
224 0 46
225 0 46
226 0 46
227 0 46
228 0 50
229 0 50
230 0 50
231 0 50
232 0 50
233 0 50
234 0 50
235 0 46
236 0 46
237 0 46
238 0 46
239 0 46
240 0 46
241 0 46
242 0 46
243 0 46
244 0 46
245 0 46
246 0 46
247 0 43
248 0 43
249 0 43
250 0 47
251 0 47
252 0 47
253 0 47
254 0 47
255 0 47
256 0 47
257 0 47
258 0 50
259 0 50
260 0 50
261 0 50
262 0 50
263 0 50
264 0 50
265 0 47
266 0 45
267 0 45
268 0 45
269 0 45
270 0 45
271 0 45
272 0 45
273 0 45
274 0 45
275 0 45
276 0 45
277 0 45
278 0 47
279 0 47
280 0 45
281 0 45
282 0 45
283 0 45
284 0 43
285 0 43
286 0 43
287 0 43
288 0 43
289 0 43
290 0 43
291 0 43
292 0 43
293 0 43
294 0 43
295 0 41
296 0 41
297 0 41
298 0 41
299 0 44
300 0 44
301 0 42
302 0 40
303 0 40
304 0 40
305 0 40
306 0 40
307 0 39
308 0 39
309 0 39
310 0 39
311 0 39
312 0 39
313 0 37
314 0 37
315 0 37
316 0 37
317 0 37
318 0 37
319 0 37
320 0 37
321 0 37
322 0 37
323 0 37
324 0 37
325 0 36
326 0 36
327 0 36
328 0 35
329 0 35
330 0 35
331 0 35
332 0 35
333 0 35
334 0 35
335 0 35
336 0 34
337 0 34
338 0 34
339 0 34
340 0 34
341 0 34
342 0 34
343 0 34
344 0 34
345 0 34
346 0 34
347 0 33
348 0 33
349 0 32
350 0 32
351 0 31
352 0 30
353 0 29
354 0 31
355 0 31
356 0 31
357 0 31
358 0 31
359 0 31
360 0 31
361 0 31
362 0 31
363 0 31
364 0 31
365 0 30
366 0 30
367 0 31
368 0 30
369 0 32
370 0 32
371 0 32
372 0 32
373 0 32
374 0 32
375 0 32
376 0 32
377 0 32
378 0 32
379 0 32
380 0 32
381 0 32
382 0 32
383 0 31
384 0 31
385 0 31
386 0 31
387 0 31
388 0 31
389 0 31
390 0 31
391 0 31
392 0 31
393 0 31
394 0 31
395 0 31
396 0 31
397 0 31
398 0 31
399 0 31
400 0 31
401 0 31
402 0 31
403 0 31
404 0 30
405 0 30
406 0 30
407 0 30
408 0 30
409 0 30
410 0 30
411 0 30
412 0 30
413 0 30
414 0 30
415 0 30
416 0 29
417 0 29
418 0 29
419 0 29
420 0 28
421 0 28
422 0 28
423 0 28
424 0 28
425 0 28
426 0 28
427 0 28
428 0 28
429 0 28
430 0 27
431 0 27
432 0 27
433 0 26
434 0 26
435 0 26
436 0 26
437 0 26
438 0 26
439 0 25
440 0 25
441 0 25
442 0 25
443 0 25
444 0 25
445 0 25
446 0 25
447 0 25
448 0 25
449 0 25
450 0 24
451 0 24
452 0 24
453 0 24
454 0 24
455 0 24
456 0 24
457 0 24
458 0 24
459 0 24
460 0 24
461 0 24
462 0 24
463 0 24
464 0 24
465 0 24
466 0 24
467 0 24
468 0 24
469 0 24
470 0 24
471 0 24
472 0 24
473 0 24
474 0 24
475 0 24
476 0 24
477 0 23
478 0 23
479 0 23
480 0 23
481 0 23
482 0 23
483 0 23
484 0 23
485 0 23
486 0 23
487 0 23
488 0 23
489 0 23
490 0 23
491 0 23
492 0 23
493 0 23
494 0 23
495 0 23
496 0 23
497 0 22
498 0 22
499 0 22
500 0 22
501 0 22
502 0 22
503 0 22
504 0 22
505 0 22
506 0 22
507 0 22
508 0 22
509 0 21
510 0 21
511 0 21
512 0 21
513 0 21
514 0 21
515 0 21
516 0 21
517 0 21
518 0 21
519 0 21
520 0 21
521 0 20
522 0 20
523 0 20
524 0 20
525 0 20
526 0 20
527 0 20
528 0 20
529 0 20
530 0 20
531 0 20
532 0 20
533 0 20
534 0 20
535 0 22
536 0 22
537 0 22
538 0 22
539 0 22
540 0 22
541 0 22
542 0 22
543 0 21
544 0 21
545 0 21
546 0 21
547 0 21
548 0 21
549 0 21
550 0 21
551 0 21
552 0 21
553 0 21
554 0 21
555 0 21
556 0 21
557 0 21
558 0 21
559 0 20
560 0 20
561 0 21
562 0 21
563 0 21
564 0 21
565 0 21
566 0 21
567 0 21
568 0 21
569 0 21
570 0 21
571 0 21
572 0 21
573 0 21
574 0 21
575 0 21
576 0 21
577 0 21
578 0 21
579 0 21
580 0 21
581 0 21
582 0 21
583 0 21
584 0 21
585 0 21
586 0 21
587 0 21
588 0 21
589 0 21
590 0 20
591 0 20
592 0 20
593 0 20
594 0 20
595 0 20
596 0 20
597 0 20
598 0 20
599 0 20
600 0 20
601 0 20
602 0 20
603 0 20
604 0 20
605 0 20
606 0 20
607 0 20
608 0 20
609 0 20
610 0 20
611 0 20
612 0 20
613 0 20
614 0 20
615 0 20
616 0 20
617 0 20
618 0 20
619 0 20
620 0 20
621 0 20
622 0 20
623 0 20
624 0 20
625 0 20
626 0 20
627 0 20
628 0 20
629 0 20
630 0 20
631 0 20
632 0 20
633 0 20
634 0 20
635 0 20
636 0 20
637 0 20
638 0 20
639 0 20
640 0 20
641 0 20
642 0 20
643 0 20
644 0 20
645 0 20
646 0 20
647 0 20
648 0 20
649 0 20
650 0 20
651 0 20
652 0 20
653 0 20
654 0 20
655 0 20
656 0 20
657 0 20
658 0 20
659 0 20
660 0 20
661 0 20
662 0 20
663 0 20
664 0 20
665 0 20
666 0 20
667 0 20
668 0 20
669 0 20
670 0 21
671 0 21
672 0 21
673 0 21
674 0 21
675 0 21
676 0 21
677 0 21
678 0 21
679 0 21
680 0 21
681 0 20
682 0 20
683 0 20
684 0 20
685 0 20
686 0 20
687 1 20
688 1 21
689 1 21
690 1 21
691 1 21
692 1 21
693 1 21
694 1 21
695 1 21
696 1 21
697 1 21
698 1 22
699 1 22
700 1 22
701 1 22
702 1 22
703 1 22
704 1 22
705 1 22
706 1 23
707 1 23
708 1 23
709 1 24
710 1 24
711 1 24
712 1 24
713 1 24
714 1 23
715 1 23
716 1 23
717 1 23
718 1 23
719 1 23
720 1 23
721 1 23
722 1 23
723 1 23
724 1 23
725 1 23
726 1 23
727 1 23
728 1 23
729 1 23
730 1 23
731 1 24
732 1 24
733 1 24
734 1 24
735 1 24
736 1 24
737 1 24
738 1 24
739 1 24
740 1 24
741 1 24
742 1 24
743 1 24
744 1 24
745 1 24
746 1 24
747 1 24
748 1 24
749 1 24
750 1 24
751 1 25
752 1 25
753 1 25
754 1 25
755 1 25
756 1 25
757 1 25
758 1 25
759 1 25
760 1 25
761 1 25
762 1 25
763 1 25
764 1 25
765 1 24
766 1 24
767 1 24
768 1 24
769 1 24
770 1 24
771 1 24
772 1 24
773 1 24
774 1 24
775 1 24
776 1 24
777 1 24
778 1 24
779 1 24
780 1 24
781 1 24
782 1 24
783 1 24
784 1 24
785 1 24
786 1 25
787 1 25
788 1 25
789 1 25
790 1 25
791 1 25
792 1 25
793 1 25
794 1 25
795 1 25
796 1 25
797 1 25
798 1 25
799 1 25
800 1 25
801 1 25
802 1 25
803 1 26
804 1 26
805 1 26
806 1 26
807 1 26
808 1 26
809 1 26
810 1 26
811 1 26
812 1 26
813 1 26
814 1 26
815 1 26
816 1 26
817 1 25
818 1 25
819 1 25
820 1 25
821 1 25
822 1 25
823 1 26
824 1 27
825 1 27
826 1 27
827 1 27
828 1 27
829 1 27
830 1 26
831 1 26
832 1 26
833 1 26
834 1 26
835 1 26
836 1 26
837 1 26
838 1 26
839 1 26
840 1 27
841 1 27
842 1 27
843 1 27
844 1 26
845 1 26
846 1 26
847 1 26
848 1 26
849 1 26
850 1 26
851 1 26
852 1 26
853 1 26
854 1 26
855 1 27
856 1 27
857 1 27
858 1 27
859 1 27
860 1 27
861 1 27
862 1 27
863 1 27
864 1 27
865 1 27
866 1 27
867 1 27
868 1 27
869 1 27
870 1 27
871 1 27
872 1 27
873 1 27
874 1 27
875 1 27
876 1 27
877 1 27
878 1 27
879 1 27
880 1 27
881 1 27
882 1 27
883 1 26
884 1 26
885 1 26
886 1 26
887 1 26
888 1 26
889 1 26
890 1 26
891 1 26
892 1 26
893 1 26
894 1 26
895 1 26
896 1 26
897 1 26
898 1 26
899 1 26
900 1 26
901 1 26
902 1 26
903 1 26
904 1 26
905 1 26
906 1 26
907 1 26
908 1 26
909 1 26
910 1 26
911 1 26
912 1 26
913 1 26
914 1 26
915 1 26
916 1 26
917 1 26
918 1 26
919 1 26
920 1 26
921 1 26
922 1 26
923 1 26
924 1 26
925 1 26
926 1 26
927 1 26
928 1 26
929 1 26
930 1 26
931 1 26
932 1 26
933 1 26
934 1 26
935 1 26
936 1 26
937 1 26
938 1 26
939 1 26
940 1 26
941 1 26
942 1 26
943 1 26
944 1 26
945 1 26
946 1 26
947 1 26
948 1 26
949 1 26
950 1 26
951 1 26
952 1 26
953 1 26
954 1 26
955 1 26
956 1 26
957 1 26
958 1 26
959 1 26
960 1 26
961 1 26
962 1 26
963 1 26
964 1 26
965 1 26
966 1 26
967 1 26
968 1 26
969 1 26
970 1 26
971 1 26
972 1 26
973 1 26
974 1 26
975 1 26
976 1 26
977 1 26
978 1 26
979 1 26
980 1 27
981 1 27
982 1 27
983 1 27
984 1 27
985 1 27
986 1 27
987 1 27
988 1 27
989 1 27
990 1 27
991 1 27
992 1 27
993 1 27
994 1 27
995 1 27
996 1 27
997 1 27
998 1 27
999 1 27
1000 1 27
1001 1 27
1002 1 27
1003 1 27
1004 1 27
1005 1 27
1006 1 27
1007 1 27
1008 1 27
1009 1 28
1010 1 28
1011 1 28
1012 1 28
1013 1 28
1014 1 28
1015 1 28
1016 1 28
1017 1 28
1018 1 28
1019 1 28
1020 1 28
1021 1 28
1022 1 28
1023 1 28
1024 1 28
1025 1 28
1026 1 28
1027 1 28
1028 1 28
1029 1 28
1030 1 28
1031 1 28
1032 1 28
1033 1 28
1034 1 28
1035 1 28
1036 1 28
1037 1 28
1038 1 28
1039 1 28
1040 1 28
1041 1 28
1042 1 28
1043 1 28
1044 1 28
1045 1 28
1046 1 28
1047 1 28
1048 1 28
1049 1 28
1050 1 28
1051 1 28
1052 1 28
1053 1 28
1054 1 28
1055 1 28
1056 1 28
1057 1 28
1058 1 28
1059 1 28
1060 1 28
1061 1 28
1062 1 28
1063 1 28
1064 1 28
1065 1 28
1066 1 28
1067 1 28
1068 1 29
1069 1 29
1070 1 29
1071 1 29
1072 1 29
1073 1 29
1074 1 29
1075 1 29
1076 1 29
1077 1 29
1078 1 29
1079 1 29
1080 1 29
1081 1 29
1082 1 29
1083 1 29
1084 1 29
1085 1 29
1086 1 29
1087 1 29
1088 1 29
1089 1 29
1090 1 28
1091 1 28
1092 1 28
1093 1 28
1094 1 28
1095 1 28
1096 1 28
1097 1 28
1098 1 28
1099 1 28
1100 1 28
1101 1 28
1102 1 28
1103 1 28
1104 1 28
1105 1 28
1106 1 28
1107 1 28
1108 1 28
1109 1 28
1110 1 28
1111 1 28
1112 1 28
1113 1 28
1114 1 28
1115 1 28
1116 1 28
1117 1 28
1118 1 28
1119 1 28
1120 1 28
1121 1 28
1122 1 28
1123 1 28
1124 1 28
1125 1 28
1126 1 28
1127 1 28
1128 1 27
1129 1 27
1130 1 27
1131 1 27
1132 1 28
1133 1 28
1134 1 28
1135 1 28
1136 1 28
1137 1 28
1138 1 28
1139 2 28
1140 2 28
1141 2 28
1142 2 28
1143 2 28
1144 2 28
1145 2 28
1146 2 28
1147 2 28
1148 2 28
1149 2 28
1150 2 27
1151 2 27
1152 2 27
1153 2 27
1154 2 27
1155 2 27
1156 2 27
1157 2 27
1158 2 27
1159 2 27
1160 2 27
1161 2 27
1162 2 28
1163 2 28
1164 2 28
1165 2 28
1166 2 28
1167 2 28
1168 2 28
1169 2 28
1170 2 28
1171 2 28
1172 2 28
1173 2 28
1174 2 28
1175 2 28
1176 2 28
1177 2 28
1178 2 28
1179 2 28
1180 2 28
1181 2 28
1182 2 28
1183 2 28
1184 2 28
1185 2 28
1186 2 28
1187 2 28
1188 2 28
1189 2 28
1190 2 28
1191 2 28
1192 2 28
1193 2 28
1194 2 28
1195 2 28
1196 2 28
1197 2 28
1198 2 28
1199 2 28
1200 2 28
1201 2 28
1202 2 28
1203 2 28
1204 2 28
1205 2 28
1206 2 28
1207 2 28
1208 2 28
1209 2 28
1210 2 28
1211 2 28
1212 2 28
1213 2 28
1214 2 28
1215 2 28
1216 2 28
1217 2 28
1218 2 28
1219 2 28
1220 2 28
1221 2 28
1222 2 28
1223 2 28
1224 2 28
1225 2 28
1226 2 28
1227 2 28
1228 2 28
1229 2 28
1230 2 28
1231 2 28
1232 2 28
1233 2 28
1234 2 28
1235 2 28
1236 2 28
1237 2 28
1238 2 28
1239 2 28
1240 2 28
1241 2 28
1242 2 28
1243 2 28
1244 2 28
1245 2 28
1246 2 28
1247 2 28
1248 2 28
1249 2 28
1250 2 28
1251 2 28
1252 2 28
1253 2 28
1254 2 28
1255 2 29
1256 2 29
1257 2 29
1258 2 29
1259 2 29
1260 2 29
1261 2 29
1262 2 29
1263 2 29
1264 2 29
1265 2 29
1266 2 29
1267 2 29
1268 2 29
1269 2 29
1270 2 29
1271 2 29
1272 2 29
1273 2 29
1274 2 29
1275 2 29
1276 2 29
1277 2 29
1278 2 29
1279 2 29
1280 2 29
1281 2 29
1282 2 29
1283 2 29
1284 2 29
1285 2 29
1286 2 29
1287 2 29
1288 2 29
1289 2 29
1290 2 29
1291 2 29
1292 2 29
1293 2 29
1294 2 29
1295 2 29
1296 2 29
1297 2 29
1298 2 29
1299 2 28
1300 2 28
1301 2 28
1302 2 28
1303 2 28
1304 2 28
1305 2 28
1306 2 28
1307 2 28
1308 2 28
1309 2 28
1310 2 28
1311 2 28
1312 2 28
1313 2 28
1314 2 28
1315 2 28
1316 2 28
1317 2 29
1318 2 29
1319 2 29
1320 2 29
1321 2 29
1322 2 29
1323 2 29
1324 2 29
1325 2 29
1326 2 29
1327 2 29
1328 2 29
1329 2 29
1330 2 29
1331 2 29
1332 2 29
1333 2 29
1334 2 29
1335 2 30
1336 2 30
1337 2 30
1338 2 30
1339 2 30
1340 2 30
1341 2 30
1342 2 30
1343 2 30
1344 2 30
1345 2 30
1346 2 30
1347 2 30
1348 2 30
1349 2 30
1350 2 30
1351 2 30
1352 2 30
1353 2 30
1354 2 30
1355 2 30
1356 2 30
1357 2 30
1358 2 30
1359 2 30
1360 2 30
1361 2 30
1362 2 31
1363 2 31
1364 2 31
1365 2 31
1366 2 31
1367 2 31
1368 2 31
1369 2 31
1370 2 31
1371 2 31
1372 2 31
1373 2 31
1374 2 31
1375 2 31
1376 2 31
1377 2 31
1378 2 31
1379 2 31
1380 2 31
1381 2 31
1382 2 31
1383 2 31
1384 2 31
1385 2 31
1386 2 31
1387 2 31
1388 2 31
1389 2 31
1390 2 31
1391 2 31
1392 2 31
1393 2 31
1394 2 31
1395 2 31
1396 2 31
1397 2 31
1398 2 32
1399 2 32
1400 2 32
1401 2 32
1402 2 32
1403 2 32
1404 2 32
1405 2 32
1406 2 32
1407 2 32
1408 2 32
1409 2 32
1410 2 32
1411 2 32
1412 2 32
1413 2 32
1414 2 32
1415 2 32
1416 2 32
1417 2 32
1418 2 32
1419 2 32
1420 2 32
1421 2 32
1422 2 32
1423 2 32
1424 2 32
1425 2 32
1426 2 32
1427 2 32
1428 2 32
1429 2 32
1430 2 32
1431 2 32
1432 2 32
1433 2 32
1434 2 32
1435 2 32
1436 2 32
1437 2 32
1438 2 32
1439 2 32
1440 2 32
1441 2 32
1442 2 32
1443 2 32
1444 2 32
1445 2 32
1446 2 32
1447 2 32
1448 2 32
1449 2 32
1450 2 32
1451 2 32
1452 2 32
1453 2 32
1454 2 32
1455 2 32
1456 2 32
1457 2 32
1458 2 32
1459 2 32
1460 2 32
1461 2 32
1462 2 32
1463 2 32
1464 2 32
1465 3 32
1466 3 32
1467 3 32
1468 3 32
1469 3 32
1470 3 32
1471 3 32
1472 3 32
1473 3 32
1474 3 33
1475 3 33
1476 3 33
1477 3 32
1478 3 32
1479 3 32
1480 3 32
1481 3 32
1482 3 32
1483 3 32
1484 3 32
1485 3 32
1486 3 32
1487 3 32
1488 3 32
1489 3 32
1490 3 32
1491 3 32
1492 3 32
1493 3 32
1494 3 32
1495 3 32
1496 3 32
1497 3 32
1498 3 32
1499 3 32
1500 3 32
1501 3 32
1502 3 32
1503 3 32
1504 3 32
1505 3 32
1506 3 32
1507 3 32
1508 3 33
1509 3 33
1510 3 33
1511 3 33
1512 3 33
1513 3 33
1514 3 33
1515 3 33
1516 3 33
1517 3 33
1518 3 33
1519 3 33
1520 3 33
1521 3 33
1522 3 33
1523 3 33
1524 3 33
1525 3 33
1526 3 33
1527 3 33
1528 3 33
1529 3 33
1530 3 33
1531 3 33
1532 3 33
1533 3 33
1534 3 33
1535 3 33
1536 3 33
1537 3 33
1538 3 33
1539 3 33
1540 3 33
1541 3 33
1542 3 33
1543 3 33
1544 3 33
1545 3 33
1546 3 33
1547 3 33
1548 3 33
1549 3 33
1550 3 33
1551 3 33
1552 3 33
1553 3 33
1554 3 33
1555 3 33
1556 3 33
1557 3 33
1558 3 33
1559 3 33
1560 3 33
1561 3 33
1562 3 33
1563 3 33
1564 3 33
1565 3 33
1566 3 33
1567 3 33
1568 3 33
1569 3 33
1570 3 33
1571 3 33
1572 3 33
1573 3 33
1574 3 33
1575 3 33
1576 3 33
1577 3 33
1578 3 33
1579 3 33
1580 3 33
1581 3 33
1582 3 33
1583 3 33
1584 3 33
1585 3 33
1586 3 33
1587 3 33
1588 3 33
1589 3 33
1590 3 33
1591 3 33
1592 3 33
1593 3 33
1594 3 34
1595 3 34
1596 3 34
1597 3 34
1598 3 34
1599 3 34
1600 3 34
1601 3 34
1602 3 34
1603 3 34
1604 3 34
1605 3 34
1606 3 34
1607 3 34
1608 3 34
1609 3 34
1610 3 34
1611 3 34
1612 3 34
1613 3 34
1614 3 34
1615 3 34
1616 3 34
1617 3 34
1618 3 35
1619 3 35
1620 3 35
1621 3 35
1622 3 35
1623 3 35
1624 3 35
1625 3 35
1626 3 35
1627 3 35
1628 3 35
1629 3 35
1630 3 34
1631 3 34
1632 3 34
1633 3 34
1634 3 34
1635 3 35
1636 3 35
1637 3 35
1638 3 35
1639 3 35
1640 3 35
1641 3 35
1642 3 35
1643 3 35
1644 3 35
1645 3 35
1646 3 35
1647 3 35
1648 3 35
1649 3 35
1650 3 35
1651 3 35
1652 3 35
1653 3 35
1654 3 35
1655 3 35
1656 3 35
1657 3 35
1658 3 35
1659 3 35
1660 3 35
1661 3 35
1662 3 35
1663 3 35
1664 3 35
1665 3 35
1666 3 35
1667 3 35
1668 3 35
1669 3 35
1670 3 36
1671 3 36
1672 3 36
1673 3 36
1674 4 36
1675 4 36
1676 4 36
1677 4 36
1678 4 36
1679 4 36
1680 4 36
1681 4 36
1682 4 36
1683 4 37
1684 4 37
1685 4 37
1686 4 37
1687 4 37
1688 4 37
1689 4 37
1690 4 37
1691 4 37
1692 4 37
1693 4 37
1694 4 37
1695 4 37
1696 4 37
1697 4 37
1698 4 37
1699 4 37
1700 4 37
1701 4 37
1702 4 37
1703 4 37
1704 4 37
1705 4 37
1706 4 37
1707 4 37
1708 4 37
1709 4 37
1710 4 37
1711 4 37
1712 4 37
1713 4 37
1714 4 37
1715 4 37
1716 4 37
1717 4 37
1718 4 37
1719 4 37
1720 4 37
1721 4 37
1722 4 37
1723 4 37
1724 4 37
1725 4 37
1726 4 37
1727 4 37
1728 4 37
1729 4 37
1730 4 37
1731 4 37
1732 4 37
1733 4 37
1734 4 37
1735 4 37
1736 4 37
1737 4 37
1738 4 37
1739 4 37
1740 4 37
1741 4 37
1742 4 37
1743 4 37
1744 4 37
1745 4 37
1746 4 37
1747 4 37
1748 4 37
1749 4 36
1750 4 36
1751 4 37
1752 4 37
1753 4 37
1754 4 37
1755 4 37
1756 4 37
1757 4 37
1758 4 37
1759 4 37
1760 4 37
1761 4 37
1762 4 37
1763 4 37
1764 4 37
1765 4 37
1766 4 37
1767 4 37
1768 4 37
1769 4 37
1770 4 37
1771 4 37
1772 4 37
1773 4 37
1774 4 37
1775 4 37
1776 4 37
1777 4 37
1778 4 37
1779 4 37
1780 4 37
1781 4 37
1782 4 37
1783 4 37
1784 4 37
1785 4 37
1786 4 37
1787 4 37
1788 4 37
1789 4 37
1790 4 37
1791 4 37
1792 4 37
1793 4 37
1794 4 37
1795 4 37
1796 4 37
1797 4 37
1798 4 37
1799 4 37
1800 4 37
1801 4 37
1802 4 37
1803 4 37
1804 4 37
1805 4 37
1806 4 37
1807 4 37
1808 4 37
1809 4 37
1810 4 37
1811 4 37
1812 4 37
1813 4 37
1814 4 37
1815 4 37
1816 4 37
1817 4 37
1818 4 37
1819 4 37
1820 4 37
1821 4 37
1822 4 37
1823 4 37
1824 4 37
1825 4 37
1826 4 37
1827 4 37
1828 4 37
1829 4 37
1830 4 37
1831 4 37
1832 4 37
1833 4 37
1834 4 37
1835 4 37
1836 4 37
1837 4 37
1838 4 37
1839 4 37
1840 4 37
1841 4 37
1842 4 37
1843 4 37
1844 4 37
1845 4 37
1846 4 37
1847 4 37
1848 4 37
1849 4 37
1850 5 37
1851 5 37
1852 5 36
1853 5 36
1854 5 36
1855 5 36
1856 5 36
1857 5 36
1858 5 36
1859 5 36
1860 5 36
1861 5 36
1862 5 36
1863 5 36
1864 5 36
1865 5 36
1866 5 36
1867 5 36
1868 5 36
1869 5 36
1870 5 36
1871 5 36
1872 5 36
1873 5 36
1874 5 36
1875 5 36
1876 5 36
1877 5 36
1878 5 36
1879 5 36
1880 5 36
1881 5 36
1882 5 36
1883 5 36
1884 5 36
1885 5 36
1886 5 36
1887 5 36
1888 5 36
1889 5 36
1890 5 36
1891 5 36
1892 5 36
1893 5 36
1894 5 36
1895 5 36
1896 5 36
1897 5 36
1898 5 36
1899 5 36
1900 5 36
1901 5 35
1902 5 35
1903 5 35
1904 5 35
1905 5 35
1906 5 35
1907 5 35
1908 5 35
1909 5 35
1910 5 35
1911 5 35
1912 5 35
1913 5 35
1914 5 35
1915 5 35
1916 5 35
1917 5 35
1918 5 35
1919 5 35
1920 5 35
1921 5 35
1922 5 35
1923 5 35
1924 5 35
1925 5 35
1926 5 35
1927 5 35
1928 5 35
1929 5 35
1930 5 35
1931 5 35
1932 5 35
1933 5 35
1934 5 35
1935 5 35
1936 5 35
1937 5 35
1938 5 35
1939 5 35
1940 5 35
1941 5 35
1942 5 35
1943 5 35
1944 5 35
1945 5 35
1946 5 35
1947 5 35
1948 5 35
1949 5 35
1950 5 35
1951 5 35
1952 5 35
1953 5 35
1954 5 35
1955 5 35
1956 5 35
1957 5 35
1958 5 35
1959 5 35
1960 5 35
1961 5 35
1962 5 35
1963 5 35
1964 5 35
1965 5 35
1966 5 35
1967 5 35
1968 5 35
1969 5 35
1970 5 35
1971 5 35
1972 5 35
1973 5 35
1974 5 35
1975 5 35
1976 5 35
1977 5 35
1978 5 35
1979 5 35
1980 5 35
1981 5 35
1982 5 35
1983 5 35
1984 5 35
1985 5 35
1986 5 35
1987 5 35
1988 5 35
1989 5 35
1990 5 35
1991 5 35
1992 5 35
1993 5 35
1994 5 35
1995 5 35
1996 5 35
1997 5 35
1998 6 35
1999 6 35
2000 6 35
2001 6 35
2002 6 35
2003 6 35
2004 6 35
2005 6 35
2006 6 35
2007 6 35
2008 6 35
2009 6 35
2010 6 35
2011 6 35
2012 6 35
2013 6 35
2014 6 35
2015 6 35
2016 6 35
2017 6 35
2018 6 35
2019 6 35
2020 6 35
2021 6 35
2022 6 35
2023 6 35
2024 6 35
2025 6 35
2026 6 35
2027 6 35
2028 6 35
2029 6 35
2030 6 35
2031 6 35
2032 6 35
2033 6 35
2034 6 35
2035 6 35
2036 6 35
2037 6 35
2038 6 35
2039 6 35
2040 6 35
2041 6 35
2042 6 35
2043 6 35
2044 6 35
2045 6 35
2046 6 35
2047 6 35
2048 6 35
2049 6 35
2050 6 35
2051 6 35
2052 6 35
2053 6 35
2054 6 35
2055 6 35
2056 6 35
2057 6 35
2058 6 35
2059 6 35
2060 6 35
2061 6 35
2062 6 35
2063 6 35
2064 6 35
2065 6 35
2066 6 35
2067 6 35
2068 6 35
2069 6 35
2070 6 35
2071 6 35
2072 6 35
2073 6 35
2074 6 35
2075 6 35
2076 6 35
2077 6 35
2078 6 35
2079 6 35
2080 6 35
2081 6 35
2082 6 35
2083 6 35
2084 6 35
2085 6 35
2086 6 35
2087 6 35
2088 6 35
2089 6 35
2090 6 35
2091 6 35
2092 6 35
2093 6 35
2094 6 35
2095 6 35
2096 6 35
2097 6 35
2098 6 34
2099 6 34
2100 6 34
2101 6 34
2102 6 34
2103 6 34
2104 6 34
2105 6 34
2106 6 34
2107 6 34
2108 6 34
2109 6 34
2110 6 34
2111 6 34
2112 6 34
2113 6 34
2114 6 34
2115 6 34
2116 6 34
2117 6 34
2118 7 34
2119 7 34
2120 7 34
2121 7 34
2122 7 34
2123 7 34
2124 7 34
2125 7 34
2126 7 34
2127 7 34
2128 7 34
2129 7 34
2130 7 35
2131 7 35
2132 7 35
2133 7 35
2134 7 35
2135 7 35
2136 7 35
2137 7 35
2138 7 34
2139 7 34
2140 7 34
2141 7 34
2142 7 34
2143 7 34
2144 7 34
2145 7 34
2146 7 34
2147 7 34
2148 7 34
2149 7 34
2150 7 34
2151 7 34
2152 7 34
2153 7 34
2154 7 34
2155 7 34
2156 7 35
2157 7 35
2158 7 34
2159 7 34
2160 7 34
2161 7 34
2162 7 34
2163 7 34
2164 7 34
2165 7 34
2166 7 34
2167 7 34
2168 7 34
2169 7 34
2170 7 34
2171 7 34
2172 7 34
2173 7 34
2174 7 34
2175 7 34
2176 7 34
2177 7 34
2178 7 34
2179 7 34
2180 7 34
2181 7 34
2182 7 34
2183 7 34
2184 7 34
2185 7 34
2186 7 34
2187 7 34
2188 7 34
2189 7 34
2190 7 34
2191 7 34
2192 7 34
2193 7 34
2194 7 34
2195 7 34
2196 7 34
2197 7 34
2198 7 34
2199 7 34
2200 7 34
2201 7 34
2202 7 35
2203 7 35
2204 7 35
2205 7 35
2206 7 35
2207 7 34
2208 8 34
2209 8 34
2210 8 34
2211 8 34
2212 8 34
2213 8 34
2214 8 34
2215 8 34
2216 8 34
2217 8 34
2218 8 34
2219 8 34
2220 8 34
2221 8 34
2222 8 34
2223 8 34
2224 8 34
2225 8 34
2226 8 34
2227 8 34
2228 8 34
2229 8 34
2230 8 34
2231 8 34
2232 8 34
2233 8 34
2234 8 34
2235 8 34
2236 8 34
2237 8 34
2238 8 34
2239 8 35
2240 8 34
2241 8 34
2242 8 34
2243 8 34
2244 8 34
2245 8 34
2246 8 34
2247 8 34
2248 8 34
2249 8 34
2250 8 34
2251 8 34
2252 8 34
2253 8 34
2254 8 34
2255 8 34
2256 8 34
2257 8 34
2258 8 34
2259 8 34
2260 8 34
2261 8 34
2262 8 34
2263 8 34
2264 8 34
2265 8 34
2266 8 34
2267 8 34
2268 8 34
2269 8 34
2270 8 34
2271 8 34
2272 8 34
2273 8 34
2274 8 34
2275 9 34
2276 9 34
2277 9 34
2278 9 34
2279 9 34
2280 9 34
2281 9 34
2282 9 34
2283 9 34
2284 9 34
2285 9 34
2286 9 34
2287 9 34
2288 9 34
2289 9 34
2290 9 34
2291 9 34
2292 9 34
2293 9 34
2294 9 34
2295 9 34
2296 9 34
2297 9 34
2298 9 34
2299 9 34
2300 9 34
2301 9 34
2302 9 34
2303 9 34
2304 9 34
2305 9 34
2306 9 34
2307 9 34
2308 9 34
2309 9 34
2310 9 34
2311 9 34
2312 9 34
2313 9 34
2314 9 34
2315 9 34
2316 9 34
2317 9 34
2318 9 34
2319 9 34
2320 9 34
2321 9 34
2322 9 34
2323 9 34
2324 9 34
2325 9 34
2326 9 34
2327 9 34
2328 9 34
2329 9 34
2330 9 34
2331 9 34
2332 9 34
2333 9 34
2334 9 34
2335 9 34
2336 9 33
2337 9 33
2338 9 33
2339 9 33
2340 10 33
2341 10 33
2342 10 33
2343 10 33
2344 10 33
2345 10 33
2346 10 33
2347 10 33
2348 10 33
2349 10 34
2350 10 34
2351 10 34
2352 10 34
2353 10 34
2354 10 34
2355 10 34
2356 10 34
2357 10 34
2358 10 33
2359 10 33
2360 10 34
2361 10 34
2362 10 34
2363 10 34
2364 10 34
2365 10 34
2366 10 34
2367 10 34
2368 10 34
2369 10 34
2370 10 34
2371 10 34
2372 10 34
2373 10 34
2374 10 34
2375 10 34
2376 10 34
2377 10 34
2378 10 34
2379 10 34
2380 10 34
2381 10 34
2382 10 34
2383 10 34
2384 10 34
2385 10 34
2386 10 34
2387 10 34
2388 10 34
2389 10 34
2390 10 34
2391 10 34
2392 10 34
2393 10 34
2394 10 34
2395 10 33
2396 10 33
2397 10 33
2398 10 33
2399 10 33
2400 10 33
2401 10 34
2402 10 34
2403 10 34
2404 10 34
2405 10 34
2406 10 34
2407 10 34
2408 10 34
2409 10 34
2410 11 34
2411 11 34
2412 11 34
2413 11 34
2414 11 34
2415 11 34
2416 11 34
2417 11 34
2418 11 34
2419 11 34
2420 11 34
2421 11 34
2422 11 34
2423 11 34
2424 11 34
2425 11 33
2426 11 33
2427 11 33
2428 11 33
2429 11 33
2430 11 33
2431 11 33
2432 11 33
2433 11 33
2434 11 33
2435 11 33
2436 11 33
2437 11 33
2438 11 33
2439 11 33
2440 11 33
2441 11 33
2442 11 33
2443 11 33
2444 11 33
2445 11 33
2446 11 33
2447 11 33
2448 11 33
2449 11 33
2450 11 33
2451 11 33
2452 11 33
2453 11 33
2454 11 33
2455 11 33
2456 11 33
2457 11 33
2458 11 33
2459 11 33
2460 11 33
2461 11 33
2462 11 33
2463 11 33
2464 11 33
2465 11 33
2466 11 33
2467 12 33
2468 12 33
2469 12 33
2470 12 33
2471 12 33
2472 12 33
2473 12 33
2474 12 33
2475 12 33
2476 12 32
2477 12 32
2478 12 32
2479 12 32
2480 12 32
2481 12 32
2482 12 32
2483 12 32
2484 12 32
2485 12 32
2486 12 32
2487 12 32
2488 12 32
2489 12 32
2490 12 32
2491 12 32
2492 12 32
2493 12 32
2494 12 32
2495 12 32
2496 12 32
2497 12 32
2498 12 32
2499 13 32
2500 13 32
2501 13 32
2502 13 32
2503 13 32
2504 13 32
2505 13 32
2506 13 32
2507 13 32
2508 13 32
2509 13 32
2510 13 32
2511 13 32
2512 13 32
2513 13 32
2514 13 32
2515 13 32
2516 13 32
2517 13 32
2518 13 32
2519 13 32
2520 13 32
2521 13 32
2522 13 32
2523 13 32
2524 13 32
2525 13 32
2526 13 32
2527 13 32
2528 13 32
2529 13 32
2530 13 32
2531 13 32
2532 14 32
2533 14 32
2534 14 32
2535 14 32
2536 14 31
2537 14 32
2538 14 32
2539 14 32
2540 14 32
2541 14 32
2542 14 32
2543 14 32
2544 14 32
2545 14 32
2546 14 32
2547 14 32
2548 14 32
2549 14 32
2550 14 32
2551 14 31
2552 14 32
2553 14 32
2554 14 32
2555 14 32
2556 14 32
2557 14 31
2558 14 31
2559 14 31
2560 14 31
2561 14 31
2562 14 31
2563 14 31
2564 14 31
2565 14 31
2566 14 31
2567 14 31
2568 14 31
2569 14 31
2570 14 31
2571 15 31
2572 15 31
2573 15 31
2574 15 31
2575 15 31
2576 15 31
2577 15 31
2578 15 31
2579 15 31
2580 15 31
2581 15 31
2582 15 31
2583 15 31
2584 15 31
2585 15 31
2586 15 31
2587 15 31
2588 15 31
2589 15 31
2590 15 31
2591 15 31
2592 15 31
2593 15 31
2594 15 31
2595 15 31
2596 16 31
2597 16 31
2598 16 31
2599 16 31
2600 16 31
2601 16 31
2602 16 31
2603 16 31
2604 16 31
2605 16 31
2606 16 31
2607 16 31
2608 16 31
2609 16 31
2610 16 31
2611 16 31
2612 16 31
2613 16 31
2614 16 31
2615 16 31
2616 16 31
2617 16 31
2618 16 31
2619 16 31
2620 16 31
2621 17 31
2622 17 31
2623 17 31
2624 17 31
2625 17 31
2626 17 31
2627 17 31
2628 17 31
2629 17 31
2630 17 31
2631 17 31
2632 17 31
2633 18 31
2634 18 31
2635 18 31
2636 18 31
2637 18 31
2638 18 31
2639 18 31
2640 18 31
2641 18 31
2642 18 31
2643 18 31
2644 18 31
2645 18 31
2646 18 31
2647 18 31
2648 19 31
2649 19 31
2650 19 31
2651 19 31
2652 19 31
2653 19 31
2654 19 31
2655 19 31
2656 19 31
2657 19 31
2658 19 31
2659 19 31
2660 19 31
2661 19 31
2662 19 31
2663 19 31
2664 19 30
2665 20 30
2666 20 30
2667 20 30
2668 20 30
2669 20 30
2670 20 30
2671 20 30
2672 20 30
2673 21 30
2674 21 30
2675 21 30
2676 21 30
2677 21 30
2678 21 30
2679 21 30
2680 22 30
2681 22 30
2682 22 30
2683 22 30
2684 22 30
2685 23 30
2686 23 30
2687 23 30
2688 23 30
2689 23 30
2690 23 30
2691 23 30
2692 23 30
2693 24 30
2694 24 30
2695 24 30
2696 24 30
2697 24 30
2698 24 30
2699 24 30
2700 24 30
2701 24 30
2702 24 30
2703 24 30
2704 24 30
2705 24 30
2706 25 30
2707 25 30
2708 25 30
2709 25 30
2710 25 30
2711 26 30
2712 26 30
2713 27 30
2714 27 30
2715 27 30
2716 27 30
2717 28 30
2718 28 30
2719 28 30
2720 28 30
2721 28 30
2722 29 30
2723 29 30
2724 29 30
2725 29 30
2726 29 30
2727 29 30
2728 29 30
2729 29 30
2730 30 30
2731 30 30
2732 31 30
2733 31 30
2734 32 30
2735 32 30
2736 33 30
2737 33 30
2738 33 30
2739 33 30
2740 34 30
2741 34 30
2742 34 30
2743 34 30
2744 34 30
2745 35 30
2746 35 30
2747 35 30
2748 35 30
2749 35 30
2750 35 30
2751 35 30
2752 35 30
2753 36 30
2754 36 29
2755 36 29
2756 37 30
2757 37 30
2758 38 30
2759 38 30
2760 38 30
2761 38 30
2762 39 30
2763 39 30
2764 40 30
2765 41 30
2766 42 30
2767 44 29
2768 44 29
2769 45 29
2770 47 29
2771 48 29
2772 48 29
2773 48 29
2774 50 29
2775 55 29
2776 56 29
2777 57 29
2778 61 29
2779 63 29
2780 65 29
2781 72 29
2782 84 29
2783 100 29
