0 0 0
1 0 0
2 0 0
3 0 0
4 0 0
5 0 0
6 0 0
7 0 0
8 0 0
9 0 0
10 0 0
11 0 0
12 0 0
13 0 0
14 0 0
15 0 0
16 0 0
17 0 0
18 0 0
19 0 0
20 0 0
21 0 0
22 0 0
23 0 0
24 0 0
25 0 0
26 0 0
27 0 0
28 0 0
29 0 0
30 0 0
31 0 0
32 0 0
33 0 0
34 0 0
35 0 0
36 0 0
37 0 0
38 0 0
39 0 0
40 0 0
41 0 0
42 0 0
43 0 0
44 0 0
45 0 0
46 0 0
47 0 0
48 0 0
49 0 0
50 0 0
51 0 0
52 0 0
53 0 0
54 0 0
55 0 0
56 0 0
57 0 0
58 0 0
59 0 0
60 0 0
61 0 0
62 0 0
63 0 0
64 0 0
65 0 0
66 0 0
67 0 0
68 0 0
69 0 0
70 0 0
71 0 0
72 0 0
73 0 0
74 0 0
75 0 0
76 0 0
77 0 0
78 0 0
79 0 0
80 0 0
81 0 0
82 0 0
83 0 0
84 0 0
85 0 0
86 0 0
87 0 0
88 0 0
89 0 0
90 0 0
91 0 11
92 0 11
93 0 11
94 0 11
95 0 11
96 0 11
97 0 11
98 0 11
99 0 11
100 0 11
101 0 11
102 0 11
103 0 11
104 0 11
105 0 10
106 0 10
107 0 10
108 0 10
109 0 10
110 0 9
111 0 9
112 0 9
113 0 16
114 0 16
115 0 16
116 0 16
117 0 23
118 0 23
119 0 23
120 0 23
121 0 23
122 0 23
123 0 23
124 0 23
125 0 23
126 0 23
127 0 23
128 0 23
129 0 23
130 0 23
131 0 23
132 0 23
133 0 23
134 0 23
135 0 23
136 0 23
137 0 23
138 0 21
139 0 21
140 0 21
141 0 21
142 0 21
143 0 21
144 0 21
145 0 21
146 0 21
147 0 21
148 0 21
149 0 21
150 0 21
151 0 21
152 0 21
153 0 21
154 0 21
155 0 21
156 0 21
157 0 21
158 0 21
159 0 21
160 0 21
161 0 21
162 0 21
163 0 21
164 0 21
165 0 21
166 0 21
167 0 21
168 0 21
169 0 21
170 0 21
171 0 21
172 0 21
173 0 21
174 0 21
175 0 26
176 0 26
177 0 26
178 0 26
179 0 26
180 0 26
181 0 26
182 0 26
183 0 26
184 0 26
185 0 26
186 0 26
187 0 26
188 0 26
189 0 26
190 0 26
191 0 26
192 0 26
193 0 26
194 0 26
195 0 26
196 0 26
197 0 26
198 0 26
199 0 26
200 0 26
201 0 26
202 0 26
203 0 26
204 0 26
205 0 26
206 0 26
207 0 26
208 0 26
209 0 26
210 0 26
211 0 26
212 0 26
213 0 26
214 0 26
215 0 26
216 0 26
217 0 26
218 0 26
219 0 26
220 0 26
221 0 26
222 0 26
223 0 26
224 0 26
225 0 26
226 0 26
227 0 26
228 0 26
229 0 26
230 0 26
231 0 25
232 0 25
233 0 25
234 0 25
235 0 25
236 0 25
237 0 23
238 0 23
239 0 23
240 0 23
241 0 23
242 0 23
243 0 23
244 0 23
245 0 23
246 0 23
247 0 23
248 0 23
249 0 23
250 0 23
251 0 23
252 0 23
253 0 23
254 0 23
255 0 23
256 0 23
257 0 23
258 0 23
259 0 23
260 0 23
261 0 27
262 0 27
263 0 27
264 0 27
265 0 27
266 0 27
267 0 27
268 0 27
269 0 27
270 0 27
271 0 27
272 0 27
273 0 27
274 0 27
275 0 27
276 0 27
277 0 27
278 0 27
279 0 27
280 0 27
281 0 27
282 0 27
283 0 27
284 0 27
285 0 27
286 0 27
287 0 27
288 0 27
289 0 27
290 0 27
291 0 27
292 0 27
293 0 27
294 0 27
295 0 27
296 0 27
297 0 27
298 0 27
299 0 27
300 0 27
301 0 27
302 0 27
303 0 27
304 0 27
305 0 27
306 0 27
307 0 27
308 0 27
309 0 27
310 0 27
311 0 27
312 0 27
313 0 27
314 0 27
315 0 27
316 0 27
317 0 27
318 0 27
319 0 26
320 0 26
321 0 26
322 0 26
323 0 25
324 0 25
325 0 25
326 0 25
327 0 25
328 0 25
329 0 25
330 0 25
331 0 25
332 0 25
333 0 25
334 0 25
335 0 25
336 0 25
337 0 25
338 0 25
339 0 25
340 1 23
341 1 23
342 1 22
343 1 22
344 1 21
345 1 21
346 1 21
347 1 21
348 1 21
349 1 25
350 1 25
351 1 25
352 1 25
353 1 25
354 1 24
355 1 24
356 1 24
357 1 23
358 1 23
359 1 23
360 1 23
361 1 23
362 1 23
363 1 23
364 1 23
365 1 23
366 1 23
367 1 23
368 1 23
369 1 23
370 1 23
371 1 23
372 1 22
373 1 22
374 1 22
375 1 22
376 1 22
377 1 22
378 1 22
379 1 22
380 1 25
381 1 25
382 1 25
383 1 25
384 1 25
385 1 24
386 1 24
387 1 24
388 1 26
389 1 26
390 1 25
391 1 25
392 1 25
393 1 25
394 1 25
395 1 25
396 1 25
397 1 25
398 1 25
399 1 25
400 1 25
401 1 25
402 1 25
403 1 24
404 1 23
405 1 22
406 1 22
407 1 22
408 1 22
409 1 22
410 1 22
411 1 22
412 1 22
413 1 22
414 1 22
415 1 22
416 1 22
417 1 22
418 1 22
419 1 22
420 1 22
421 1 22
422 1 21
423 1 21
424 1 21
425 1 21
426 1 21
427 1 21
428 1 21
429 1 21
430 1 21
431 1 21
432 1 21
433 1 21
434 1 21
435 1 21
436 1 21
437 1 21
438 1 21
439 1 23
440 1 23
441 1 23
442 1 23
443 1 23
444 1 23
445 1 23
446 1 23
447 1 23
448 1 23
449 1 23
450 1 23
451 1 23
452 1 23
453 1 22
454 1 22
455 2 22
456 2 22
457 2 24
458 2 24
459 2 24
460 2 24
461 2 23
462 2 23
463 2 23
464 2 23
465 2 23
466 2 23
467 2 23
468 2 23
469 2 22
470 2 22
471 2 22
472 2 22
473 2 22
474 2 23
475 2 23
476 2 23
477 2 22
478 2 22
479 2 24
480 2 24
481 2 26
482 2 26
483 2 26
484 2 26
485 2 26
486 2 26
487 2 26
488 2 25
489 2 25
490 2 25
491 2 25
492 2 25
493 2 25
494 2 25
495 2 25
496 2 25
497 2 25
498 2 25
499 2 25
500 2 25
501 2 25
502 2 25
503 2 25
504 2 26
505 2 26
506 2 26
507 2 26
508 2 26
509 2 26
510 2 26
511 2 26
512 2 26
513 2 26
514 2 26
515 2 26
516 2 26
517 2 26
518 2 26
519 2 26
520 2 25
521 2 25
522 2 25
523 2 25
524 2 25
525 2 25
526 2 25
527 2 25
528 2 25
529 2 26
530 2 26
531 3 26
532 3 26
533 3 27
534 3 28
535 3 28
536 3 28
537 3 28
538 3 28
539 3 28
540 3 28
541 3 28
542 3 28
543 3 28
544 3 29
545 3 29
546 3 29
547 3 29
548 3 29
549 3 30
550 3 30
551 3 30
552 3 30
553 3 30
554 3 30
555 3 30
556 3 29
557 3 29
558 3 29
559 3 30
560 4 30
561 4 30
562 4 31
563 4 31
564 4 31
565 4 31
566 4 31
567 4 31
568 4 31
569 4 31
570 4 30
571 4 30
572 4 30
573 4 30
574 4 30
575 4 30
576 4 31
577 4 31
578 4 31
579 4 31
580 4 31
581 4 32
582 5 32
583 5 33
584 5 33
585 5 33
586 5 33
587 5 34
588 5 34
589 5 35
590 5 35
591 5 35
592 5 34
593 5 34
594 5 34
595 5 35
596 5 36
597 5 36
598 5 37
599 5 37
600 5 36
601 5 36
602 5 37
603 5 37
604 6 37
605 6 37
606 6 37
607 6 37
608 6 37
609 6 37
610 6 37
611 6 37
612 6 38
613 6 38
614 6 38
615 6 38
616 6 38
617 6 38
618 6 38
619 7 38
620 7 38
621 7 38
622 7 39
623 7 39
624 7 39
625 7 39
626 7 39
627 7 39
628 7 39
629 7 39
630 7 39
631 7 39
632 8 40
633 8 40
634 8 40
635 8 40
636 8 41
637 8 41
638 8 41
639 8 42
640 8 42
641 8 42
642 8 42
643 8 42
644 8 42
645 8 42
646 8 43
647 8 44
648 9 44
649 9 44
650 9 44
651 9 44
652 9 44
653 9 44
654 10 45
655 10 45
656 10 46
657 10 45
658 11 45
659 11 45
660 11 45
661 11 46
662 11 46
663 11 46
664 11 46
665 11 47
666 11 47
667 12 47
668 12 47
669 12 47
670 13 47
671 13 47
672 13 47
673 13 47
674 13 47
675 13 47
676 13 47
677 13 47
678 14 47
679 14 47
680 14 47
681 14 47
682 14 47
683 14 47
684 16 47
685 17 47
686 17 48
687 17 48
688 18 49
689 18 49
690 19 49
691 19 49
692 20 50
693 22 50
694 24 50
695 30 50
696 31 51
697 32 51
698 33 51
699 34 51
700 35 52
701 43 52
702 49 52
703 100 52
