0 0 0
1 0 0
2 0 0
3 0 0
4 0 0
5 0 0
6 0 0
7 0 0
8 0 0
9 0 0
10 0 0
11 0 0
12 0 0
13 0 0
14 0 0
15 0 0
16 0 0
17 0 0
18 0 0
19 0 0
20 0 0
21 0 0
22 0 0
23 0 0
24 0 0
25 0 0
26 0 0
27 0 0
28 0 0
29 0 0
30 0 0
31 0 0
32 0 0
33 0 0
34 0 0
35 0 0
36 0 0
37 0 0
38 0 0
39 0 0
40 0 0
41 0 0
42 0 0
43 0 0
44 0 0
45 0 0
46 0 0
47 0 0
48 0 0
49 0 0
50 0 0
51 0 0
52 0 0
53 0 0
54 0 0
55 0 0
56 0 0
57 0 0
58 0 0
59 0 0
60 0 0
61 0 0
62 0 0
63 0 0
64 0 0
65 0 0
66 0 0
67 0 0
68 0 0
69 0 0
70 0 0
71 0 0
72 0 0
73 0 0
74 0 0
75 0 0
76 0 0
77 0 0
78 0 0
79 0 0
80 0 0
81 0 0
82 0 0
83 0 0
84 0 0
85 0 0
86 0 0
87 0 0
88 0 0
89 0 0
90 0 0
91 0 0
92 0 0
93 0 0
94 0 0
95 0 0
96 0 0
97 0 0
98 0 0
99 0 0
100 0 0
101 0 0
102 0 0
103 0 0
104 0 0
105 0 0
106 0 0
107 0 0
108 0 0
109 0 0
110 0 0
111 0 0
112 0 0
113 0 0
114 0 0
115 0 0
116 0 0
117 0 0
118 0 0
119 0 0
120 0 0
121 0 0
122 0 0
123 0 0
124 0 0
125 0 0
126 0 0
127 0 0
128 0 0
129 0 0
130 0 0
131 0 0
132 0 0
133 0 0
134 0 0
135 0 0
136 0 0
137 0 0
138 0 0
139 0 0
140 0 0
141 0 0
142 0 0
143 0 0
144 0 0
145 0 0
146 0 0
147 0 0
148 0 0
149 0 0
150 0 0
151 0 0
152 0 0
153 0 0
154 0 0
155 0 0
156 0 0
157 0 0
158 0 0
159 0 0
160 0 0
161 0 0
162 0 0
163 0 0
164 0 0
165 0 0
166 0 0
167 0 0
168 0 0
169 0 0
170 0 0
171 0 0
172 0 0
173 0 0
174 0 0
175 0 0
176 0 0
177 0 0
178 0 0
179 0 0
180 0 0
181 0 0
182 0 0
183 0 0
184 0 0
185 0 0
186 0 0
187 0 0
188 0 0
189 0 0
190 0 0
191 0 0
192 0 0
193 0 0
194 0 0
195 0 0
196 0 0
197 0 0
198 0 0
199 0 0
200 0 0
201 0 0
202 0 0
203 0 0
204 0 0
205 0 0
206 0 0
207 0 0
208 0 0
209 0 0
210 0 0
211 0 0
212 0 0
213 0 0
214 0 0
215 0 0
216 0 0
217 0 0
218 0 0
219 0 0
220 0 0
221 0 0
222 0 0
223 0 0
224 0 0
225 0 0
226 0 0
227 0 0
228 0 0
229 0 0
230 0 0
231 0 0
232 0 0
233 0 0
234 0 0
235 0 0
236 0 0
237 0 5
238 0 5
239 0 5
240 0 5
241 0 5
242 0 5
243 0 5
244 0 5
245 0 5
246 0 5
247 0 5
248 0 5
249 0 5
250 0 5
251 0 5
252 0 5
253 0 5
254 0 5
255 0 5
256 0 5
257 0 5
258 0 5
259 0 5
260 0 5
261 0 11
262 0 11
263 0 11
264 0 11
265 0 11
266 0 11
267 0 11
268 0 11
269 0 11
270 0 11
271 0 11
272 0 11
273 0 11
274 0 11
275 0 11
276 0 11
277 0 11
278 0 11
279 0 11
280 0 11
281 0 11
282 0 11
283 0 11
284 0 11
285 0 11
286 0 11
287 0 11
288 0 11
289 0 11
290 0 11
291 0 11
292 0 11
293 0 11
294 0 11
295 0 11
296 0 11
297 0 11
298 0 11
299 0 11
300 0 11
301 0 11
302 0 11
303 0 11
304 0 11
305 0 11
306 0 11
307 0 11
308 0 11
309 0 11
310 0 11
311 0 11
312 0 11
313 0 11
314 0 11
315 0 11
316 0 11
317 0 11
318 0 11
319 0 15
320 0 15
321 0 15
322 0 15
323 0 15
324 0 15
325 0 15
326 0 15
327 0 15
328 0 15
329 0 15
330 0 15
331 0 15
332 0 15
333 0 15
334 0 15
335 0 15
336 0 15
337 0 15
338 0 15
339 0 15
340 1 14
341 1 14
342 1 13
343 1 13
344 1 13
345 1 13
346 1 13
347 1 13
348 1 13
349 1 12
350 1 12
351 1 12
352 1 12
353 1 12
354 1 12
355 1 12
356 1 12
357 1 11
358 1 11
359 1 11
360 1 11
361 1 11
362 1 11
363 1 11
364 1 11
365 1 11
366 1 11
367 1 11
368 1 11
369 1 11
370 1 11
371 1 11
372 1 11
373 1 11
374 1 11
375 1 11
376 1 11
377 1 11
378 1 11
379 1 11
380 1 14
381 1 14
382 1 14
383 1 14
384 1 14
385 1 17
386 1 17
387 1 17
388 1 16
389 1 16
390 1 16
391 1 15
392 1 15
393 1 15
394 1 15
395 1 15
396 1 15
397 1 15
398 1 15
399 1 15
400 1 15
401 1 15
402 1 15
403 1 15
404 1 14
405 1 17
406 1 17
407 1 17
408 1 17
409 1 17
410 1 17
411 1 17
412 1 17
413 1 17
414 1 17
415 1 17
416 1 17
417 1 17
418 1 17
419 1 19
420 1 19
421 1 19
422 1 18
423 1 18
424 1 18
425 1 18
426 1 18
427 1 18
428 1 18
429 1 18
430 1 18
431 1 18
432 1 18
433 1 18
434 1 18
435 1 18
436 1 18
437 1 18
438 1 18
439 1 21
440 1 21
441 1 21
442 1 21
443 1 21
444 1 21
445 1 21
446 1 21
447 1 21
448 1 23
449 1 23
450 1 23
451 1 23
452 1 23
453 1 22
454 1 22
455 2 22
456 2 22
457 2 21
458 2 21
459 2 21
460 2 21
461 2 21
462 2 21
463 2 21
464 2 21
465 2 21
466 2 23
467 2 23
468 2 23
469 2 22
470 2 22
471 2 22
472 2 24
473 2 24
474 2 23
475 2 23
476 2 23
477 2 22
478 2 22
479 2 22
480 2 22
481 2 24
482 2 24
483 2 24
484 2 24
485 2 24
486 2 24
487 2 24
488 2 25
489 2 25
490 2 25
491 2 25
492 2 25
493 2 25
494 2 25
495 2 25
496 2 25
497 2 25
498 2 25
499 2 25
500 2 25
501 2 25
502 2 25
503 2 25
504 2 24
505 2 24
506 2 24
507 2 24
508 2 24
509 2 24
510 2 24
511 2 24
512 2 24
513 2 24
514 2 24
515 2 24
516 2 24
517 2 24
518 2 24
519 2 24
520 2 25
521 2 25
522 2 25
523 2 25
524 2 27
525 2 28
526 2 28
527 2 28
528 2 28
529 2 29
530 2 29
531 3 29
532 3 29
533 3 31
534 3 32
535 3 33
536 3 33
537 3 33
538 3 33
539 3 33
540 3 33
541 3 33
542 3 33
543 3 33
544 3 32
545 3 32
546 3 32
547 3 32
548 3 32
549 3 33
550 3 33
551 3 33
552 3 33
553 3 33
554 3 34
555 3 34
556 3 35
557 3 35
558 3 35
559 3 35
560 4 35
561 4 35
562 4 36
563 4 36
564 4 36
565 4 36
566 4 36
567 4 36
568 4 35
569 4 35
570 4 35
571 4 35
572 4 35
573 4 35
574 4 35
575 4 35
576 4 36
577 4 36
578 4 36
579 4 36
580 4 36
581 4 37
582 5 37
583 5 38
584 5 38
585 5 38
586 5 38
587 5 38
588 5 38
589 5 38
590 5 39
591 5 39
592 5 40
593 5 40
594 5 40
595 5 40
596 5 41
597 5 41
598 5 42
599 5 42
600 5 43
601 5 43
602 5 43
603 5 43
604 6 43
605 6 43
606 6 44
607 6 45
608 6 45
609 6 45
610 6 45
611 6 45
612 6 45
613 6 45
614 6 45
615 6 46
616 6 46
617 6 46
618 6 47
619 7 47
620 7 47
621 7 47
622 7 47
623 7 47
624 7 47
625 7 47
626 7 47
627 7 47
628 7 47
629 7 47
630 7 47
631 7 47
632 8 48
633 8 48
634 8 48
635 8 48
636 8 48
637 8 48
638 8 48
639 8 48
640 8 48
641 8 48
642 8 49
643 8 49
644 8 49
645 8 49
646 8 50
647 8 50
648 9 51
649 9 51
650 9 51
651 9 51
652 9 51
653 9 51
654 10 51
655 10 52
656 10 52
657 10 53
658 11 53
659 11 53
660 11 53
661 11 53
662 11 54
663 11 54
664 11 54
665 11 54
666 11 54
667 12 54
668 12 54
669 12 54
670 13 54
671 13 54
672 13 54
673 13 54
674 13 55
675 13 55
676 13 55
677 13 55
678 14 55
679 14 56
680 14 56
681 14 56
682 14 56
683 14 56
684 16 56
685 17 56
686 17 56
687 17 56
688 18 57
689 18 57
690 19 57
691 19 57
692 20 58
693 22 58
694 24 58
695 30 58
696 31 59
697 32 59
698 33 59
699 34 59
700 35 59
701 43 59
702 49 60
703 100 60
