0 0 0
1 0 0
2 0 0
3 0 0
4 0 0
5 0 0
6 0 0
7 0 0
8 0 0
9 0 0
10 0 0
11 0 0
12 0 0
13 0 0
14 0 0
15 0 0
16 0 0
17 0 0
18 0 0
19 0 0
20 0 0
21 0 0
22 0 0
23 0 0
24 0 0
25 0 0
26 0 0
27 0 0
28 0 0
29 0 0
30 0 0
31 0 0
32 0 0
33 0 0
34 0 0
35 0 0
36 0 0
37 0 0
38 0 0
39 0 0
40 0 0
41 0 0
42 0 0
43 0 0
44 0 0
45 0 0
46 0 0
47 0 0
48 0 0
49 0 0
50 0 0
51 0 0
52 0 0
53 0 0
54 0 0
55 0 0
56 0 0
57 0 0
58 0 0
59 0 0
60 0 0
61 0 0
62 0 0
63 0 0
64 0 0
65 0 0
66 0 0
67 0 0
68 0 0
69 0 0
70 0 0
71 0 0
72 0 0
73 0 0
74 0 0
75 0 0
76 0 0
77 0 0
78 0 0
79 0 0
80 0 0
81 0 0
82 0 0
83 0 0
84 0 0
85 0 0
86 0 0
87 0 0
88 0 0
89 0 0
90 0 0
91 0 0
92 0 0
93 0 0
94 0 0
95 0 0
96 0 0
97 0 0
98 0 0
99 0 0
100 0 0
101 0 0
102 0 0
103 0 0
104 0 0
105 0 0
106 0 0
107 0 0
108 0 0
109 0 0
110 0 0
111 0 0
112 0 0
113 0 8
114 0 8
115 0 8
116 0 8
117 0 15
118 0 15
119 0 15
120 0 15
121 0 15
122 0 15
123 0 15
124 0 15
125 0 15
126 0 15
127 0 15
128 0 15
129 0 15
130 0 15
131 0 15
132 0 15
133 0 15
134 0 15
135 0 15
136 0 15
137 0 15
138 0 14
139 0 14
140 0 14
141 0 14
142 0 14
143 0 14
144 0 14
145 0 14
146 0 14
147 0 14
148 0 14
149 0 14
150 0 14
151 0 14
152 0 14
153 0 14
154 0 14
155 0 14
156 0 14
157 0 14
158 0 14
159 0 14
160 0 14
161 0 14
162 0 14
163 0 14
164 0 14
165 0 14
166 0 14
167 0 14
168 0 14
169 0 14
170 0 14
171 0 14
172 0 14
173 0 14
174 0 14
175 0 20
176 0 20
177 0 20
178 0 20
179 0 20
180 0 20
181 0 20
182 0 20
183 0 20
184 0 20
185 0 20
186 0 20
187 0 20
188 0 20
189 0 20
190 0 20
191 0 20
192 0 20
193 0 20
194 0 20
195 0 20
196 0 20
197 0 20
198 0 20
199 0 20
200 0 20
201 0 20
202 0 20
203 0 20
204 0 20
205 0 20
206 0 20
207 0 20
208 0 20
209 0 20
210 0 20
211 0 20
212 0 20
213 0 20
214 0 20
215 0 20
216 0 20
217 0 20
218 0 20
219 0 20
220 0 20
221 0 20
222 0 20
223 0 20
224 0 20
225 0 20
226 0 20
227 0 20
228 0 20
229 0 20
230 0 20
231 0 18
232 0 18
233 0 18
234 0 18
235 0 18
236 0 18
237 0 17
238 0 17
239 0 17
240 0 17
241 0 17
242 0 17
243 0 17
244 0 17
245 0 17
246 0 17
247 0 17
248 0 17
249 0 17
250 0 17
251 0 17
252 0 17
253 0 17
254 0 17
255 0 17
256 0 17
257 0 17
258 0 17
259 0 17
260 0 17
261 0 16
262 0 16
263 0 16
264 0 16
265 0 16
266 0 16
267 0 16
268 0 16
269 0 16
270 0 16
271 0 16
272 0 16
273 0 16
274 0 16
275 0 16
276 0 16
277 0 16
278 0 16
279 0 16
280 0 16
281 0 16
282 0 16
283 0 16
284 0 16
285 0 16
286 0 16
287 0 16
288 0 16
289 0 16
290 0 16
291 0 16
292 0 16
293 0 16
294 0 16
295 0 16
296 0 16
297 0 16
298 0 16
299 0 16
300 0 16
301 0 16
302 0 16
303 0 16
304 0 16
305 0 16
306 0 16
307 0 16
308 0 16
309 0 16
310 0 16
311 0 16
312 0 16
313 0 16
314 0 16
315 0 16
316 0 16
317 0 16
318 0 16
319 0 15
320 0 15
321 0 15
322 0 15
323 0 15
324 0 15
325 0 15
326 0 15
327 0 15
328 0 15
329 0 15
330 0 15
331 0 15
332 0 15
333 0 15
334 0 15
335 0 15
336 0 15
337 0 15
338 0 15
339 0 15
340 1 14
341 1 14
342 1 13
343 1 13
344 1 13
345 1 13
346 1 13
347 1 13
348 1 13
349 1 12
350 1 12
351 1 12
352 1 12
353 1 12
354 1 12
355 1 12
356 1 12
357 1 11
358 1 11
359 1 11
360 1 11
361 1 11
362 1 11
363 1 11
364 1 11
365 1 11
366 1 11
367 1 11
368 1 11
369 1 11
370 1 11
371 1 11
372 1 11
373 1 11
374 1 11
375 1 11
376 1 11
377 1 11
378 1 11
379 1 11
380 1 10
381 1 10
382 1 10
383 1 10
384 1 10
385 1 10
386 1 10
387 1 10
388 1 13
389 1 13
390 1 12
391 1 12
392 1 12
393 1 12
394 1 12
395 1 12
396 1 12
397 1 12
398 1 12
399 1 12
400 1 12
401 1 12
402 1 12
403 1 12
404 1 11
405 1 11
406 1 11
407 1 11
408 1 11
409 1 11
410 1 11
411 1 11
412 1 11
413 1 11
414 1 11
415 1 11
416 1 11
417 1 11
418 1 11
419 1 11
420 1 11
421 1 11
422 1 10
423 1 10
424 1 10
425 1 10
426 1 10
427 1 10
428 1 10
429 1 10
430 1 10
431 1 10
432 1 10
433 1 10
434 1 10
435 1 10
436 1 10
437 1 10
438 1 10
439 1 13
440 1 13
441 1 13
442 1 13
443 1 13
444 1 13
445 1 13
446 1 13
447 1 13
448 1 12
449 1 12
450 1 12
451 1 12
452 1 12
453 1 15
454 1 15
455 2 15
456 2 15
457 2 17
458 2 17
459 2 17
460 2 17
461 2 19
462 2 19
463 2 19
464 2 19
465 2 19
466 2 20
467 2 20
468 2 20
469 2 20
470 2 20
471 2 20
472 2 22
473 2 22
474 2 23
475 2 23
476 2 23
477 2 22
478 2 22
479 2 24
480 2 24
481 2 26
482 2 26
483 2 26
484 2 26
485 2 26
486 2 26
487 2 26
488 2 27
489 2 26
490 2 26
491 2 26
492 2 26
493 2 26
494 2 26
495 2 26
496 2 26
497 2 26
498 2 26
499 2 26
500 2 26
501 2 26
502 2 26
503 2 26
504 2 26
505 2 26
506 2 26
507 2 26
508 2 26
509 2 26
510 2 26
511 2 26
512 2 26
513 2 26
514 2 26
515 2 26
516 2 26
517 2 26
518 2 26
519 2 26
520 2 27
521 2 27
522 2 27
523 2 27
524 2 27
525 2 28
526 2 28
527 2 28
528 2 28
529 2 29
530 2 29
531 3 29
532 3 29
533 3 31
534 3 32
535 3 33
536 3 33
537 3 33
538 3 33
539 3 33
540 3 33
541 3 33
542 3 33
543 3 33
544 3 34
545 3 34
546 3 34
547 3 34
548 3 34
549 3 35
550 3 35
551 3 35
552 3 35
553 3 35
554 3 36
555 3 36
556 3 37
557 3 37
558 3 37
559 3 38
560 4 38
561 4 38
562 4 39
563 4 39
564 4 39
565 4 39
566 4 39
567 4 39
568 4 40
569 4 40
570 4 41
571 4 41
572 4 41
573 4 41
574 4 41
575 4 41
576 4 42
577 4 42
578 4 42
579 4 42
580 4 42
581 4 42
582 5 42
583 5 42
584 5 42
585 5 42
586 5 42
587 5 43
588 5 43
589 5 43
590 5 44
591 5 44
592 5 45
593 5 45
594 5 45
595 5 46
596 5 46
597 5 46
598 5 47
599 5 47
600 5 48
601 5 48
602 5 48
603 5 48
604 6 48
605 6 48
606 6 49
607 6 48
608 6 48
609 6 48
610 6 48
611 6 48
612 6 49
613 6 49
614 6 49
615 6 50
616 6 50
617 6 50
618 6 50
619 7 50
620 7 50
621 7 50
622 7 51
623 7 51
624 7 51
625 7 51
626 7 51
627 7 51
628 7 51
629 7 51
630 7 51
631 7 51
632 8 51
633 8 51
634 8 51
635 8 52
636 8 52
637 8 52
638 8 52
639 8 53
640 8 53
641 8 53
642 8 53
643 8 53
644 8 53
645 8 53
646 8 54
647 8 54
648 9 55
649 9 55
650 9 55
651 9 55
652 9 55
653 9 55
654 10 55
655 10 56
656 10 56
657 10 57
658 11 57
659 11 57
660 11 57
661 11 57
662 11 57
663 11 57
664 11 58
665 11 58
666 11 58
667 12 58
668 12 58
669 12 58
670 13 58
671 13 58
672 13 58
673 13 58
674 13 59
675 13 59
676 13 59
677 13 59
678 14 59
679 14 60
680 14 60
681 14 60
682 14 60
683 14 60
684 16 60
685 17 60
686 17 61
687 17 61
688 18 61
689 18 62
690 19 62
691 19 62
692 20 62
693 22 62
694 24 62
695 30 63
696 31 63
697 32 63
698 33 63
699 34 63
700 35 64
701 43 64
702 49 64
703 100 64
