0 0 0
1 0 0
2 0 0
3 0 0
4 0 0
5 0 0
6 0 0
7 0 0
8 0 0
9 0 0
10 0 0
11 0 0
12 0 0
13 0 0
14 0 0
15 0 0
16 0 0
17 0 0
18 0 0
19 0 0
20 0 0
21 0 0
22 0 0
23 0 0
24 0 0
25 0 0
26 0 0
27 0 0
28 0 0
29 0 0
30 0 0
31 0 0
32 0 0
33 0 0
34 0 0
35 0 0
36 0 0
37 0 0
38 0 0
39 0 0
40 0 0
41 0 0
42 0 0
43 0 0
44 0 0
45 0 0
46 0 0
47 0 0
48 0 0
49 0 0
50 0 0
51 0 0
52 0 0
53 0 0
54 0 0
55 0 0
56 0 0
57 0 0
58 0 0
59 0 0
60 0 0
61 0 0
62 0 0
63 0 0
64 0 0
65 0 0
66 0 0
67 0 0
68 0 0
69 0 0
70 0 0
71 0 0
72 0 0
73 0 0
74 0 0
75 0 0
76 0 0
77 0 0
78 0 0
79 0 0
80 0 0
81 0 0
82 0 0
83 0 0
84 0 0
85 0 0
86 0 0
87 0 0
88 0 0
89 0 0
90 0 0
91 0 0
92 0 0
93 0 0
94 0 0
95 0 0
96 0 0
97 0 0
98 0 0
99 0 0
100 0 0
101 0 0
102 0 0
103 0 0
104 0 0
105 0 0
106 0 0
107 0 0
108 0 0
109 0 0
110 0 0
111 0 0
112 0 0
113 0 8
114 0 8
115 0 8
116 0 8
117 0 7
118 0 7
119 0 7
120 0 7
121 0 7
122 0 7
123 0 7
124 0 7
125 0 7
126 0 7
127 0 7
128 0 7
129 0 7
130 0 7
131 0 7
132 0 7
133 0 7
134 0 7
135 0 7
136 0 7
137 0 7
138 0 7
139 0 7
140 0 7
141 0 7
142 0 7
143 0 7
144 0 7
145 0 7
146 0 7
147 0 7
148 0 7
149 0 7
150 0 7
151 0 7
152 0 7
153 0 7
154 0 7
155 0 7
156 0 7
157 0 7
158 0 7
159 0 7
160 0 7
161 0 7
162 0 7
163 0 7
164 0 7
165 0 7
166 0 7
167 0 7
168 0 7
169 0 7
170 0 7
171 0 7
172 0 7
173 0 7
174 0 7
175 0 6
176 0 6
177 0 6
178 0 6
179 0 6
180 0 6
181 0 6
182 0 6
183 0 6
184 0 6
185 0 6
186 0 6
187 0 6
188 0 6
189 0 6
190 0 6
191 0 6
192 0 6
193 0 6
194 0 6
195 0 6
196 0 6
197 0 6
198 0 6
199 0 6
200 0 6
201 0 6
202 0 6
203 0 6
204 0 6
205 0 6
206 0 6
207 0 6
208 0 6
209 0 6
210 0 6
211 0 6
212 0 6
213 0 6
214 0 6
215 0 6
216 0 6
217 0 6
218 0 6
219 0 6
220 0 6
221 0 6
222 0 6
223 0 6
224 0 6
225 0 6
226 0 6
227 0 6
228 0 6
229 0 6
230 0 6
231 0 6
232 0 6
233 0 6
234 0 6
235 0 6
236 0 6
237 0 5
238 0 5
239 0 5
240 0 5
241 0 5
242 0 5
243 0 5
244 0 5
245 0 5
246 0 5
247 0 5
248 0 5
249 0 5
250 0 5
251 0 5
252 0 5
253 0 5
254 0 5
255 0 5
256 0 5
257 0 5
258 0 5
259 0 5
260 0 5
261 0 5
262 0 5
263 0 5
264 0 5
265 0 5
266 0 5
267 0 5
268 0 5
269 0 5
270 0 5
271 0 5
272 0 5
273 0 5
274 0 5
275 0 5
276 0 5
277 0 5
278 0 5
279 0 5
280 0 5
281 0 5
282 0 5
283 0 5
284 0 5
285 0 5
286 0 5
287 0 5
288 0 5
289 0 5
290 0 5
291 0 5
292 0 5
293 0 5
294 0 5
295 0 5
296 0 5
297 0 5
298 0 5
299 0 5
300 0 5
301 0 5
302 0 5
303 0 5
304 0 5
305 0 5
306 0 5
307 0 5
308 0 5
309 0 5
310 0 5
311 0 5
312 0 5
313 0 5
314 0 5
315 0 5
316 0 5
317 0 5
318 0 5
319 0 5
320 0 5
321 0 5
322 0 5
323 0 5
324 0 5
325 0 5
326 0 5
327 0 5
328 0 5
329 0 5
330 0 5
331 0 5
332 0 5
333 0 5
334 0 5
335 0 5
336 0 5
337 0 5
338 0 5
339 0 5
340 1 4
341 1 4
342 1 4
343 1 4
344 1 4
345 1 4
346 1 4
347 1 4
348 1 4
349 1 8
350 1 8
351 1 8
352 1 8
353 1 8
354 1 8
355 1 8
356 1 8
357 1 11
358 1 11
359 1 11
360 1 11
361 1 11
362 1 11
363 1 11
364 1 11
365 1 11
366 1 11
367 1 11
368 1 11
369 1 11
370 1 11
371 1 11
372 1 11
373 1 11
374 1 11
375 1 11
376 1 11
377 1 11
378 1 11
379 1 11
380 1 10
381 1 10
382 1 10
383 1 10
384 1 10
385 1 10
386 1 10
387 1 10
388 1 10
389 1 10
390 1 9
391 1 9
392 1 9
393 1 9
394 1 9
395 1 9
396 1 9
397 1 9
398 1 9
399 1 9
400 1 9
401 1 9
402 1 9
403 1 9
404 1 11
405 1 11
406 1 11
407 1 11
408 1 11
409 1 11
410 1 11
411 1 11
412 1 11
413 1 11
414 1 11
415 1 11
416 1 11
417 1 11
418 1 11
419 1 11
420 1 11
421 1 11
422 1 10
423 1 10
424 1 10
425 1 10
426 1 10
427 1 10
428 1 10
429 1 10
430 1 10
431 1 10
432 1 10
433 1 10
434 1 10
435 1 10
436 1 10
437 1 10
438 1 10
439 1 13
440 1 13
441 1 13
442 1 13
443 1 13
444 1 13
445 1 13
446 1 13
447 1 13
448 1 12
449 1 12
450 1 12
451 1 12
452 1 12
453 1 15
454 1 15
455 2 15
456 2 15
457 2 17
458 2 17
459 2 17
460 2 17
461 2 16
462 2 16
463 2 16
464 2 16
465 2 16
466 2 16
467 2 16
468 2 16
469 2 15
470 2 15
471 2 15
472 2 15
473 2 15
474 2 17
475 2 17
476 2 17
477 2 18
478 2 18
479 2 20
480 2 20
481 2 22
482 2 22
483 2 22
484 2 22
485 2 22
486 2 22
487 2 22
488 2 21
489 2 21
490 2 21
491 2 21
492 2 21
493 2 21
494 2 21
495 2 21
496 2 21
497 2 21
498 2 21
499 2 21
500 2 21
501 2 21
502 2 21
503 2 21
504 2 22
505 2 22
506 2 22
507 2 22
508 2 22
509 2 22
510 2 22
511 2 22
512 2 22
513 2 22
514 2 22
515 2 22
516 2 22
517 2 22
518 2 22
519 2 22
520 2 22
521 2 22
522 2 22
523 2 22
524 2 23
525 2 23
526 2 23
527 2 23
528 2 23
529 2 24
530 2 24
531 3 24
532 3 24
533 3 25
534 3 27
535 3 26
536 3 26
537 3 26
538 3 26
539 3 26
540 3 26
541 3 26
542 3 26
543 3 26
544 3 27
545 3 27
546 3 27
547 3 27
548 3 27
549 3 27
550 3 27
551 3 27
552 3 27
553 3 27
554 3 26
555 3 26
556 3 26
557 3 26
558 3 26
559 3 27
560 4 27
561 4 27
562 4 28
563 4 28
564 4 28
565 4 28
566 4 28
567 4 28
568 4 29
569 4 29
570 4 29
571 4 29
572 4 29
573 4 29
574 4 29
575 4 29
576 4 30
577 4 30
578 4 30
579 4 30
580 4 30
581 4 30
582 5 30
583 5 30
584 5 30
585 5 30
586 5 30
587 5 31
588 5 31
589 5 32
590 5 33
591 5 33
592 5 33
593 5 33
594 5 33
595 5 34
596 5 35
597 5 35
598 5 34
599 5 34
600 5 35
601 5 35
602 5 36
603 5 36
604 6 36
605 6 36
606 6 35
607 6 35
608 6 35
609 6 35
610 6 35
611 6 35
612 6 36
613 6 36
614 6 36
615 6 35
616 6 35
617 6 35
618 6 36
619 7 36
620 7 36
621 7 36
622 7 37
623 7 37
624 7 37
625 7 37
626 7 37
627 7 37
628 7 37
629 7 37
630 7 37
631 7 37
632 8 37
633 8 37
634 8 37
635 8 38
636 8 39
637 8 39
638 8 39
639 8 40
640 8 40
641 8 40
642 8 40
643 8 40
644 8 40
645 8 40
646 8 41
647 8 41
648 9 42
649 9 42
650 9 42
651 9 42
652 9 42
653 9 42
654 10 43
655 10 43
656 10 44
657 10 43
658 11 43
659 11 43
660 11 43
661 11 44
662 11 45
663 11 45
664 11 45
665 11 46
666 11 46
667 12 46
668 12 46
669 12 46
670 13 46
671 13 46
672 13 46
673 13 46
674 13 46
675 13 46
676 13 47
677 13 47
678 14 47
679 14 47
680 14 47
681 14 47
682 14 47
683 14 47
684 16 47
685 17 47
686 17 48
687 17 48
688 18 49
689 18 49
690 19 49
691 19 49
692 20 50
693 22 50
694 24 50
695 30 50
696 31 51
697 32 51
698 33 51
699 34 51
700 35 52
701 43 52
702 49 52
703 100 52
