0 0 0
1 0 0
2 0 0
3 0 0
4 0 0
5 0 0
6 0 0
7 0 0
8 0 0
9 0 0
10 0 0
11 0 0
12 0 0
13 0 0
14 0 0
15 0 0
16 0 0
17 0 0
18 0 0
19 0 0
20 0 0
21 0 0
22 0 0
23 0 0
24 0 0
25 0 0
26 0 0
27 0 0
28 0 0
29 0 0
30 0 0
31 0 0
32 0 0
33 0 0
34 0 0
35 0 0
36 0 0
37 0 0
38 0 0
39 0 0
40 0 0
41 0 0
42 0 0
43 0 0
44 0 0
45 0 0
46 0 0
47 0 0
48 0 0
49 0 0
50 0 0
51 0 0
52 0 0
53 0 0
54 0 0
55 0 0
56 0 0
57 0 0
58 0 0
59 0 0
60 0 0
61 0 0
62 0 0
63 0 0
64 0 0
65 0 0
66 0 0
67 0 0
68 0 20
69 0 20
70 0 33
71 0 33
72 0 33
73 0 33
74 0 33
75 0 33
76 0 33
77 0 28
78 0 28
79 0 25
80 0 25
81 0 25
82 0 25
83 0 25
84 0 25
85 0 25
86 0 25
87 0 25
88 0 25
89 0 25
90 0 25
91 0 33
92 0 33
93 0 33
94 0 33
95 0 33
96 0 33
97 0 33
98 0 33
99 0 33
100 0 33
101 0 33
102 0 33
103 0 33
104 0 33
105 0 40
106 0 40
107 0 40
108 0 40
109 0 40
110 0 36
111 0 36
112 0 36
113 0 41
114 0 41
115 0 41
116 0 41
117 0 46
118 0 46
119 0 46
120 0 46
121 0 46
122 0 46
123 0 46
124 0 46
125 0 46
126 0 46
127 0 46
128 0 46
129 0 46
130 0 46
131 0 46
132 0 46
133 0 46
134 0 46
135 0 46
136 0 46
137 0 46
138 0 42
139 0 42
140 0 42
141 0 42
142 0 42
143 0 42
144 0 42
145 0 42
146 0 42
147 0 42
148 0 42
149 0 42
150 0 42
151 0 42
152 0 42
153 0 42
154 0 42
155 0 42
156 0 42
157 0 42
158 0 42
159 0 42
160 0 42
161 0 42
162 0 42
163 0 42
164 0 42
165 0 42
166 0 42
167 0 42
168 0 42
169 0 42
170 0 42
171 0 42
172 0 42
173 0 42
174 0 42
175 0 46
176 0 46
177 0 46
178 0 46
179 0 46
180 0 46
181 0 46
182 0 46
183 0 46
184 0 46
185 0 46
186 0 46
187 0 46
188 0 46
189 0 46
190 0 46
191 0 46
192 0 46
193 0 46
194 0 46
195 0 46
196 0 46
197 0 46
198 0 46
199 0 46
200 0 46
201 0 46
202 0 46
203 0 46
204 0 46
205 0 46
206 0 46
207 0 46
208 0 46
209 0 46
210 0 46
211 0 46
212 0 46
213 0 46
214 0 46
215 0 46
216 0 46
217 0 46
218 0 46
219 0 46
220 0 46
221 0 46
222 0 46
223 0 46
224 0 46
225 0 46
226 0 46
227 0 46
228 0 46
229 0 46
230 0 46
231 0 43
232 0 43
233 0 43
234 0 43
235 0 43
236 0 43
237 0 47
238 0 47
239 0 47
240 0 47
241 0 47
242 0 47
243 0 47
244 0 47
245 0 47
246 0 47
247 0 47
248 0 47
249 0 47
250 0 47
251 0 47
252 0 47
253 0 47
254 0 47
255 0 47
256 0 47
257 0 47
258 0 47
259 0 47
260 0 47
261 0 50
262 0 50
263 0 50
264 0 50
265 0 50
266 0 50
267 0 50
268 0 50
269 0 50
270 0 50
271 0 50
272 0 50
273 0 50
274 0 50
275 0 50
276 0 50
277 0 50
278 0 50
279 0 50
280 0 50
281 0 50
282 0 50
283 0 50
284 0 50
285 0 50
286 0 50
287 0 50
288 0 50
289 0 50
290 0 50
291 0 50
292 0 50
293 0 50
294 0 50
295 0 50
296 0 50
297 0 50
298 0 50
299 0 50
300 0 50
301 0 50
302 0 50
303 0 50
304 0 50
305 0 50
306 0 50
307 0 50
308 0 50
309 0 50
310 0 50
311 0 50
312 0 50
313 0 50
314 0 50
315 0 50
316 0 50
317 0 50
318 0 50
319 0 47
320 0 47
321 0 47
322 0 47
323 0 45
324 0 45
325 0 45
326 0 45
327 0 45
328 0 45
329 0 45
330 0 45
331 0 45
332 0 45
333 0 45
334 0 45
335 0 45
336 0 45
337 0 45
338 0 45
339 0 45
340 1 42
341 1 42
342 1 40
343 1 40
344 1 39
345 1 39
346 1 39
347 1 39
348 1 39
349 1 37
350 1 37
351 1 37
352 1 37
353 1 37
354 1 40
355 1 40
356 1 40
357 1 38
358 1 38
359 1 38
360 1 38
361 1 38
362 1 38
363 1 38
364 1 38
365 1 38
366 1 38
367 1 38
368 1 38
369 1 38
370 1 38
371 1 38
372 1 40
373 1 40
374 1 40
375 1 40
376 1 40
377 1 40
378 1 40
379 1 40
380 1 42
381 1 42
382 1 42
383 1 42
384 1 42
385 1 41
386 1 41
387 1 41
388 1 40
389 1 40
390 1 38
391 1 40
392 1 40
393 1 40
394 1 40
395 1 40
396 1 40
397 1 40
398 1 40
399 1 40
400 1 40
401 1 40
402 1 40
403 1 39
404 1 38
405 1 37
406 1 37
407 1 37
408 1 37
409 1 37
410 1 37
411 1 37
412 1 37
413 1 37
414 1 37
415 1 37
416 1 37
417 1 37
418 1 37
419 1 36
420 1 36
421 1 36
422 1 37
423 1 37
424 1 37
425 1 37
426 1 37
427 1 37
428 1 37
429 1 37
430 1 37
431 1 37
432 1 37
433 1 37
434 1 37
435 1 37
436 1 37
437 1 37
438 1 37
439 1 36
440 1 36
441 1 36
442 1 36
443 1 36
444 1 36
445 1 36
446 1 36
447 1 36
448 1 38
449 1 38
450 1 38
451 1 38
452 1 38
453 1 37
454 1 37
455 2 37
456 2 37
457 2 36
458 2 36
459 2 36
460 2 36
461 2 35
462 2 35
463 2 35
464 2 35
465 2 35
466 2 34
467 2 34
468 2 34
469 2 36
470 2 36
471 2 36
472 2 35
473 2 35
474 2 36
475 2 38
476 2 38
477 2 37
478 2 37
479 2 36
480 2 36
481 2 36
482 2 36
483 2 36
484 2 36
485 2 36
486 2 36
487 2 36
488 2 37
489 2 38
490 2 38
491 2 38
492 2 38
493 2 38
494 2 38
495 2 38
496 2 38
497 2 38
498 2 38
499 2 38
500 2 38
501 2 38
502 2 38
503 2 38
504 2 37
505 2 37
506 2 37
507 2 37
508 2 37
509 2 37
510 2 37
511 2 37
512 2 37
513 2 37
514 2 37
515 2 37
516 2 37
517 2 37
518 2 37
519 2 37
520 2 37
521 2 37
522 2 37
523 2 37
524 2 36
525 2 35
526 2 35
527 2 35
528 2 35
529 2 35
530 2 35
531 3 35
532 3 35
533 3 34
534 3 33
535 3 33
536 3 33
537 3 33
538 3 33
539 3 33
540 3 33
541 3 33
542 3 33
543 3 33
544 3 32
545 3 32
546 3 32
547 3 32
548 3 32
549 3 32
550 3 32
551 3 32
552 3 32
553 3 32
554 3 31
555 3 31
556 3 32
557 3 32
558 3 32
559 3 32
560 4 32
561 4 32
562 4 31
563 4 31
564 4 31
565 4 31
566 4 31
567 4 31
568 4 31
569 4 31
570 4 32
571 4 32
572 4 32
573 4 32
574 4 32
575 4 32
576 4 31
577 4 31
578 4 31
579 4 31
580 4 31
581 4 31
582 5 31
583 5 30
584 5 30
585 5 30
586 5 30
587 5 30
588 5 30
589 5 30
590 5 29
591 5 29
592 5 30
593 5 30
594 5 30
595 5 30
596 5 29
597 5 29
598 5 29
599 5 29
600 5 29
601 5 29
602 5 28
603 5 28
604 6 28
605 6 28
606 6 29
607 6 29
608 6 29
609 6 29
610 6 29
611 6 29
612 6 28
613 6 28
614 6 28
615 6 28
616 6 28
617 6 28
618 6 28
619 7 28
620 7 28
621 7 28
622 7 27
623 7 27
624 7 27
625 7 27
626 7 27
627 7 27
628 7 27
629 7 27
630 7 27
631 7 27
632 8 27
633 8 27
634 8 27
635 8 27
636 8 26
637 8 26
638 8 26
639 8 26
640 8 26
641 8 26
642 8 26
643 8 26
644 8 26
645 8 26
646 8 26
647 8 25
648 9 25
649 9 25
650 9 25
651 9 25
652 9 25
653 9 25
654 10 25
655 10 25
656 10 24
657 10 24
658 11 24
659 11 24
660 11 24
661 11 24
662 11 24
663 11 24
664 11 23
665 11 23
666 11 23
667 12 23
668 12 23
669 12 23
670 13 23
671 13 23
672 13 23
673 13 23
674 13 23
675 13 23
676 13 23
677 13 23
678 14 23
679 14 22
680 14 22
681 14 23
682 14 23
683 14 23
684 16 23
685 17 23
686 17 23
687 17 22
688 18 22
689 18 22
690 19 22
691 19 22
692 20 22
693 22 22
694 24 22
695 30 21
696 31 21
697 32 21
698 33 21
699 34 21
700 35 21
701 43 21
702 49 21
703 100 21
