0 0 0
1 0 0
2 0 0
3 0 0
4 0 0
5 0 0
6 0 0
7 0 0
8 0 0
9 0 0
10 0 0
11 0 0
12 0 0
13 0 0
14 0 0
15 0 0
16 0 0
17 0 0
18 0 0
19 0 0
20 0 0
21 0 0
22 0 0
23 0 0
24 0 0
25 0 0
26 0 0
27 0 0
28 0 0
29 0 0
30 0 0
31 0 0
32 0 0
33 0 0
34 0 0
35 0 0
36 0 0
37 0 0
38 0 0
39 0 0
40 0 0
41 0 0
42 0 0
43 0 0
44 0 0
45 0 0
46 0 0
47 0 0
48 0 0
49 0 0
50 0 0
51 0 0
52 0 0
53 0 0
54 0 0
55 0 0
56 0 0
57 0 0
58 0 0
59 0 0
60 0 0
61 0 0
62 0 0
63 0 0
64 0 0
65 0 0
66 0 0
67 0 0
68 0 0
69 0 0
70 0 0
71 0 0
72 0 0
73 0 0
74 0 0
75 0 0
76 0 0
77 0 0
78 0 0
79 0 0
80 0 0
81 0 0
82 0 0
83 0 0
84 0 0
85 0 0
86 0 0
87 0 0
88 0 0
89 0 0
90 0 0
91 0 0
92 0 0
93 0 0
94 0 0
95 0 0
96 0 0
97 0 0
98 0 0
99 0 0
100 0 0
101 0 0
102 0 0
103 0 0
104 0 0
105 0 0
106 0 0
107 0 0
108 0 0
109 0 0
110 0 0
111 0 0
112 0 0
113 0 0
114 0 0
115 0 0
116 0 0
117 0 0
118 0 0
119 0 0
120 0 0
121 0 0
122 0 0
123 0 0
124 0 0
125 0 0
126 0 0
127 0 0
128 0 0
129 0 0
130 0 0
131 0 0
132 0 0
133 0 0
134 0 0
135 0 0
136 0 0
137 0 0
138 0 0
139 0 0
140 0 0
141 0 0
142 0 0
143 0 0
144 0 0
145 0 0
146 0 0
147 0 0
148 0 0
149 0 0
150 0 0
151 0 0
152 0 0
153 0 0
154 0 0
155 0 0
156 0 0
157 0 0
158 0 0
159 0 0
160 0 0
161 0 0
162 0 0
163 0 0
164 0 0
165 0 0
166 0 0
167 0 0
168 0 0
169 0 0
170 0 0
171 0 0
172 0 0
173 0 0
174 0 0
175 0 0
176 0 0
177 0 0
178 0 0
179 0 0
180 0 0
181 0 0
182 0 0
183 0 0
184 0 0
185 0 0
186 0 0
187 0 0
188 0 0
189 0 0
190 0 0
191 0 0
192 0 0
193 0 0
194 0 0
195 0 0
196 0 0
197 0 0
198 0 0
199 0 0
200 0 0
201 0 0
202 0 0
203 0 0
204 0 0
205 0 0
206 0 0
207 0 0
208 0 0
209 0 0
210 0 0
211 0 0
212 0 0
213 0 0
214 0 0
215 0 0
216 0 0
217 0 0
218 0 0
219 0 0
220 0 0
221 0 0
222 0 0
223 0 0
224 0 0
225 0 0
226 0 0
227 0 0
228 0 0
229 0 0
230 0 0
231 0 0
232 0 0
233 0 0
234 0 0
235 0 0
236 0 0
237 0 0
238 0 0
239 0 0
240 0 0
241 0 0
242 0 0
243 0 0
244 0 0
245 0 0
246 0 0
247 0 0
248 0 0
249 0 0
250 0 0
251 0 0
252 0 0
253 0 0
254 0 0
255 0 0
256 0 0
257 0 0
258 0 0
259 0 0
260 0 0
261 0 0
262 0 0
263 0 0
264 0 0
265 0 0
266 0 0
267 0 0
268 0 0
269 0 0
270 0 0
271 0 0
272 0 0
273 0 0
274 0 0
275 0 0
276 0 0
277 0 0
278 0 0
279 0 0
280 0 0
281 0 0
282 0 0
283 0 0
284 0 0
285 0 0
286 0 0
287 0 0
288 0 0
289 0 0
290 0 0
291 0 0
292 0 0
293 0 0
294 0 0
295 0 0
296 0 0
297 0 0
298 0 0
299 0 0
300 0 0
301 0 0
302 0 0
303 0 0
304 0 0
305 0 0
306 0 0
307 0 0
308 0 0
309 0 0
310 0 0
311 0 0
312 0 0
313 0 0
314 0 0
315 0 0
316 0 0
317 0 0
318 0 0
319 0 0
320 0 0
321 0 0
322 0 0
323 0 5
324 0 5
325 0 5
326 0 5
327 0 5
328 0 5
329 0 5
330 0 5
331 0 5
332 0 5
333 0 5
334 0 5
335 0 5
336 0 5
337 0 5
338 0 5
339 0 5
340 1 4
341 1 4
342 1 4
343 1 4
344 1 4
345 1 4
346 1 4
347 1 4
348 1 4
349 1 8
350 1 8
351 1 8
352 1 8
353 1 8
354 1 8
355 1 8
356 1 8
357 1 11
358 1 11
359 1 11
360 1 11
361 1 11
362 1 11
363 1 11
364 1 11
365 1 11
366 1 11
367 1 11
368 1 11
369 1 11
370 1 11
371 1 11
372 1 11
373 1 11
374 1 11
375 1 11
376 1 11
377 1 11
378 1 11
379 1 11
380 1 10
381 1 10
382 1 10
383 1 10
384 1 10
385 1 10
386 1 10
387 1 10
388 1 10
389 1 10
390 1 9
391 1 9
392 1 9
393 1 9
394 1 9
395 1 9
396 1 9
397 1 9
398 1 9
399 1 9
400 1 9
401 1 9
402 1 9
403 1 9
404 1 11
405 1 11
406 1 11
407 1 11
408 1 11
409 1 11
410 1 11
411 1 11
412 1 11
413 1 11
414 1 11
415 1 11
416 1 11
417 1 11
418 1 11
419 1 11
420 1 11
421 1 11
422 1 13
423 1 13
424 1 13
425 1 13
426 1 13
427 1 13
428 1 13
429 1 13
430 1 13
431 1 13
432 1 13
433 1 13
434 1 13
435 1 13
436 1 13
437 1 13
438 1 13
439 1 13
440 1 13
441 1 13
442 1 13
443 1 13
444 1 13
445 1 13
446 1 13
447 1 13
448 1 12
449 1 12
450 1 12
451 1 12
452 1 12
453 1 15
454 1 15
455 2 15
456 2 15
457 2 17
458 2 17
459 2 17
460 2 17
461 2 16
462 2 16
463 2 16
464 2 16
465 2 16
466 2 16
467 2 16
468 2 16
469 2 15
470 2 15
471 2 15
472 2 15
473 2 15
474 2 15
475 2 14
476 2 14
477 2 16
478 2 16
479 2 18
480 2 18
481 2 20
482 2 20
483 2 20
484 2 20
485 2 20
486 2 20
487 2 20
488 2 19
489 2 19
490 2 19
491 2 19
492 2 19
493 2 19
494 2 19
495 2 19
496 2 19
497 2 19
498 2 19
499 2 19
500 2 19
501 2 19
502 2 19
503 2 19
504 2 20
505 2 20
506 2 20
507 2 20
508 2 20
509 2 20
510 2 20
511 2 20
512 2 20
513 2 20
514 2 20
515 2 20
516 2 20
517 2 20
518 2 20
519 2 20
520 2 20
521 2 20
522 2 20
523 2 20
524 2 21
525 2 21
526 2 21
527 2 21
528 2 21
529 2 22
530 2 22
531 3 22
532 3 22
533 3 24
534 3 25
535 3 25
536 3 25
537 3 25
538 3 25
539 3 25
540 3 25
541 3 25
542 3 25
543 3 25
544 3 26
545 3 26
546 3 26
547 3 26
548 3 26
549 3 25
550 3 25
551 3 25
552 3 25
553 3 25
554 3 26
555 3 26
556 3 26
557 3 26
558 3 26
559 3 27
560 4 27
561 4 27
562 4 28
563 4 28
564 4 28
565 4 28
566 4 28
567 4 28
568 4 29
569 4 29
570 4 29
571 4 29
572 4 29
573 4 29
574 4 29
575 4 29
576 4 30
577 4 30
578 4 30
579 4 30
580 4 30
581 4 30
582 5 30
583 5 30
584 5 30
585 5 30
586 5 30
587 5 31
588 5 31
589 5 32
590 5 33
591 5 33
592 5 34
593 5 34
594 5 34
595 5 35
596 5 36
597 5 36
598 5 35
599 5 35
600 5 36
601 5 36
602 5 37
603 5 37
604 6 37
605 6 37
606 6 38
607 6 39
608 6 39
609 6 39
610 6 39
611 6 39
612 6 38
613 6 38
614 6 38
615 6 39
616 6 39
617 6 39
618 6 40
619 7 40
620 7 40
621 7 40
622 7 40
623 7 40
624 7 40
625 7 40
626 7 40
627 7 40
628 7 40
629 7 40
630 7 40
631 7 40
632 8 41
633 8 41
634 8 41
635 8 42
636 8 42
637 8 42
638 8 42
639 8 43
640 8 43
641 8 43
642 8 43
643 8 43
644 8 43
645 8 43
646 8 44
647 8 45
648 9 45
649 9 45
650 9 45
651 9 45
652 9 45
653 9 45
654 10 46
655 10 45
656 10 46
657 10 46
658 11 46
659 11 46
660 11 46
661 11 47
662 11 48
663 11 48
664 11 48
665 11 49
666 11 49
667 12 49
668 12 49
669 12 49
670 13 49
671 13 49
672 13 49
673 13 49
674 13 49
675 13 49
676 13 50
677 13 50
678 14 50
679 14 50
680 14 50
681 14 50
682 14 50
683 14 50
684 16 50
685 17 51
686 17 51
687 17 52
688 18 52
689 18 53
690 19 53
691 19 53
692 20 53
693 22 53
694 24 53
695 30 54
696 31 54
697 32 55
698 33 55
699 34 55
700 35 55
701 43 55
702 49 55
703 100 56
