0 0 0
1 0 0
2 0 0
3 0 0
4 0 0
5 0 0
6 0 0
7 0 0
8 0 0
9 0 0
10 0 0
11 0 0
12 0 0
13 0 0
14 0 0
15 0 0
16 0 0
17 0 0
18 0 0
19 0 0
20 0 0
21 0 0
22 0 0
23 0 0
24 0 0
25 0 0
26 0 0
27 0 0
28 0 0
29 0 0
30 0 0
31 0 0
32 0 0
33 0 0
34 0 0
35 0 0
36 0 0
37 0 0
38 0 0
39 0 0
40 0 0
41 0 0
42 0 0
43 0 0
44 0 0
45 0 0
46 0 0
47 0 0
48 0 0
49 0 0
50 0 0
51 0 0
52 0 0
53 0 0
54 0 0
55 0 0
56 0 0
57 0 0
58 0 0
59 0 0
60 0 0
61 0 0
62 0 0
63 0 0
64 0 0
65 0 0
66 0 0
67 0 0
68 0 0
69 0 0
70 0 0
71 0 0
72 0 0
73 0 0
74 0 0
75 0 0
76 0 0
77 0 0
78 0 0
79 0 0
80 0 0
81 0 0
82 0 0
83 0 0
84 0 0
85 0 0
86 0 0
87 0 0
88 0 0
89 0 0
90 0 0
91 0 0
92 0 0
93 0 0
94 0 0
95 0 0
96 0 0
97 0 0
98 0 0
99 0 0
100 0 0
101 0 0
102 0 0
103 0 0
104 0 0
105 0 0
106 0 0
107 0 0
108 0 0
109 0 0
110 0 0
111 0 0
112 0 0
113 0 0
114 0 0
115 0 0
116 0 0
117 0 0
118 0 0
119 0 0
120 0 0
121 0 0
122 0 0
123 0 0
124 0 0
125 0 0
126 0 0
127 0 0
128 0 0
129 0 0
130 0 0
131 0 0
132 0 0
133 0 0
134 0 0
135 0 0
136 0 0
137 0 0
138 0 7
139 0 7
140 0 7
141 0 7
142 0 7
143 0 7
144 0 7
145 0 7
146 0 7
147 0 7
148 0 7
149 0 7
150 0 7
151 0 7
152 0 7
153 0 7
154 0 7
155 0 7
156 0 7
157 0 7
158 0 7
159 0 7
160 0 7
161 0 7
162 0 7
163 0 7
164 0 7
165 0 7
166 0 7
167 0 7
168 0 7
169 0 7
170 0 7
171 0 7
172 0 7
173 0 7
174 0 7
175 0 6
176 0 6
177 0 6
178 0 6
179 0 6
180 0 6
181 0 6
182 0 6
183 0 6
184 0 6
185 0 6
186 0 6
187 0 6
188 0 6
189 0 6
190 0 6
191 0 6
192 0 6
193 0 6
194 0 6
195 0 6
196 0 6
197 0 6
198 0 6
199 0 6
200 0 6
201 0 6
202 0 6
203 0 6
204 0 6
205 0 6
206 0 6
207 0 6
208 0 6
209 0 6
210 0 6
211 0 6
212 0 6
213 0 6
214 0 6
215 0 6
216 0 6
217 0 6
218 0 6
219 0 6
220 0 6
221 0 6
222 0 6
223 0 6
224 0 6
225 0 6
226 0 6
227 0 6
228 0 6
229 0 6
230 0 6
231 0 6
232 0 6
233 0 6
234 0 6
235 0 6
236 0 6
237 0 5
238 0 5
239 0 5
240 0 5
241 0 5
242 0 5
243 0 5
244 0 5
245 0 5
246 0 5
247 0 5
248 0 5
249 0 5
250 0 5
251 0 5
252 0 5
253 0 5
254 0 5
255 0 5
256 0 5
257 0 5
258 0 5
259 0 5
260 0 5
261 0 11
262 0 11
263 0 11
264 0 11
265 0 11
266 0 11
267 0 11
268 0 11
269 0 11
270 0 11
271 0 11
272 0 11
273 0 11
274 0 11
275 0 11
276 0 11
277 0 11
278 0 11
279 0 11
280 0 11
281 0 11
282 0 11
283 0 11
284 0 11
285 0 11
286 0 11
287 0 11
288 0 11
289 0 11
290 0 11
291 0 11
292 0 11
293 0 11
294 0 11
295 0 11
296 0 11
297 0 11
298 0 11
299 0 11
300 0 11
301 0 11
302 0 11
303 0 11
304 0 11
305 0 11
306 0 11
307 0 11
308 0 11
309 0 11
310 0 11
311 0 11
312 0 11
313 0 11
314 0 11
315 0 11
316 0 11
317 0 11
318 0 11
319 0 15
320 0 15
321 0 15
322 0 15
323 0 15
324 0 15
325 0 15
326 0 15
327 0 15
328 0 15
329 0 15
330 0 15
331 0 15
332 0 15
333 0 15
334 0 15
335 0 15
336 0 15
337 0 15
338 0 15
339 0 15
340 1 14
341 1 14
342 1 18
343 1 18
344 1 21
345 1 21
346 1 21
347 1 21
348 1 21
349 1 20
350 1 20
351 1 20
352 1 20
353 1 20
354 1 20
355 1 20
356 1 20
357 1 19
358 1 19
359 1 19
360 1 19
361 1 19
362 1 19
363 1 19
364 1 19
365 1 19
366 1 19
367 1 19
368 1 19
369 1 19
370 1 19
371 1 19
372 1 22
373 1 22
374 1 22
375 1 22
376 1 22
377 1 22
378 1 22
379 1 22
380 1 25
381 1 25
382 1 25
383 1 25
384 1 25
385 1 27
386 1 27
387 1 27
388 1 26
389 1 26
390 1 25
391 1 25
392 1 25
393 1 25
394 1 25
395 1 25
396 1 25
397 1 25
398 1 25
399 1 25
400 1 25
401 1 25
402 1 25
403 1 24
404 1 23
405 1 25
406 1 25
407 1 25
408 1 25
409 1 25
410 1 25
411 1 25
412 1 25
413 1 25
414 1 25
415 1 25
416 1 25
417 1 25
418 1 25
419 1 25
420 1 25
421 1 25
422 1 24
423 1 24
424 1 24
425 1 24
426 1 24
427 1 24
428 1 24
429 1 24
430 1 24
431 1 24
432 1 24
433 1 24
434 1 24
435 1 24
436 1 24
437 1 24
438 1 24
439 1 26
440 1 26
441 1 26
442 1 26
443 1 26
444 1 26
445 1 26
446 1 26
447 1 26
448 1 25
449 1 25
450 1 25
451 1 25
452 1 25
453 1 25
454 1 25
455 2 25
456 2 25
457 2 24
458 2 24
459 2 24
460 2 24
461 2 26
462 2 26
463 2 26
464 2 26
465 2 26
466 2 27
467 2 27
468 2 27
469 2 27
470 2 27
471 2 27
472 2 26
473 2 26
474 2 28
475 2 27
476 2 27
477 2 27
478 2 27
479 2 28
480 2 28
481 2 30
482 2 30
483 2 30
484 2 30
485 2 30
486 2 30
487 2 30
488 2 31
489 2 30
490 2 30
491 2 30
492 2 30
493 2 30
494 2 30
495 2 30
496 2 30
497 2 30
498 2 30
499 2 30
500 2 30
501 2 30
502 2 30
503 2 30
504 2 30
505 2 30
506 2 30
507 2 30
508 2 30
509 2 30
510 2 30
511 2 30
512 2 30
513 2 30
514 2 30
515 2 30
516 2 30
517 2 30
518 2 30
519 2 30
520 2 31
521 2 31
522 2 31
523 2 31
524 2 30
525 2 32
526 2 32
527 2 32
528 2 32
529 2 33
530 2 33
531 3 33
532 3 33
533 3 34
534 3 35
535 3 36
536 3 36
537 3 36
538 3 36
539 3 36
540 3 36
541 3 36
542 3 36
543 3 36
544 3 36
545 3 36
546 3 36
547 3 36
548 3 36
549 3 35
550 3 35
551 3 35
552 3 35
553 3 35
554 3 34
555 3 34
556 3 34
557 3 34
558 3 34
559 3 33
560 4 33
561 4 33
562 4 33
563 4 33
564 4 33
565 4 33
566 4 33
567 4 33
568 4 34
569 4 34
570 4 33
571 4 33
572 4 33
573 4 33
574 4 33
575 4 33
576 4 33
577 4 33
578 4 33
579 4 33
580 4 33
581 4 34
582 5 34
583 5 33
584 5 33
585 5 33
586 5 33
587 5 33
588 5 33
589 5 32
590 5 32
591 5 32
592 5 32
593 5 32
594 5 32
595 5 31
596 5 31
597 5 31
598 5 32
599 5 32
600 5 32
601 5 32
602 5 32
603 5 32
604 6 32
605 6 32
606 6 32
607 6 31
608 6 31
609 6 31
610 6 31
611 6 31
612 6 32
613 6 32
614 6 32
615 6 32
616 6 32
617 6 32
618 6 32
619 7 32
620 7 32
621 7 32
622 7 33
623 7 33
624 7 33
625 7 33
626 7 33
627 7 33
628 7 33
629 7 33
630 7 33
631 7 33
632 8 34
633 8 34
634 8 34
635 8 34
636 8 34
637 8 34
638 8 34
639 8 34
640 8 34
641 8 34
642 8 35
643 8 35
644 8 35
645 8 35
646 8 35
647 8 35
648 9 35
649 9 35
650 9 35
651 9 35
652 9 35
653 9 35
654 10 35
655 10 36
656 10 36
657 10 35
658 11 35
659 11 35
660 11 35
661 11 35
662 11 35
663 11 35
664 11 34
665 11 34
666 11 34
667 12 34
668 12 34
669 12 34
670 13 34
671 13 34
672 13 34
673 13 34
674 13 34
675 13 34
676 13 35
677 13 35
678 14 35
679 14 36
680 14 36
681 14 35
682 14 35
683 14 35
684 16 35
685 17 35
686 17 35
687 17 35
688 18 36
689 18 36
690 19 36
691 19 36
692 20 36
693 22 36
694 24 37
695 30 37
696 31 38
697 32 37
698 33 37
699 34 37
700 35 38
701 43 38
702 49 38
703 100 39
