0 0 0
1 0 0
2 0 0
3 0 0
4 0 0
5 0 0
6 0 0
7 0 0
8 0 0
9 0 0
10 0 0
11 0 0
12 0 0
13 0 0
14 0 0
15 0 0
16 0 16
17 0 16
18 0 16
19 0 28
20 0 28
21 0 28
22 0 28
23 0 28
24 0 28
25 0 28
26 0 28
27 0 37
28 0 37
29 0 37
30 0 37
31 0 37
32 0 33
33 0 33
34 0 33
35 0 30
36 0 30
37 0 30
38 0 30
39 0 30
40 0 27
41 0 27
42 0 27
43 0 27
44 0 27
45 0 27
46 0 33
47 0 33
48 0 30
49 0 30
50 0 28
51 0 28
52 0 28
53 0 28
54 0 28
55 0 28
56 0 28
57 0 26
58 0 26
59 0 26
60 0 26
61 0 26
62 0 25
63 0 25
64 0 29
65 0 29
66 0 29
67 0 29
68 0 29
69 0 29
70 0 29
71 0 29
72 0 27
73 0 27
74 0 27
75 0 27
76 0 31
77 0 30
78 0 30
79 0 30
80 0 30
81 0 28
82 0 31
83 0 31
84 0 34
85 0 34
86 0 33
87 0 32
88 0 32
89 0 30
90 0 29
91 0 29
92 0 29
93 0 29
94 0 28
95 0 27
96 0 27
97 0 27
98 0 27
99 0 26
100 0 26
101 0 26
102 0 25
103 0 25
104 0 25
105 0 25
106 0 27
107 0 27
108 0 27
109 0 27
110 0 26
111 0 26
112 0 28
113 0 27
114 0 27
115 0 27
116 0 27
117 0 27
118 0 27
119 0 26
120 0 26
121 0 25
122 0 27
123 0 29
124 0 29
125 0 29
126 0 29
127 0 29
128 0 28
129 0 28
130 0 27
131 0 27
132 0 27
133 0 27
134 0 27
135 0 27
136 0 28
137 0 30
138 0 29
139 0 29
140 0 29
141 0 30
142 0 30
143 0 30
144 0 30
145 0 30
146 0 30
147 0 30
148 0 29
149 0 29
150 0 28
151 0 28
152 0 28
153 0 28
154 0 27
155 0 27
156 0 27
157 0 28
158 0 28
159 0 28
160 0 28
161 0 27
162 0 27
163 0 27
164 0 27
165 0 27
166 0 27
167 0 27
168 0 26
169 0 26
170 0 26
171 0 26
172 0 26
173 0 25
174 0 25
175 0 25
176 0 26
177 0 26
178 0 26
179 0 25
180 0 25
181 0 25
182 0 25
183 0 25
184 0 24
185 0 24
186 0 24
187 0 24
188 0 24
189 0 24
190 0 24
191 0 24
192 0 24
193 0 24
194 0 23
195 0 23
196 0 23
197 0 23
198 0 23
199 0 23
200 0 23
201 0 22
202 0 22
203 0 22
204 0 22
205 0 22
206 0 22
207 0 21
208 0 21
209 0 21
210 0 21
211 0 22
212 0 22
213 0 22
214 0 23
215 0 23
216 0 23
217 0 23
218 0 23
219 0 23
220 0 23
221 0 23
222 0 22
223 0 22
224 0 22
225 0 22
226 0 22
227 0 22
228 0 22
229 0 22
230 0 22
231 0 21
232 0 21
233 0 22
234 0 22
235 0 22
236 0 22
237 0 22
238 0 21
239 0 21
240 0 21
241 0 21
242 0 22
243 0 22
244 0 21
245 0 22
246 0 23
247 0 23
248 0 23
249 0 23
250 0 23
251 0 23
252 0 22
253 0 22
254 0 22
255 0 22
256 0 22
257 0 22
258 0 22
259 0 22
260 0 22
261 0 22
262 0 21
263 0 22
264 0 23
265 0 23
266 0 23
267 0 23
268 0 23
269 0 23
270 0 23
271 0 24
272 0 24
273 0 24
274 0 25
275 0 25
276 0 25
277 0 25
278 0 26
279 0 27
280 0 27
281 0 27
282 0 27
283 0 27
284 0 27
285 0 27
286 0 28
287 0 28
288 0 28
289 0 28
290 0 28
291 0 28
292 0 28
293 0 29
294 0 30
295 0 30
296 1 30
297 1 30
298 1 30
299 1 31
300 1 31
301 1 31
302 1 31
303 1 32
304 1 32
305 1 32
306 1 32
307 1 32
308 1 33
309 1 33
310 1 34
311 1 34
312 1 35
313 1 35
314 1 35
315 1 35
316 1 35
317 1 35
318 1 35
319 1 35
320 1 35
321 1 35
322 1 36
323 1 36
324 1 36
325 1 36
326 1 36
327 1 36
328 1 36
329 1 37
330 1 37
331 1 36
332 1 36
333 1 36
334 1 36
335 1 36
336 1 36
337 1 36
338 1 35
339 1 35
340 1 35
341 1 35
342 1 35
343 1 35
344 1 35
345 1 35
346 1 35
347 1 35
348 1 35
349 1 35
350 1 35
351 1 35
352 1 35
353 1 35
354 1 35
355 1 35
356 1 35
357 1 34
358 1 34
359 1 34
360 1 34
361 1 34
362 1 34
363 1 34
364 1 34
365 1 34
366 1 34
367 1 34
368 1 34
369 1 34
370 1 34
371 1 34
372 1 34
373 1 34
374 1 35
375 1 35
376 1 35
377 1 35
378 1 36
379 1 36
380 1 36
381 1 37
382 1 37
383 1 37
384 1 37
385 1 37
386 1 38
387 1 38
388 1 38
389 1 38
390 1 38
391 1 38
392 1 38
393 1 38
394 1 38
395 1 38
396 1 38
397 1 38
398 1 38
399 1 39
400 1 39
401 1 39
402 1 39
403 1 39
404 1 39
405 1 39
406 1 39
407 1 39
408 1 39
409 1 39
410 1 39
411 1 39
412 1 40
413 1 40
414 1 40
415 1 40
416 1 40
417 1 40
418 1 40
419 1 41
420 1 41
421 1 41
422 1 41
423 1 41
424 1 41
425 1 41
426 1 41
427 1 41
428 1 41
429 1 41
430 1 41
431 1 42
432 1 41
433 1 41
434 1 41
435 1 41
436 1 41
437 1 41
438 1 41
439 1 41
440 1 41
441 1 41
442 1 41
443 1 41
444 1 41
445 2 41
446 2 41
447 2 41
448 2 42
449 2 42
450 2 42
451 2 42
452 2 41
453 2 41
454 2 42
455 2 41
456 2 42
457 2 42
458 2 42
459 2 42
460 2 42
461 2 42
462 2 43
463 2 43
464 2 43
465 2 43
466 2 42
467 2 42
468 2 42
469 2 42
470 2 42
471 2 42
472 2 42
473 2 42
474 2 42
475 2 42
476 2 42
477 2 42
478 2 42
479 2 42
480 2 42
481 2 42
482 2 42
483 2 41
484 2 42
485 2 41
486 2 42
487 2 42
488 2 42
489 2 42
490 2 42
491 2 42
492 2 42
493 2 42
494 2 43
495 2 43
496 2 43
497 2 43
498 2 43
499 2 43
500 2 44
501 2 44
502 2 44
503 2 44
504 2 45
505 2 44
506 2 45
507 2 44
508 2 44
509 2 44
510 2 44
511 2 44
512 2 44
513 2 44
514 2 44
515 2 44
516 2 44
517 2 44
518 2 44
519 2 44
520 2 44
521 2 44
522 2 44
523 2 44
524 2 44
525 2 44
526 2 44
527 2 44
528 2 44
529 2 44
530 2 44
531 2 44
532 2 44
533 2 44
534 2 45
535 2 45
536 2 45
537 2 45
538 2 45
539 2 45
540 2 45
541 3 45
542 3 45
543 3 45
544 3 46
545 3 46
546 3 46
547 3 46
548 3 46
549 3 46
550 3 46
551 3 46
552 3 46
553 3 46
554 3 47
555 3 47
556 3 47
557 3 47
558 3 47
559 3 47
560 3 47
561 3 47
562 3 47
563 3 47
564 3 48
565 3 48
566 3 48
567 3 48
568 3 48
569 3 48
570 3 49
571 3 49
572 3 49
573 3 49
574 3 49
575 3 49
576 3 49
577 3 49
578 3 49
579 3 49
580 3 50
581 3 50
582 3 50
583 3 50
584 3 50
585 3 50
586 3 50
587 3 50
588 3 50
589 3 50
590 3 50
591 4 50
592 4 50
593 4 50
594 4 50
595 4 50
596 4 50
597 4 51
598 4 51
599 4 51
600 4 51
601 4 51
602 4 51
603 4 51
604 4 51
605 4 51
606 4 51
607 4 51
608 4 51
609 4 51
610 4 51
611 4 51
612 4 51
613 4 51
614 4 51
615 4 51
616 4 52
617 4 52
618 4 52
619 4 52
620 4 52
621 4 52
622 4 52
623 4 52
624 4 52
625 4 52
626 4 52
627 4 52
628 4 52
629 4 52
630 4 52
631 4 52
632 4 52
633 4 52
634 4 53
635 4 53
636 4 52
637 4 53
638 4 53
639 4 53
640 4 53
641 4 53
642 4 53
643 4 53
644 4 53
645 4 53
646 4 53
647 4 53
648 4 54
649 5 54
650 5 54
651 5 54
652 5 54
653 5 54
654 5 54
655 5 54
656 5 55
657 5 55
658 5 55
659 5 55
660 5 55
661 5 55
662 5 55
663 5 55
664 5 55
665 5 55
666 5 56
667 5 56
668 5 56
669 5 56
670 5 56
671 5 56
672 5 56
673 5 56
674 5 56
675 5 56
676 5 56
677 5 56
678 5 56
679 5 56
680 5 57
681 5 57
682 5 57
683 6 57
684 6 57
685 6 57
686 6 57
687 6 57
688 6 57
689 6 57
690 6 57
691 6 57
692 6 58
693 6 58
694 6 58
695 6 58
696 6 58
697 6 58
698 6 58
699 6 58
700 6 58
701 6 58
702 6 58
703 6 58
704 7 58
705 7 58
706 7 58
707 7 58
708 7 58
709 7 58
710 7 58
711 7 58
712 7 58
713 7 58
714 7 58
715 7 58
716 7 58
717 8 58
718 8 59
719 8 59
720 8 59
721 8 59
722 8 59
723 8 59
724 8 59
725 8 59
726 8 59
727 8 59
728 8 59
729 8 59
730 8 59
731 8 60
732 9 60
733 9 60
734 9 60
735 9 60
736 9 60
737 9 60
738 10 60
739 10 60
740 11 60
741 11 60
742 11 61
743 11 61
744 12 61
745 12 61
746 12 61
747 12 61
748 12 61
749 13 61
750 13 61
751 13 61
752 13 61
753 13 61
754 13 62
755 13 62
756 14 62
757 14 62
758 14 62
759 14 62
760 14 62
761 15 61
762 17 61
763 17 62
764 18 62
765 18 62
766 18 62
767 18 62
768 22 62
769 26 62
770 33 62
771 33 62
772 33 62
773 33 62
774 36 62
775 36 62
776 39 62
777 41 62
778 42 62
779 43 62
780 44 62
781 100 63
