0 0 0
1 0 0
2 0 0
3 0 0
4 0 0
5 0 0
6 0 0
7 0 0
8 0 0
9 0 0
10 0 0
11 0 0
12 0 0
13 0 0
14 0 0
15 0 0
16 0 0
17 0 0
18 0 0
19 0 0
20 0 0
21 0 0
22 0 0
23 0 0
24 0 0
25 0 0
26 0 0
27 0 0
28 0 0
29 0 0
30 0 0
31 0 0
32 0 0
33 0 0
34 0 0
35 0 0
36 0 0
37 0 0
38 0 0
39 0 0
40 0 0
41 0 0
42 0 0
43 0 0
44 0 0
45 0 0
46 0 0
47 0 0
48 0 0
49 0 0
50 0 0
51 0 0
52 0 0
53 0 0
54 0 0
55 0 0
56 0 0
57 0 0
58 0 0
59 0 0
60 0 0
61 0 0
62 0 6
63 0 6
64 0 5
65 0 5
66 0 5
67 0 5
68 0 5
69 0 5
70 0 5
71 0 5
72 0 5
73 0 5
74 0 5
75 0 5
76 0 5
77 0 5
78 0 5
79 0 5
80 0 5
81 0 4
82 0 4
83 0 4
84 0 4
85 0 4
86 0 4
87 0 4
88 0 4
89 0 7
90 0 11
91 0 11
92 0 11
93 0 11
94 0 10
95 0 13
96 0 13
97 0 13
98 0 13
99 0 16
100 0 16
101 0 16
102 0 16
103 0 16
104 0 16
105 0 15
106 0 15
107 0 15
108 0 15
109 0 15
110 0 14
111 0 14
112 0 14
113 0 13
114 0 13
115 0 13
116 0 13
117 0 13
118 0 13
119 0 13
120 0 13
121 0 15
122 0 15
123 0 14
124 0 14
125 0 14
126 0 14
127 0 14
128 0 16
129 0 16
130 0 18
131 0 20
132 0 20
133 0 20
134 0 20
135 0 20
136 0 20
137 0 19
138 0 21
139 0 20
140 0 20
141 0 20
142 0 20
143 0 20
144 0 20
145 0 20
146 0 20
147 0 20
148 0 19
149 0 19
150 0 21
151 0 20
152 0 20
153 0 20
154 0 20
155 0 20
156 0 20
157 0 19
158 0 19
159 0 19
160 0 19
161 0 18
162 0 18
163 0 18
164 0 18
165 0 18
166 0 18
167 0 18
168 0 18
169 0 18
170 0 18
171 0 18
172 0 19
173 0 20
174 0 20
175 0 20
176 0 22
177 0 21
178 0 21
179 0 21
180 0 20
181 0 20
182 0 20
183 0 20
184 0 20
185 0 20
186 0 20
187 0 20
188 0 20
189 0 21
190 0 21
191 0 21
192 0 21
193 0 21
194 0 21
195 0 21
196 0 20
197 0 20
198 0 20
199 0 21
200 0 21
201 0 21
202 0 21
203 0 21
204 0 22
205 0 22
206 0 23
207 0 24
208 0 24
209 0 24
210 0 24
211 0 23
212 0 23
213 0 23
214 0 23
215 0 23
216 0 23
217 0 23
218 0 23
219 0 23
220 0 23
221 0 23
222 0 24
223 0 24
224 0 24
225 0 25
226 0 25
227 0 25
228 0 24
229 0 24
230 0 24
231 0 24
232 0 24
233 0 23
234 0 23
235 0 23
236 0 23
237 0 23
238 0 23
239 0 23
240 0 22
241 0 22
242 0 22
243 0 22
244 0 21
245 0 21
246 0 21
247 0 21
248 0 21
249 0 21
250 0 21
251 0 21
252 0 20
253 0 20
254 0 20
255 0 20
256 0 21
257 0 22
258 0 22
259 0 22
260 0 22
261 0 22
262 0 22
263 0 22
264 0 22
265 0 22
266 0 22
267 0 22
268 0 22
269 0 22
270 0 22
271 0 21
272 0 21
273 0 21
274 0 21
275 0 21
276 0 22
277 0 22
278 0 22
279 0 21
280 0 21
281 0 21
282 0 21
283 0 21
284 0 21
285 0 21
286 0 22
287 0 22
288 0 22
289 0 22
290 0 22
291 0 22
292 0 22
293 0 21
294 0 22
295 0 22
296 1 22
297 1 22
298 1 22
299 1 22
300 1 22
301 1 22
302 1 22
303 1 22
304 1 22
305 1 22
306 1 22
307 1 22
308 1 22
309 1 21
310 1 21
311 1 21
312 1 21
313 1 21
314 1 21
315 1 21
316 1 21
317 1 21
318 1 21
319 1 21
320 1 21
321 1 22
322 1 22
323 1 22
324 1 22
325 1 22
326 1 21
327 1 21
328 1 21
329 1 21
330 1 21
331 1 21
332 1 21
333 1 21
334 1 20
335 1 20
336 1 20
337 1 20
338 1 20
339 1 20
340 1 20
341 1 20
342 1 20
343 1 21
344 1 21
345 1 21
346 1 20
347 1 20
348 1 20
349 1 20
350 1 20
351 1 20
352 1 20
353 1 20
354 1 20
355 1 20
356 1 20
357 1 20
358 1 21
359 1 21
360 1 21
361 1 21
362 1 21
363 1 21
364 1 21
365 1 21
366 1 21
367 1 21
368 1 20
369 1 20
370 1 20
371 1 21
372 1 21
373 1 20
374 1 20
375 1 20
376 1 20
377 1 20
378 1 20
379 1 20
380 1 20
381 1 20
382 1 21
383 1 21
384 1 21
385 1 20
386 1 20
387 1 20
388 1 20
389 1 20
390 1 20
391 1 20
392 1 20
393 1 20
394 1 20
395 1 20
396 1 20
397 1 20
398 1 20
399 1 20
400 1 21
401 1 20
402 1 20
403 1 20
404 1 20
405 1 20
406 1 20
407 1 20
408 1 20
409 1 20
410 1 20
411 1 20
412 1 20
413 1 20
414 1 20
415 1 20
416 1 20
417 1 20
418 1 20
419 1 20
420 1 20
421 1 20
422 1 20
423 1 20
424 1 20
425 1 20
426 1 20
427 1 20
428 1 20
429 1 20
430 1 20
431 1 20
432 1 19
433 1 19
434 1 19
435 1 19
436 1 20
437 1 20
438 1 20
439 1 20
440 1 20
441 1 20
442 1 20
443 1 20
444 1 20
445 2 20
446 2 20
447 2 20
448 2 20
449 2 20
450 2 20
451 2 20
452 2 20
453 2 20
454 2 20
455 2 20
456 2 20
457 2 20
458 2 20
459 2 20
460 2 21
461 2 20
462 2 20
463 2 20
464 2 20
465 2 20
466 2 20
467 2 20
468 2 20
469 2 20
470 2 20
471 2 20
472 2 20
473 2 20
474 2 20
475 2 20
476 2 20
477 2 20
478 2 20
479 2 20
480 2 20
481 2 20
482 2 19
483 2 20
484 2 20
485 2 20
486 2 20
487 2 20
488 2 20
489 2 20
490 2 20
491 2 20
492 2 21
493 2 21
494 2 20
495 2 20
496 2 20
497 2 20
498 2 20
499 2 21
500 2 21
501 2 21
502 2 22
503 2 22
504 2 22
505 2 22
506 2 22
507 2 22
508 2 22
509 2 23
510 2 23
511 2 23
512 2 23
513 2 23
514 2 23
515 2 23
516 2 23
517 2 23
518 2 23
519 2 23
520 2 24
521 2 24
522 2 24
523 2 24
524 2 24
525 2 24
526 2 24
527 2 24
528 2 24
529 2 24
530 2 24
531 2 24
532 2 23
533 2 23
534 2 24
535 2 24
536 2 24
537 2 24
538 2 24
539 2 24
540 2 24
541 3 24
542 3 24
543 3 24
544 3 24
545 3 24
546 3 24
547 3 24
548 3 24
549 3 24
550 3 24
551 3 24
552 3 24
553 3 24
554 3 24
555 3 24
556 3 24
557 3 24
558 3 24
559 3 24
560 3 24
561 3 24
562 3 24
563 3 24
564 3 25
565 3 25
566 3 25
567 3 25
568 3 25
569 3 25
570 3 26
571 3 26
572 3 26
573 3 26
574 3 26
575 3 26
576 3 26
577 3 26
578 3 26
579 3 26
580 3 26
581 3 26
582 3 26
583 3 26
584 3 26
585 3 26
586 3 26
587 3 26
588 3 26
589 3 27
590 3 27
591 4 27
592 4 27
593 4 27
594 4 27
595 4 27
596 4 27
597 4 27
598 4 27
599 4 28
600 4 28
601 4 28
602 4 28
603 4 28
604 4 28
605 4 28
606 4 28
607 4 28
608 4 28
609 4 28
610 4 28
611 4 29
612 4 29
613 4 29
614 4 29
615 4 29
616 4 29
617 4 29
618 4 30
619 4 30
620 4 30
621 4 30
622 4 30
623 4 30
624 4 30
625 4 30
626 4 30
627 4 30
628 4 30
629 4 30
630 4 30
631 4 30
632 4 30
633 4 30
634 4 30
635 4 30
636 4 30
637 4 30
638 4 30
639 4 30
640 4 30
641 4 30
642 4 30
643 4 30
644 4 30
645 4 31
646 4 31
647 4 30
648 4 31
649 5 31
650 5 31
651 5 31
652 5 31
653 5 31
654 5 31
655 5 31
656 5 31
657 5 32
658 5 32
659 5 32
660 5 31
661 5 32
662 5 32
663 5 32
664 5 32
665 5 32
666 5 32
667 5 32
668 5 33
669 5 33
670 5 33
671 5 33
672 5 33
673 5 33
674 5 33
675 5 33
676 5 33
677 5 33
678 5 33
679 5 34
680 5 34
681 5 34
682 5 34
683 6 34
684 6 35
685 6 34
686 6 34
687 6 34
688 6 35
689 6 35
690 6 35
691 6 35
692 6 35
693 6 35
694 6 35
695 6 36
696 6 36
697 6 36
698 6 36
699 6 36
700 6 36
701 6 36
702 6 36
703 6 36
704 7 36
705 7 36
706 7 36
707 7 37
708 7 37
709 7 37
710 7 37
711 7 37
712 7 37
713 7 37
714 7 37
715 7 37
716 7 38
717 8 37
718 8 38
719 8 38
720 8 38
721 8 38
722 8 38
723 8 38
724 8 38
725 8 38
726 8 38
727 8 39
728 8 39
729 8 39
730 8 39
731 8 39
732 9 39
733 9 39
734 9 39
735 9 40
736 9 40
737 9 40
738 10 40
739 10 40
740 11 40
741 11 40
742 11 40
743 11 41
744 12 41
745 12 41
746 12 41
747 12 41
748 12 41
749 13 41
750 13 42
751 13 42
752 13 42
753 13 42
754 13 42
755 13 42
756 14 42
757 14 42
758 14 42
759 14 42
760 14 42
761 15 42
762 17 42
763 17 42
764 18 42
765 18 42
766 18 42
767 18 42
768 22 42
769 26 42
770 33 42
771 33 43
772 33 43
773 33 43
774 36 43
775 36 43
776 39 43
777 41 43
778 42 43
779 43 43
780 44 43
781 100 43
