0 0 0
1 0 0
2 0 0
3 0 0
4 0 0
5 0 0
6 0 0
7 0 0
8 0 0
9 0 0
10 0 0
11 0 0
12 0 0
13 0 0
14 0 0
15 0 0
16 0 0
17 0 0
18 0 0
19 0 0
20 0 0
21 0 0
22 0 0
23 0 0
24 0 0
25 0 0
26 0 0
27 0 0
28 0 0
29 0 0
30 0 0
31 0 0
32 0 0
33 0 0
34 0 0
35 0 0
36 0 0
37 0 0
38 0 0
39 0 0
40 0 0
41 0 0
42 0 0
43 0 0
44 0 0
45 0 0
46 0 0
47 0 0
48 0 0
49 0 0
50 0 0
51 0 0
52 0 0
53 0 0
54 0 0
55 0 0
56 0 0
57 0 0
58 0 0
59 0 0
60 0 0
61 0 0
62 0 0
63 0 0
64 0 0
65 0 0
66 0 0
67 0 0
68 0 0
69 0 0
70 0 0
71 0 0
72 0 0
73 0 0
74 0 0
75 0 0
76 0 0
77 0 0
78 0 0
79 0 0
80 0 0
81 0 0
82 0 0
83 0 0
84 0 0
85 0 0
86 0 0
87 0 0
88 0 0
89 0 0
90 0 0
91 0 0
92 0 0
93 0 0
94 0 0
95 0 0
96 0 0
97 0 0
98 0 0
99 0 0
100 0 0
101 0 0
102 0 0
103 0 0
104 0 0
105 0 0
106 0 0
107 0 0
108 0 0
109 0 0
110 0 0
111 0 0
112 0 0
113 0 0
114 0 0
115 0 0
116 0 0
117 0 0
118 0 0
119 0 0
120 0 0
121 0 0
122 0 0
123 0 0
124 0 0
125 0 0
126 0 0
127 0 0
128 0 0
129 0 0
130 0 0
131 0 0
132 0 0
133 0 0
134 0 0
135 0 0
136 0 0
137 0 0
138 0 0
139 0 0
140 0 0
141 0 0
142 0 0
143 0 0
144 0 0
145 0 0
146 0 0
147 0 0
148 0 0
149 0 0
150 0 0
151 0 0
152 0 0
153 0 0
154 0 0
155 0 0
156 0 0
157 0 0
158 0 0
159 0 0
160 0 0
161 0 0
162 0 0
163 0 0
164 0 0
165 0 0
166 0 0
167 0 0
168 0 0
169 0 0
170 0 0
171 0 0
172 0 0
173 0 0
174 0 0
175 0 0
176 0 0
177 0 0
178 0 0
179 0 1
180 0 1
181 0 1
182 0 1
183 0 1
184 0 1
185 0 1
186 0 1
187 0 1
188 0 1
189 0 1
190 0 1
191 0 1
192 0 1
193 0 1
194 0 1
195 0 1
196 0 1
197 0 1
198 0 1
199 0 1
200 0 1
201 0 1
202 0 1
203 0 1
204 0 1
205 0 1
206 0 1
207 0 1
208 0 1
209 0 1
210 0 1
211 0 1
212 0 1
213 0 1
214 0 1
215 0 1
216 0 1
217 0 1
218 0 1
219 0 1
220 0 1
221 0 1
222 0 1
223 0 1
224 0 1
225 0 1
226 0 1
227 0 1
228 0 1
229 0 1
230 0 1
231 0 1
232 0 1
233 0 1
234 0 1
235 0 1
236 0 1
237 0 1
238 0 1
239 0 1
240 0 1
241 0 1
242 0 1
243 0 1
244 0 1
245 0 1
246 0 1
247 0 1
248 0 1
249 0 1
250 0 1
251 0 1
252 0 0
253 0 0
254 0 1
255 0 1
256 0 1
257 0 1
258 0 1
259 0 1
260 0 1
261 0 1
262 0 2
263 0 2
264 0 3
265 0 3
266 0 3
267 0 3
268 0 3
269 0 3
270 0 3
271 0 3
272 0 3
273 0 3
274 0 3
275 0 3
276 0 3
277 0 3
278 0 3
279 0 3
280 0 3
281 0 3
282 0 3
283 0 3
284 0 3
285 0 3
286 0 4
287 0 4
288 0 4
289 0 4
290 0 4
291 0 4
292 0 4
293 0 4
294 0 5
295 0 4
296 1 4
297 1 4
298 1 4
299 1 4
300 1 4
301 1 4
302 1 4
303 1 5
304 1 5
305 1 5
306 1 5
307 1 5
308 1 5
309 1 6
310 1 6
311 1 7
312 1 8
313 1 8
314 1 8
315 1 8
316 1 8
317 1 8
318 1 8
319 1 8
320 1 8
321 1 8
322 1 8
323 1 8
324 1 8
325 1 8
326 1 9
327 1 10
328 1 10
329 1 10
330 1 10
331 1 9
332 1 10
333 1 10
334 1 10
335 1 11
336 1 11
337 1 11
338 1 11
339 1 11
340 1 11
341 1 11
342 1 11
343 1 11
344 1 11
345 1 11
346 1 12
347 1 12
348 1 12
349 1 12
350 1 13
351 1 13
352 1 14
353 1 14
354 1 14
355 1 14
356 1 14
357 1 14
358 1 15
359 1 15
360 1 15
361 1 15
362 1 16
363 1 16
364 1 16
365 1 16
366 1 16
367 1 16
368 1 16
369 1 16
370 1 17
371 1 16
372 1 17
373 1 17
374 1 17
375 1 17
376 1 17
377 1 18
378 1 18
379 1 19
380 1 19
381 1 18
382 1 18
383 1 18
384 1 19
385 1 19
386 1 19
387 1 20
388 1 20
389 1 20
390 1 20
391 1 20
392 1 20
393 1 20
394 1 20
395 1 20
396 1 20
397 1 20
398 1 20
399 1 20
400 1 20
401 1 20
402 1 20
403 1 20
404 1 20
405 1 20
406 1 20
407 1 20
408 1 20
409 1 20
410 1 20
411 1 20
412 1 20
413 1 20
414 1 19
415 1 19
416 1 19
417 1 19
418 1 20
419 1 20
420 1 20
421 1 21
422 1 20
423 1 20
424 1 20
425 1 20
426 1 20
427 1 20
428 1 20
429 1 20
430 1 21
431 1 21
432 1 20
433 1 20
434 1 20
435 1 20
436 1 20
437 1 20
438 1 20
439 1 20
440 1 20
441 1 20
442 1 20
443 1 20
444 1 20
445 2 21
446 2 21
447 2 21
448 2 21
449 2 21
450 2 21
451 2 21
452 2 21
453 2 21
454 2 21
455 2 21
456 2 21
457 2 21
458 2 21
459 2 21
460 2 21
461 2 20
462 2 20
463 2 21
464 2 21
465 2 21
466 2 21
467 2 21
468 2 21
469 2 21
470 2 21
471 2 22
472 2 22
473 2 22
474 2 22
475 2 22
476 2 22
477 2 22
478 2 22
479 2 22
480 2 22
481 2 22
482 2 22
483 2 22
484 2 22
485 2 23
486 2 23
487 2 23
488 2 23
489 2 23
490 2 23
491 2 23
492 2 23
493 2 23
494 2 23
495 2 22
496 2 22
497 2 22
498 2 22
499 2 23
500 2 23
501 2 23
502 2 23
503 2 23
504 2 23
505 2 23
506 2 23
507 2 24
508 2 24
509 2 24
510 2 24
511 2 24
512 2 24
513 2 24
514 2 24
515 2 24
516 2 25
517 2 25
518 2 25
519 2 25
520 2 25
521 2 25
522 2 25
523 2 25
524 2 25
525 2 25
526 2 25
527 2 25
528 2 25
529 2 25
530 2 25
531 2 25
532 2 25
533 2 25
534 2 25
535 2 25
536 2 25
537 2 25
538 2 25
539 2 25
540 2 25
541 3 25
542 3 25
543 3 25
544 3 25
545 3 25
546 3 25
547 3 25
548 3 25
549 3 25
550 3 25
551 3 25
552 3 25
553 3 25
554 3 25
555 3 26
556 3 26
557 3 26
558 3 26
559 3 26
560 3 26
561 3 26
562 3 27
563 3 27
564 3 27
565 3 27
566 3 27
567 3 27
568 3 27
569 3 27
570 3 27
571 3 27
572 3 27
573 3 27
574 3 27
575 3 27
576 3 27
577 3 28
578 3 28
579 3 27
580 3 28
581 3 28
582 3 28
583 3 28
584 3 29
585 3 29
586 3 29
587 3 29
588 3 29
589 3 29
590 3 30
591 4 30
592 4 30
593 4 30
594 4 30
595 4 30
596 4 30
597 4 30
598 4 30
599 4 30
600 4 30
601 4 30
602 4 30
603 4 30
604 4 31
605 4 31
606 4 31
607 4 31
608 4 31
609 4 31
610 4 31
611 4 31
612 4 31
613 4 31
614 4 31
615 4 31
616 4 31
617 4 31
618 4 32
619 4 32
620 4 32
621 4 32
622 4 32
623 4 32
624 4 32
625 4 32
626 4 32
627 4 33
628 4 33
629 4 33
630 4 33
631 4 33
632 4 33
633 4 33
634 4 34
635 4 34
636 4 34
637 4 34
638 4 34
639 4 34
640 4 34
641 4 35
642 4 35
643 4 35
644 4 35
645 4 35
646 4 35
647 4 35
648 4 35
649 5 35
650 5 35
651 5 35
652 5 35
653 5 35
654 5 35
655 5 35
656 5 35
657 5 35
658 5 35
659 5 35
660 5 35
661 5 35
662 5 35
663 5 35
664 5 35
665 5 35
666 5 35
667 5 35
668 5 36
669 5 36
670 5 36
671 5 36
672 5 36
673 5 36
674 5 36
675 5 36
676 5 36
677 5 36
678 5 36
679 5 36
680 5 36
681 5 36
682 5 36
683 6 36
684 6 36
685 6 36
686 6 36
687 6 36
688 6 36
689 6 36
690 6 36
691 6 36
692 6 36
693 6 36
694 6 36
695 6 36
696 6 36
697 6 36
698 6 36
699 6 37
700 6 37
701 6 36
702 6 36
703 6 36
704 7 36
705 7 36
706 7 36
707 7 36
708 7 36
709 7 37
710 7 37
711 7 37
712 7 37
713 7 37
714 7 37
715 7 37
716 7 37
717 8 37
718 8 37
719 8 37
720 8 37
721 8 38
722 8 38
723 8 38
724 8 38
725 8 37
726 8 38
727 8 38
728 8 38
729 8 38
730 8 38
731 8 38
732 9 38
733 9 38
734 9 38
735 9 38
736 9 38
737 9 38
738 10 38
739 10 38
740 11 38
741 11 38
742 11 38
743 11 39
744 12 39
745 12 39
746 12 39
747 12 39
748 12 39
749 13 39
750 13 39
751 13 39
752 13 39
753 13 39
754 13 39
755 13 39
756 14 39
757 14 39
758 14 39
759 14 39
760 14 39
761 15 39
762 17 39
763 17 39
764 18 39
765 18 39
766 18 40
767 18 40
768 22 40
769 26 40
770 33 40
771 33 40
772 33 40
773 33 40
774 36 40
775 36 39
776 39 40
777 41 40
778 42 40
779 43 40
780 44 40
781 100 40
