0 0 0
1 0 0
2 0 0
3 0 0
4 0 0
5 0 0
6 0 0
7 0 0
8 0 0
9 0 0
10 0 0
11 0 0
12 0 0
13 0 0
14 0 0
15 0 0
16 0 0
17 0 0
18 0 0
19 0 14
20 0 14
21 0 14
22 0 14
23 0 14
24 0 14
25 0 14
26 0 14
27 0 25
28 0 25
29 0 25
30 0 25
31 0 25
32 0 33
33 0 33
34 0 33
35 0 30
36 0 30
37 0 30
38 0 30
39 0 30
40 0 27
41 0 27
42 0 27
43 0 27
44 0 27
45 0 27
46 0 33
47 0 33
48 0 38
49 0 38
50 0 42
51 0 42
52 0 42
53 0 42
54 0 42
55 0 42
56 0 42
57 0 46
58 0 46
59 0 46
60 0 46
61 0 46
62 0 43
63 0 43
64 0 47
65 0 47
66 0 47
67 0 47
68 0 47
69 0 47
70 0 47
71 0 47
72 0 44
73 0 44
74 0 44
75 0 44
76 0 42
77 0 40
78 0 40
79 0 40
80 0 40
81 0 38
82 0 36
83 0 36
84 0 34
85 0 34
86 0 33
87 0 32
88 0 32
89 0 30
90 0 29
91 0 29
92 0 29
93 0 29
94 0 32
95 0 31
96 0 31
97 0 31
98 0 31
99 0 33
100 0 33
101 0 33
102 0 32
103 0 32
104 0 32
105 0 31
106 0 33
107 0 33
108 0 33
109 0 33
110 0 32
111 0 32
112 0 34
113 0 33
114 0 33
115 0 33
116 0 33
117 0 33
118 0 32
119 0 31
120 0 31
121 0 33
122 0 35
123 0 34
124 0 34
125 0 34
126 0 34
127 0 34
128 0 33
129 0 33
130 0 34
131 0 36
132 0 36
133 0 36
134 0 36
135 0 36
136 0 35
137 0 34
138 0 36
139 0 35
140 0 35
141 0 36
142 0 36
143 0 36
144 0 36
145 0 36
146 0 36
147 0 36
148 0 35
149 0 35
150 0 36
151 0 35
152 0 35
153 0 35
154 0 35
155 0 35
156 0 34
157 0 35
158 0 35
159 0 35
160 0 36
161 0 37
162 0 37
163 0 37
164 0 37
165 0 37
166 0 37
167 0 37
168 0 36
169 0 36
170 0 36
171 0 36
172 0 36
173 0 35
174 0 35
175 0 35
176 0 36
177 0 35
178 0 35
179 0 34
180 0 34
181 0 33
182 0 33
183 0 33
184 0 33
185 0 33
186 0 33
187 0 33
188 0 33
189 0 32
190 0 32
191 0 32
192 0 32
193 0 32
194 0 32
195 0 32
196 0 31
197 0 31
198 0 31
199 0 31
200 0 31
201 0 31
202 0 31
203 0 31
204 0 30
205 0 30
206 0 29
207 0 29
208 0 29
209 0 29
210 0 29
211 0 30
212 0 30
213 0 30
214 0 30
215 0 30
216 0 30
217 0 30
218 0 30
219 0 30
220 0 30
221 0 30
222 0 30
223 0 30
224 0 30
225 0 29
226 0 29
227 0 29
228 0 30
229 0 30
230 0 30
231 0 29
232 0 29
233 0 30
234 0 30
235 0 30
236 0 30
237 0 30
238 0 29
239 0 29
240 0 29
241 0 29
242 0 28
243 0 28
244 0 28
245 0 27
246 0 27
247 0 28
248 0 28
249 0 28
250 0 28
251 0 28
252 0 27
253 0 27
254 0 27
255 0 27
256 0 27
257 0 26
258 0 26
259 0 26
260 0 26
261 0 26
262 0 26
263 0 26
264 0 26
265 0 26
266 0 26
267 0 25
268 0 25
269 0 26
270 0 26
271 0 26
272 0 26
273 0 26
274 0 27
275 0 27
276 0 27
277 0 27
278 0 27
279 0 27
280 0 27
281 0 27
282 0 27
283 0 27
284 0 27
285 0 27
286 0 28
287 0 28
288 0 28
289 0 27
290 0 27
291 0 27
292 0 27
293 0 28
294 0 29
295 0 28
296 1 28
297 1 28
298 1 28
299 1 28
300 1 28
301 1 28
302 1 29
303 1 29
304 1 29
305 1 29
306 1 28
307 1 29
308 1 29
309 1 29
310 1 29
311 1 29
312 1 29
313 1 29
314 1 29
315 1 29
316 1 29
317 1 29
318 1 29
319 1 29
320 1 29
321 1 29
322 1 29
323 1 29
324 1 29
325 1 29
326 1 29
327 1 28
328 1 28
329 1 28
330 1 28
331 1 28
332 1 28
333 1 28
334 1 28
335 1 29
336 1 29
337 1 29
338 1 28
339 1 28
340 1 28
341 1 28
342 1 28
343 1 28
344 1 28
345 1 28
346 1 28
347 1 28
348 1 28
349 1 28
350 1 28
351 1 28
352 1 28
353 1 28
354 1 29
355 1 29
356 1 29
357 1 29
358 1 29
359 1 29
360 1 29
361 1 29
362 1 29
363 1 29
364 1 29
365 1 29
366 1 29
367 1 29
368 1 29
369 1 30
370 1 29
371 1 30
372 1 30
373 1 29
374 1 30
375 1 30
376 1 30
377 1 30
378 1 29
379 1 29
380 1 29
381 1 29
382 1 30
383 1 30
384 1 30
385 1 29
386 1 29
387 1 29
388 1 29
389 1 29
390 1 29
391 1 29
392 1 29
393 1 29
394 1 29
395 1 29
396 1 30
397 1 30
398 1 30
399 1 30
400 1 30
401 1 30
402 1 30
403 1 31
404 1 31
405 1 31
406 1 31
407 1 31
408 1 31
409 1 31
410 1 31
411 1 31
412 1 31
413 1 31
414 1 31
415 1 31
416 1 31
417 1 31
418 1 31
419 1 31
420 1 31
421 1 31
422 1 31
423 1 31
424 1 31
425 1 31
426 1 31
427 1 31
428 1 31
429 1 31
430 1 31
431 1 31
432 1 30
433 1 30
434 1 30
435 1 30
436 1 30
437 1 30
438 1 30
439 1 30
440 1 30
441 1 30
442 1 30
443 1 30
444 1 30
445 2 30
446 2 30
447 2 30
448 2 30
449 2 30
450 2 30
451 2 30
452 2 30
453 2 30
454 2 30
455 2 31
456 2 31
457 2 31
458 2 31
459 2 31
460 2 31
461 2 31
462 2 31
463 2 31
464 2 32
465 2 32
466 2 31
467 2 31
468 2 31
469 2 31
470 2 31
471 2 32
472 2 32
473 2 31
474 2 31
475 2 31
476 2 31
477 2 31
478 2 31
479 2 31
480 2 32
481 2 32
482 2 32
483 2 32
484 2 32
485 2 32
486 2 32
487 2 32
488 2 32
489 2 32
490 2 32
491 2 32
492 2 32
493 2 32
494 2 32
495 2 33
496 2 33
497 2 33
498 2 33
499 2 33
500 2 34
501 2 33
502 2 33
503 2 33
504 2 33
505 2 33
506 2 33
507 2 33
508 2 33
509 2 33
510 2 33
511 2 33
512 2 33
513 2 33
514 2 33
515 2 33
516 2 34
517 2 33
518 2 33
519 2 33
520 2 33
521 2 33
522 2 33
523 2 33
524 2 33
525 2 33
526 2 33
527 2 33
528 2 33
529 2 33
530 2 33
531 2 33
532 2 33
533 2 33
534 2 33
535 2 33
536 2 33
537 2 33
538 2 33
539 2 33
540 2 33
541 3 34
542 3 34
543 3 34
544 3 34
545 3 34
546 3 34
547 3 34
548 3 34
549 3 34
550 3 34
551 3 34
552 3 34
553 3 34
554 3 34
555 3 34
556 3 34
557 3 34
558 3 34
559 3 34
560 3 33
561 3 34
562 3 34
563 3 34
564 3 33
565 3 33
566 3 33
567 3 33
568 3 33
569 3 33
570 3 33
571 3 33
572 3 33
573 3 33
574 3 33
575 3 33
576 3 33
577 3 33
578 3 33
579 3 33
580 3 33
581 3 33
582 3 33
583 3 33
584 3 33
585 3 33
586 3 33
587 3 33
588 3 33
589 3 34
590 3 34
591 4 34
592 4 34
593 4 34
594 4 34
595 4 34
596 4 34
597 4 34
598 4 34
599 4 35
600 4 35
601 4 35
602 4 35
603 4 35
604 4 35
605 4 35
606 4 35
607 4 35
608 4 35
609 4 35
610 4 35
611 4 36
612 4 36
613 4 35
614 4 35
615 4 35
616 4 36
617 4 36
618 4 36
619 4 36
620 4 36
621 4 36
622 4 36
623 4 35
624 4 35
625 4 35
626 4 35
627 4 35
628 4 35
629 4 35
630 4 35
631 4 35
632 4 35
633 4 35
634 4 35
635 4 35
636 4 35
637 4 35
638 4 35
639 4 35
640 4 35
641 4 35
642 4 35
643 4 35
644 4 35
645 4 34
646 4 34
647 4 35
648 4 35
649 5 35
650 5 35
651 5 35
652 5 35
653 5 35
654 5 35
655 5 35
656 5 35
657 5 35
658 5 35
659 5 35
660 5 34
661 5 35
662 5 35
663 5 34
664 5 35
665 5 35
666 5 35
667 5 35
668 5 35
669 5 35
670 5 35
671 5 35
672 5 35
673 5 35
674 5 35
675 5 35
676 5 35
677 5 35
678 5 35
679 5 36
680 5 35
681 5 35
682 5 36
683 6 36
684 6 36
685 6 36
686 6 36
687 6 36
688 6 36
689 6 36
690 6 36
691 6 36
692 6 36
693 6 36
694 6 36
695 6 36
696 6 36
697 6 37
698 6 37
699 6 37
700 6 37
701 6 36
702 6 36
703 6 37
704 7 37
705 7 37
706 7 37
707 7 37
708 7 37
709 7 37
710 7 37
711 7 37
712 7 37
713 7 37
714 7 37
715 7 37
716 7 38
717 8 37
718 8 38
719 8 38
720 8 38
721 8 38
722 8 38
723 8 38
724 8 38
725 8 38
726 8 38
727 8 39
728 8 39
729 8 39
730 8 39
731 8 39
732 9 39
733 9 39
734 9 39
735 9 39
736 9 40
737 9 40
738 10 40
739 10 40
740 11 40
741 11 40
742 11 40
743 11 40
744 12 40
745 12 40
746 12 40
747 12 40
748 12 41
749 13 40
750 13 41
751 13 41
752 13 41
753 13 41
754 13 41
755 13 41
756 14 41
757 14 41
758 14 41
759 14 41
760 14 41
761 15 42
762 17 42
763 17 42
764 18 42
765 18 42
766 18 42
767 18 42
768 22 42
769 26 42
770 33 42
771 33 43
772 33 43
773 33 43
774 36 43
775 36 43
776 39 43
777 41 43
778 42 44
779 43 44
780 44 44
781 100 44
