0 0 0
1 0 0
2 0 0
3 0 0
4 0 0
5 0 0
6 0 0
7 0 0
8 0 0
9 0 0
10 0 0
11 0 0
12 0 0
13 0 0
14 0 0
15 0 0
16 0 0
17 0 0
18 0 0
19 0 0
20 0 0
21 0 0
22 0 0
23 0 0
24 0 0
25 0 0
26 0 0
27 0 0
28 0 0
29 0 0
30 0 0
31 0 0
32 0 0
33 0 0
34 0 0
35 0 0
36 0 0
37 0 0
38 0 0
39 0 0
40 0 0
41 0 0
42 0 0
43 0 0
44 0 0
45 0 0
46 0 0
47 0 0
48 0 0
49 0 0
50 0 0
51 0 0
52 0 0
53 0 0
54 0 0
55 0 0
56 0 0
57 0 0
58 0 0
59 0 0
60 0 0
61 0 0
62 0 0
63 0 0
64 0 0
65 0 0
66 0 0
67 0 0
68 0 0
69 0 0
70 0 0
71 0 0
72 0 0
73 0 0
74 0 0
75 0 0
76 0 0
77 0 0
78 0 0
79 0 0
80 0 0
81 0 0
82 0 0
83 0 0
84 0 0
85 0 0
86 0 4
87 0 4
88 0 4
89 0 3
90 0 3
91 0 3
92 0 3
93 0 3
94 0 3
95 0 3
96 0 3
97 0 3
98 0 3
99 0 3
100 0 3
101 0 3
102 0 3
103 0 3
104 0 3
105 0 3
106 0 6
107 0 6
108 0 6
109 0 6
110 0 8
111 0 8
112 0 8
113 0 8
114 0 8
115 0 8
116 0 8
117 0 8
118 0 10
119 0 13
120 0 13
121 0 12
122 0 12
123 0 14
124 0 14
125 0 14
126 0 14
127 0 14
128 0 14
129 0 14
130 0 13
131 0 13
132 0 13
133 0 13
134 0 13
135 0 13
136 0 15
137 0 17
138 0 17
139 0 16
140 0 16
141 0 16
142 0 16
143 0 16
144 0 16
145 0 16
146 0 16
147 0 16
148 0 15
149 0 15
150 0 15
151 0 15
152 0 15
153 0 15
154 0 14
155 0 14
156 0 14
157 0 16
158 0 16
159 0 16
160 0 17
161 0 18
162 0 18
163 0 18
164 0 18
165 0 18
166 0 18
167 0 18
168 0 18
169 0 18
170 0 18
171 0 18
172 0 18
173 0 17
174 0 17
175 0 17
176 0 17
177 0 17
178 0 16
179 0 16
180 0 16
181 0 16
182 0 16
183 0 16
184 0 15
185 0 15
186 0 15
187 0 15
188 0 15
189 0 15
190 0 15
191 0 15
192 0 15
193 0 15
194 0 15
195 0 15
196 0 15
197 0 15
198 0 15
199 0 15
200 0 15
201 0 14
202 0 14
203 0 14
204 0 16
205 0 15
206 0 15
207 0 15
208 0 16
209 0 16
210 0 16
211 0 16
212 0 16
213 0 16
214 0 16
215 0 15
216 0 15
217 0 15
218 0 15
219 0 15
220 0 15
221 0 15
222 0 15
223 0 15
224 0 15
225 0 16
226 0 16
227 0 16
228 0 16
229 0 16
230 0 16
231 0 16
232 0 16
233 0 15
234 0 15
235 0 15
236 0 15
237 0 15
238 0 15
239 0 15
240 0 15
241 0 15
242 0 14
243 0 14
244 0 15
245 0 15
246 0 15
247 0 16
248 0 16
249 0 16
250 0 16
251 0 16
252 0 15
253 0 15
254 0 15
255 0 15
256 0 15
257 0 15
258 0 15
259 0 15
260 0 15
261 0 15
262 0 15
263 0 15
264 0 14
265 0 14
266 0 14
267 0 14
268 0 14
269 0 14
270 0 14
271 0 14
272 0 14
273 0 14
274 0 15
275 0 15
276 0 16
277 0 16
278 0 16
279 0 17
280 0 17
281 0 18
282 0 18
283 0 18
284 0 18
285 0 18
286 0 18
287 0 19
288 0 19
289 0 19
290 0 19
291 0 19
292 0 19
293 0 19
294 0 20
295 0 19
296 1 19
297 1 19
298 1 19
299 1 19
300 1 19
301 1 19
302 1 19
303 1 19
304 1 19
305 1 19
306 1 19
307 1 19
308 1 20
309 1 20
310 1 20
311 1 20
312 1 19
313 1 20
314 1 21
315 1 21
316 1 21
317 1 21
318 1 21
319 1 21
320 1 21
321 1 21
322 1 21
323 1 21
324 1 21
325 1 21
326 1 21
327 1 21
328 1 21
329 1 20
330 1 20
331 1 20
332 1 20
333 1 20
334 1 20
335 1 20
336 1 20
337 1 20
338 1 20
339 1 20
340 1 20
341 1 20
342 1 20
343 1 20
344 1 20
345 1 20
346 1 20
347 1 20
348 1 20
349 1 20
350 1 20
351 1 20
352 1 20
353 1 20
354 1 20
355 1 20
356 1 21
357 1 21
358 1 21
359 1 21
360 1 20
361 1 20
362 1 20
363 1 20
364 1 20
365 1 20
366 1 20
367 1 20
368 1 20
369 1 20
370 1 20
371 1 20
372 1 19
373 1 19
374 1 20
375 1 20
376 1 20
377 1 21
378 1 21
379 1 22
380 1 21
381 1 21
382 1 21
383 1 21
384 1 22
385 1 22
386 1 22
387 1 22
388 1 23
389 1 23
390 1 23
391 1 23
392 1 23
393 1 23
394 1 23
395 1 23
396 1 23
397 1 23
398 1 23
399 1 23
400 1 24
401 1 24
402 1 24
403 1 24
404 1 24
405 1 25
406 1 25
407 1 25
408 1 25
409 1 25
410 1 24
411 1 24
412 1 24
413 1 24
414 1 25
415 1 25
416 1 25
417 1 25
418 1 25
419 1 25
420 1 25
421 1 26
422 1 26
423 1 26
424 1 26
425 1 26
426 1 26
427 1 26
428 1 26
429 1 26
430 1 26
431 1 27
432 1 26
433 1 26
434 1 26
435 1 27
436 1 27
437 1 27
438 1 27
439 1 27
440 1 26
441 1 26
442 1 26
443 1 26
444 1 27
445 2 27
446 2 27
447 2 27
448 2 27
449 2 27
450 2 27
451 2 27
452 2 28
453 2 28
454 2 28
455 2 28
456 2 28
457 2 28
458 2 28
459 2 28
460 2 28
461 2 29
462 2 29
463 2 29
464 2 28
465 2 28
466 2 29
467 2 29
468 2 29
469 2 29
470 2 29
471 2 28
472 2 28
473 2 28
474 2 28
475 2 29
476 2 29
477 2 29
478 2 29
479 2 29
480 2 29
481 2 29
482 2 29
483 2 29
484 2 29
485 2 29
486 2 29
487 2 29
488 2 29
489 2 29
490 2 29
491 2 29
492 2 29
493 2 29
494 2 29
495 2 30
496 2 30
497 2 30
498 2 30
499 2 30
500 2 31
501 2 30
502 2 30
503 2 30
504 2 30
505 2 30
506 2 30
507 2 30
508 2 30
509 2 31
510 2 31
511 2 31
512 2 31
513 2 31
514 2 30
515 2 30
516 2 31
517 2 31
518 2 31
519 2 31
520 2 32
521 2 32
522 2 31
523 2 31
524 2 31
525 2 31
526 2 31
527 2 31
528 2 31
529 2 31
530 2 31
531 2 31
532 2 31
533 2 31
534 2 31
535 2 31
536 2 31
537 2 31
538 2 31
539 2 32
540 2 32
541 3 32
542 3 32
543 3 32
544 3 32
545 3 32
546 3 32
547 3 32
548 3 32
549 3 32
550 3 32
551 3 32
552 3 32
553 3 32
554 3 32
555 3 32
556 3 31
557 3 31
558 3 31
559 3 31
560 3 31
561 3 31
562 3 31
563 3 31
564 3 31
565 3 31
566 3 31
567 3 31
568 3 31
569 3 31
570 3 31
571 3 31
572 3 31
573 3 31
574 3 31
575 3 31
576 3 31
577 3 31
578 3 31
579 3 31
580 3 31
581 3 31
582 3 31
583 3 31
584 3 30
585 3 31
586 3 31
587 3 31
588 3 31
589 3 30
590 3 30
591 4 30
592 4 30
593 4 30
594 4 30
595 4 30
596 4 30
597 4 30
598 4 30
599 4 31
600 4 31
601 4 30
602 4 30
603 4 30
604 4 30
605 4 30
606 4 30
607 4 30
608 4 31
609 4 31
610 4 30
611 4 30
612 4 30
613 4 30
614 4 30
615 4 30
616 4 30
617 4 30
618 4 30
619 4 30
620 4 30
621 4 30
622 4 30
623 4 31
624 4 31
625 4 31
626 4 31
627 4 31
628 4 31
629 4 31
630 4 31
631 4 31
632 4 31
633 4 31
634 4 31
635 4 31
636 4 32
637 4 32
638 4 32
639 4 32
640 4 32
641 4 32
642 4 32
643 4 32
644 4 32
645 4 31
646 4 31
647 4 32
648 4 32
649 5 32
650 5 31
651 5 32
652 5 32
653 5 32
654 5 32
655 5 32
656 5 32
657 5 33
658 5 33
659 5 32
660 5 32
661 5 33
662 5 33
663 5 33
664 5 33
665 5 33
666 5 32
667 5 32
668 5 32
669 5 32
670 5 32
671 5 32
672 5 32
673 5 32
674 5 32
675 5 32
676 5 32
677 5 32
678 5 32
679 5 32
680 5 33
681 5 33
682 5 33
683 6 33
684 6 33
685 6 34
686 6 34
687 6 34
688 6 34
689 6 34
690 6 34
691 6 34
692 6 34
693 6 34
694 6 34
695 6 34
696 6 34
697 6 35
698 6 35
699 6 35
700 6 35
701 6 35
702 6 35
703 6 35
704 7 35
705 7 35
706 7 36
707 7 35
708 7 36
709 7 36
710 7 36
711 7 36
712 7 36
713 7 36
714 7 36
715 7 36
716 7 36
717 8 36
718 8 36
719 8 36
720 8 36
721 8 36
722 8 36
723 8 36
724 8 36
725 8 36
726 8 37
727 8 37
728 8 37
729 8 37
730 8 37
731 8 37
732 9 37
733 9 37
734 9 37
735 9 37
736 9 37
737 9 37
738 10 38
739 10 38
740 11 38
741 11 38
742 11 38
743 11 38
744 12 38
745 12 38
746 12 39
747 12 38
748 12 39
749 13 38
750 13 39
751 13 39
752 13 39
753 13 39
754 13 39
755 13 39
756 14 39
757 14 39
758 14 39
759 14 39
760 14 39
761 15 39
762 17 39
763 17 40
764 18 40
765 18 40
766 18 40
767 18 40
768 22 40
769 26 40
770 33 40
771 33 40
772 33 40
773 33 41
774 36 41
775 36 41
776 39 41
777 41 41
778 42 41
779 43 41
780 44 41
781 100 42
