0 0 0
1 0 0
2 0 0
3 0 0
4 0 0
5 0 0
6 0 0
7 0 0
8 0 0
9 0 0
10 0 0
11 0 0
12 0 0
13 0 0
14 0 0
15 0 0
16 0 0
17 0 0
18 0 0
19 0 0
20 0 0
21 0 0
22 0 0
23 0 0
24 0 0
25 0 0
26 0 0
27 0 0
28 0 0
29 0 0
30 0 0
31 0 0
32 0 0
33 0 0
34 0 0
35 0 0
36 0 0
37 0 0
38 0 0
39 0 0
40 0 0
41 0 0
42 0 0
43 0 0
44 0 0
45 0 0
46 0 0
47 0 0
48 0 0
49 0 0
50 0 0
51 0 0
52 0 0
53 0 0
54 0 0
55 0 0
56 0 0
57 0 0
58 0 0
59 0 0
60 0 0
61 0 0
62 0 0
63 0 0
64 0 0
65 0 0
66 0 0
67 0 0
68 0 0
69 0 0
70 0 0
71 0 0
72 0 0
73 0 0
74 0 0
75 0 0
76 0 0
77 0 0
78 0 0
79 0 0
80 0 0
81 0 0
82 0 0
83 0 0
84 0 0
85 0 0
86 0 0
87 0 0
88 0 0
89 0 0
90 0 0
91 0 0
92 0 0
93 0 0
94 0 0
95 0 0
96 0 0
97 0 0
98 0 0
99 0 0
100 0 0
101 0 0
102 0 0
103 0 0
104 0 0
105 0 0
106 0 0
107 0 0
108 0 0
109 0 0
110 0 0
111 0 0
112 0 0
113 0 0
114 0 0
115 0 0
116 0 0
117 0 0
118 0 0
119 0 0
120 0 0
121 0 0
122 0 0
123 0 0
124 0 0
125 0 0
126 0 0
127 0 0
128 0 0
129 0 0
130 0 0
131 0 0
132 0 0
133 0 0
134 0 0
135 0 0
136 0 2
137 0 4
138 0 4
139 0 4
140 0 4
141 0 4
142 0 4
143 0 4
144 0 4
145 0 4
146 0 4
147 0 4
148 0 3
149 0 3
150 0 3
151 0 3
152 0 3
153 0 3
154 0 3
155 0 3
156 0 3
157 0 3
158 0 3
159 0 3
160 0 3
161 0 3
162 0 3
163 0 3
164 0 3
165 0 3
166 0 3
167 0 3
168 0 3
169 0 3
170 0 3
171 0 3
172 0 3
173 0 3
174 0 3
175 0 3
176 0 3
177 0 3
178 0 3
179 0 3
180 0 2
181 0 2
182 0 2
183 0 2
184 0 2
185 0 2
186 0 2
187 0 2
188 0 2
189 0 4
190 0 4
191 0 4
192 0 4
193 0 4
194 0 4
195 0 4
196 0 4
197 0 4
198 0 4
199 0 4
200 0 4
201 0 4
202 0 4
203 0 4
204 0 5
205 0 5
206 0 5
207 0 5
208 0 5
209 0 5
210 0 5
211 0 5
212 0 5
213 0 5
214 0 4
215 0 4
216 0 4
217 0 4
218 0 4
219 0 4
220 0 4
221 0 4
222 0 4
223 0 4
224 0 4
225 0 5
226 0 5
227 0 5
228 0 5
229 0 5
230 0 5
231 0 5
232 0 5
233 0 5
234 0 5
235 0 5
236 0 5
237 0 5
238 0 5
239 0 5
240 0 5
241 0 5
242 0 5
243 0 5
244 0 6
245 0 6
246 0 6
247 0 6
248 0 6
249 0 6
250 0 6
251 0 6
252 0 5
253 0 5
254 0 5
255 0 5
256 0 5
257 0 5
258 0 5
259 0 5
260 0 5
261 0 5
262 0 5
263 0 5
264 0 5
265 0 5
266 0 5
267 0 6
268 0 6
269 0 6
270 0 6
271 0 6
272 0 6
273 0 6
274 0 7
275 0 7
276 0 8
277 0 8
278 0 8
279 0 9
280 0 9
281 0 9
282 0 9
283 0 9
284 0 9
285 0 9
286 0 10
287 0 11
288 0 11
289 0 11
290 0 11
291 0 11
292 0 11
293 0 11
294 0 12
295 0 13
296 1 13
297 1 13
298 1 13
299 1 13
300 1 13
301 1 13
302 1 13
303 1 12
304 1 12
305 1 12
306 1 12
307 1 13
308 1 13
309 1 13
310 1 13
311 1 13
312 1 12
313 1 12
314 1 13
315 1 13
316 1 13
317 1 13
318 1 13
319 1 13
320 1 13
321 1 13
322 1 13
323 1 13
324 1 13
325 1 13
326 1 13
327 1 13
328 1 13
329 1 12
330 1 12
331 1 12
332 1 12
333 1 12
334 1 12
335 1 12
336 1 12
337 1 12
338 1 12
339 1 12
340 1 12
341 1 12
342 1 12
343 1 12
344 1 12
345 1 12
346 1 12
347 1 12
348 1 12
349 1 12
350 1 12
351 1 12
352 1 12
353 1 12
354 1 13
355 1 13
356 1 12
357 1 12
358 1 12
359 1 12
360 1 13
361 1 13
362 1 13
363 1 13
364 1 13
365 1 13
366 1 13
367 1 13
368 1 12
369 1 12
370 1 12
371 1 12
372 1 12
373 1 13
374 1 13
375 1 13
376 1 13
377 1 14
378 1 14
379 1 15
380 1 15
381 1 15
382 1 15
383 1 15
384 1 15
385 1 16
386 1 16
387 1 17
388 1 17
389 1 17
390 1 17
391 1 17
392 1 17
393 1 17
394 1 17
395 1 17
396 1 18
397 1 18
398 1 18
399 1 18
400 1 18
401 1 19
402 1 19
403 1 19
404 1 19
405 1 19
406 1 19
407 1 19
408 1 19
409 1 19
410 1 19
411 1 19
412 1 19
413 1 19
414 1 19
415 1 20
416 1 20
417 1 20
418 1 20
419 1 21
420 1 21
421 1 21
422 1 21
423 1 21
424 1 21
425 1 21
426 1 21
427 1 21
428 1 21
429 1 21
430 1 22
431 1 22
432 1 22
433 1 22
434 1 22
435 1 22
436 1 23
437 1 23
438 1 23
439 1 23
440 1 23
441 1 23
442 1 23
443 1 23
444 1 23
445 2 23
446 2 23
447 2 23
448 2 23
449 2 23
450 2 23
451 2 23
452 2 23
453 2 23
454 2 24
455 2 24
456 2 24
457 2 24
458 2 24
459 2 24
460 2 24
461 2 24
462 2 25
463 2 24
464 2 24
465 2 24
466 2 24
467 2 24
468 2 24
469 2 24
470 2 24
471 2 24
472 2 24
473 2 24
474 2 24
475 2 24
476 2 24
477 2 24
478 2 24
479 2 24
480 2 24
481 2 24
482 2 24
483 2 24
484 2 24
485 2 24
486 2 23
487 2 23
488 2 23
489 2 23
490 2 23
491 2 23
492 2 24
493 2 24
494 2 24
495 2 24
496 2 24
497 2 24
498 2 24
499 2 24
500 2 24
501 2 25
502 2 25
503 2 24
504 2 24
505 2 24
506 2 25
507 2 24
508 2 24
509 2 25
510 2 25
511 2 25
512 2 25
513 2 25
514 2 25
515 2 25
516 2 25
517 2 25
518 2 25
519 2 25
520 2 26
521 2 26
522 2 25
523 2 25
524 2 25
525 2 25
526 2 25
527 2 25
528 2 25
529 2 25
530 2 25
531 2 25
532 2 26
533 2 26
534 2 26
535 2 26
536 2 26
537 2 26
538 2 26
539 2 26
540 2 26
541 3 26
542 3 26
543 3 26
544 3 27
545 3 27
546 3 27
547 3 27
548 3 27
549 3 27
550 3 27
551 3 27
552 3 27
553 3 27
554 3 27
555 3 27
556 3 28
557 3 28
558 3 28
559 3 28
560 3 28
561 3 28
562 3 28
563 3 28
564 3 28
565 3 28
566 3 28
567 3 28
568 3 28
569 3 28
570 3 29
571 3 29
572 3 29
573 3 29
574 3 29
575 3 29
576 3 29
577 3 29
578 3 29
579 3 29
580 3 29
581 3 29
582 3 29
583 3 29
584 3 29
585 3 29
586 3 29
587 3 29
588 3 29
589 3 29
590 3 29
591 4 30
592 4 30
593 4 30
594 4 30
595 4 30
596 4 30
597 4 30
598 4 31
599 4 31
600 4 31
601 4 30
602 4 30
603 4 31
604 4 31
605 4 31
606 4 31
607 4 31
608 4 32
609 4 32
610 4 31
611 4 32
612 4 32
613 4 32
614 4 32
615 4 32
616 4 32
617 4 32
618 4 32
619 4 32
620 4 32
621 4 32
622 4 32
623 4 33
624 4 33
625 4 33
626 4 33
627 4 33
628 4 33
629 4 33
630 4 33
631 4 33
632 4 33
633 4 33
634 4 33
635 4 33
636 4 34
637 4 34
638 4 34
639 4 34
640 4 34
641 4 34
642 4 34
643 4 34
644 4 35
645 4 35
646 4 35
647 4 35
648 4 35
649 5 35
650 5 35
651 5 35
652 5 35
653 5 35
654 5 36
655 5 36
656 5 36
657 5 36
658 5 36
659 5 36
660 5 36
661 5 36
662 5 36
663 5 36
664 5 36
665 5 37
666 5 37
667 5 37
668 5 37
669 5 37
670 5 37
671 5 37
672 5 37
673 5 37
674 5 37
675 5 37
676 5 37
677 5 38
678 5 38
679 5 38
680 5 38
681 5 38
682 5 38
683 6 38
684 6 38
685 6 38
686 6 38
687 6 38
688 6 38
689 6 38
690 6 39
691 6 39
692 6 39
693 6 39
694 6 39
695 6 39
696 6 39
697 6 39
698 6 39
699 6 39
700 6 39
701 6 39
702 6 39
703 6 40
704 7 40
705 7 40
706 7 40
707 7 40
708 7 40
709 7 41
710 7 41
711 7 41
712 7 41
713 7 41
714 7 41
715 7 41
716 7 41
717 8 41
718 8 41
719 8 42
720 8 42
721 8 42
722 8 42
723 8 42
724 8 42
725 8 42
726 8 42
727 8 42
728 8 42
729 8 43
730 8 43
731 8 43
732 9 43
733 9 43
734 9 43
735 9 43
736 9 44
737 9 44
738 10 44
739 10 44
740 11 44
741 11 44
742 11 44
743 11 44
744 12 45
745 12 45
746 12 45
747 12 45
748 12 45
749 13 45
750 13 45
751 13 45
752 13 45
753 13 46
754 13 46
755 13 46
756 14 46
757 14 46
758 14 46
759 14 46
760 14 46
761 15 46
762 17 46
763 17 46
764 18 47
765 18 47
766 18 47
767 18 47
768 22 47
769 26 47
770 33 47
771 33 47
772 33 47
773 33 48
774 36 48
775 36 48
776 39 48
777 41 48
778 42 48
779 43 48
780 44 48
781 100 48
