0 0 0
1 0 0
2 0 0
3 0 0
4 0 0
5 0 0
6 0 0
7 0 0
8 0 0
9 0 33
10 0 33
11 0 33
12 0 33
13 0 33
14 0 33
15 0 50
16 0 60
17 0 60
18 0 66
19 0 66
20 0 71
21 0 71
22 0 71
23 0 71
24 0 71
25 0 71
26 0 71
27 0 71
28 0 71
29 0 71
30 0 71
31 0 71
32 0 71
33 0 75
34 0 75
35 0 75
36 0 77
37 0 77
38 0 80
39 0 80
40 0 80
41 0 80
42 0 81
43 0 81
44 0 81
45 0 83
46 0 84
47 0 84
48 0 84
49 0 85
50 0 86
51 0 86
52 0 86
53 0 87
54 0 88
55 0 88
56 0 88
57 0 88
58 0 88
59 0 88
60 0 88
61 0 88
62 0 88
63 0 88
64 0 88
65 0 89
66 0 90
67 0 90
68 0 90
69 0 90
70 0 90
71 0 90
72 0 90
73 0 90
74 0 90
75 0 90
76 0 90
77 0 91
78 0 91
79 0 91
80 0 91
81 0 91
82 0 91
83 0 92
84 0 92
85 0 92
86 0 92
87 0 92
88 0 92
89 0 92
90 0 92
91 0 92
92 0 92
93 0 92
94 0 92
95 0 92
96 0 93
97 0 93
98 0 93
99 0 93
100 0 93
101 0 93
102 0 93
103 0 93
104 0 93
105 0 90
106 0 90
107 0 90
108 0 90
109 0 91
110 0 91
111 0 91
112 0 88
113 0 88
114 0 86
115 0 84
116 0 84
117 0 84
118 0 84
119 0 84
120 0 82
121 0 80
122 0 80
123 0 80
124 0 80
125 0 78
126 0 76
127 0 75
128 0 75
129 0 73
130 0 73
131 0 71
132 0 70
133 0 70
134 0 71
135 0 71
136 0 71
137 0 71
138 0 71
139 0 71
140 0 71
141 0 71
142 0 71
143 0 72
144 0 72
145 0 72
146 0 71
147 0 71
148 0 71
149 0 71
150 0 71
151 0 71
152 0 71
153 0 71
154 0 72
155 0 72
156 0 72
157 0 70
158 0 70
159 0 70
160 0 71
161 0 71
162 0 71
163 0 71
164 0 71
165 0 71
166 0 72
167 0 72
168 0 73
169 0 73
170 0 73
171 0 73
172 0 73
173 0 73
174 0 73
175 0 73
176 0 73
177 0 72
178 0 72
179 0 72
180 0 73
181 0 73
182 0 73
183 0 73
184 0 71
185 0 71
186 0 72
187 0 72
188 0 72
189 0 73
190 0 73
191 0 73
192 0 73
193 0 73
194 0 73
195 0 73
196 0 73
197 0 73
198 0 73
199 0 73
200 0 73
201 0 74
202 0 74
203 0 74
204 0 74
205 0 74
206 0 74
207 0 74
208 0 74
209 0 74
210 0 74
211 0 74
212 0 74
213 0 74
214 0 74
215 0 74
216 0 75
217 0 75
218 0 73
219 0 73
220 0 73
221 0 73
222 0 73
223 0 74
224 0 74
225 0 74
226 0 73
227 0 74
228 0 74
229 0 74
230 0 73
231 0 73
232 0 73
233 0 73
234 0 73
235 0 73
236 0 74
237 0 74
238 0 74
239 0 74
240 0 74
241 0 74
242 0 74
243 0 73
244 0 73
245 0 73
246 0 73
247 0 72
248 0 73
249 0 72
250 0 72
251 0 72
252 0 72
253 0 73
254 0 73
255 0 73
256 0 73
257 0 73
258 0 73
259 0 72
260 0 72
261 0 72
262 0 72
263 0 71
264 0 71
265 0 72
266 0 72
267 0 71
268 0 71
269 0 71
270 0 71
271 0 71
272 0 71
273 0 71
274 0 71
275 0 71
276 0 71
277 0 71
278 0 71
279 0 71
280 0 71
281 0 70
282 0 70
283 0 69
284 0 69
285 0 69
286 0 69
287 0 70
288 0 70
289 0 69
290 0 69
291 0 69
292 0 69
293 0 69
294 0 69
295 0 69
296 0 69
297 0 69
298 0 70
299 0 70
300 0 70
301 0 70
302 0 70
303 0 70
304 0 70
305 0 70
306 0 69
307 0 68
308 0 68
309 0 68
310 0 68
311 0 68
312 0 68
313 0 68
314 0 68
315 0 68
316 0 68
317 0 68
318 0 68
319 0 68
320 0 68
321 0 68
322 0 68
323 0 67
324 0 67
325 0 68
326 0 68
327 0 67
328 0 67
329 0 67
330 0 67
331 0 67
332 0 68
333 0 68
334 0 68
335 0 68
336 0 67
337 0 67
338 0 66
339 0 66
340 0 65
341 0 66
342 0 66
343 0 66
344 0 66
345 0 66
346 0 65
347 0 65
348 0 65
349 0 65
350 0 65
351 0 65
352 0 65
353 0 65
354 0 65
355 0 65
356 0 65
357 0 65
358 0 64
359 0 64
360 0 64
361 0 64
362 0 64
363 0 65
364 0 65
365 0 65
366 0 65
367 0 65
368 0 65
369 0 65
370 0 64
371 0 64
372 0 64
373 0 64
374 0 64
375 0 64
376 0 64
377 0 64
378 0 64
379 0 64
380 0 64
381 0 65
382 0 65
383 0 65
384 0 65
385 0 64
386 0 64
387 0 64
388 0 63
389 0 63
390 0 63
391 0 63
392 0 63
393 0 63
394 0 63
395 0 62
396 0 62
397 0 62
398 0 61
399 0 61
400 0 61
401 0 61
402 0 61
403 0 61
404 0 61
405 0 61
406 0 61
407 0 61
408 0 61
409 0 61
410 0 61
411 0 61
412 0 61
413 0 61
414 0 61
415 0 61
416 0 61
417 0 61
418 0 61
419 0 60
420 0 60
421 0 61
422 0 60
423 0 60
424 0 60
425 0 60
426 0 60
427 0 60
428 0 60
429 0 60
430 0 60
431 0 59
432 0 59
433 0 58
434 0 58
435 0 59
436 0 59
437 0 59
438 0 58
439 0 58
440 0 58
441 0 57
442 0 57
443 0 57
444 0 57
445 0 57
446 0 57
447 0 57
448 0 57
449 0 57
450 0 57
451 0 57
452 0 57
453 0 57
454 0 57
455 0 57
456 0 57
457 0 57
458 0 57
459 0 57
460 0 57
461 0 57
462 0 57
463 0 57
464 0 56
465 0 56
466 0 56
467 0 56
468 0 56
469 0 56
470 0 57
471 0 57
472 0 56
473 0 56
474 0 56
475 0 57
476 0 57
477 0 56
478 0 56
479 0 56
480 0 56
481 0 56
482 0 56
483 0 56
484 0 56
485 0 56
486 0 56
487 0 56
488 0 56
489 0 56
490 0 56
491 0 56
492 0 56
493 0 56
494 0 55
495 0 55
496 0 56
497 0 56
498 0 56
499 0 55
500 0 55
501 0 55
502 0 55
503 0 55
504 0 55
505 0 55
506 0 55
507 0 55
508 0 55
509 0 55
510 0 54
511 0 54
512 0 54
513 0 54
514 0 54
515 0 54
516 0 54
517 0 54
518 0 54
519 0 54
520 0 54
521 0 54
522 0 54
523 0 54
524 0 54
525 0 54
526 0 53
527 0 53
528 0 53
529 0 53
530 0 53
531 0 53
532 0 53
533 0 54
534 0 54
535 0 53
536 0 53
537 0 53
538 0 53
539 0 53
540 0 53
541 0 53
542 0 53
543 0 53
544 0 53
545 0 53
546 0 53
547 0 52
548 0 52
549 0 52
550 0 52
551 0 52
552 0 51
553 0 51
554 0 51
555 0 51
556 0 51
557 0 51
558 0 51
559 0 51
560 0 51
561 0 51
562 0 51
563 0 51
564 0 51
565 0 51
566 0 51
567 0 51
568 0 50
569 0 50
570 0 50
571 0 50
572 0 50
573 0 50
574 0 50
575 0 50
576 0 50
577 0 50
578 0 50
579 0 50
580 0 50
581 0 50
582 0 50
583 0 50
584 0 50
585 0 50
586 0 50
587 0 50
588 0 50
589 0 50
590 0 50
591 0 50
592 0 50
593 0 50
594 0 50
595 0 50
596 0 50
597 0 50
598 0 50
599 0 50
600 0 50
601 0 50
602 0 50
603 0 50
604 0 49
605 0 49
606 0 49
607 0 49
608 0 49
609 0 49
610 0 49
611 0 49
612 0 49
613 0 48
614 0 49
615 0 48
616 0 48
617 0 48
618 0 48
619 0 48
620 0 48
621 0 48
622 0 48
623 0 48
624 0 48
625 0 48
626 0 48
627 0 48
628 0 48
629 0 48
630 0 48
631 0 48
632 0 47
633 0 47
634 0 47
635 0 47
636 0 47
637 0 47
638 0 47
639 0 47
640 0 47
641 0 47
642 0 47
643 0 47
644 0 47
645 0 47
646 0 47
647 0 47
648 0 47
649 0 47
650 0 47
651 0 47
652 0 47
653 0 47
654 0 47
655 0 47
656 0 47
657 0 47
658 0 47
659 0 47
660 0 47
661 0 47
662 0 47
663 0 47
664 0 47
665 0 47
666 0 46
667 0 46
668 0 46
669 0 46
670 0 46
671 0 46
672 0 46
673 0 46
674 0 46
675 0 46
676 0 46
677 0 46
678 0 46
679 0 46
680 0 46
681 0 46
682 0 46
683 0 46
684 0 46
685 0 46
686 0 46
687 0 45
688 0 45
689 0 45
690 0 45
691 0 45
692 0 45
693 0 45
694 0 45
695 0 45
696 0 45
697 0 45
698 0 45
699 0 45
700 0 45
701 0 45
702 0 45
703 0 44
704 0 44
705 0 44
706 0 44
707 0 44
708 0 44
709 0 44
710 0 44
711 0 44
712 0 44
713 0 44
714 0 43
715 0 43
716 0 43
717 0 43
718 0 43
719 0 43
720 0 43
721 0 43
722 0 43
723 0 43
724 0 42
725 0 42
726 0 42
727 0 42
728 0 42
729 0 42
730 0 42
731 0 42
732 0 42
733 0 42
734 0 42
735 0 42
736 0 42
737 0 42
738 0 42
739 0 42
740 0 42
741 0 41
742 0 41
743 0 41
744 0 41
745 0 41
746 0 41
747 0 41
748 0 41
749 0 41
750 0 41
751 0 41
752 0 41
753 0 41
754 0 41
755 0 41
756 0 41
757 0 40
758 0 40
759 0 40
760 0 40
761 0 40
762 0 40
763 0 40
764 0 40
765 0 40
766 0 40
767 0 40
768 0 40
769 0 40
770 0 40
771 0 40
772 0 40
773 0 40
774 0 40
775 0 40
776 0 40
777 0 40
778 0 41
779 0 40
780 0 40
781 0 40
782 0 40
783 0 40
784 0 40
785 0 40
786 0 40
787 0 40
788 0 40
789 0 40
790 0 40
791 0 40
792 0 40
793 0 40
794 0 40
795 0 40
796 0 40
797 0 40
798 0 40
799 0 40
800 0 40
801 0 39
802 0 39
803 0 39
804 0 39
805 0 39
806 0 39
807 0 39
808 0 39
809 0 39
810 0 39
811 0 39
812 0 39
813 0 39
814 0 39
815 0 39
816 0 39
817 0 39
818 0 39
819 0 39
820 0 39
821 0 39
822 0 39
823 0 39
824 0 39
825 0 39
826 0 39
827 0 39
828 0 39
829 0 39
830 0 39
831 0 39
832 0 39
833 0 39
834 0 39
835 0 38
836 0 38
837 0 38
838 0 38
839 0 38
840 0 38
841 0 38
842 0 38
843 0 38
844 0 38
845 0 38
846 0 37
847 0 37
848 0 37
849 0 37
850 0 37
851 0 37
852 0 37
853 0 37
854 0 37
855 0 37
856 0 37
857 0 37
858 0 37
859 0 37
860 0 37
861 0 37
862 0 37
863 0 37
864 0 37
865 0 37
866 0 37
867 0 37
868 0 37
869 0 37
870 0 37
871 0 37
872 0 37
873 0 37
874 0 37
875 0 36
876 0 36
877 0 37
878 0 37
879 0 37
880 0 37
881 0 37
882 0 36
883 0 36
884 0 36
885 0 36
886 0 36
887 0 36
888 0 36
889 0 36
890 0 36
891 0 36
892 0 36
893 0 36
894 0 36
895 0 36
896 0 36
897 0 36
898 0 36
899 0 36
900 0 36
901 0 36
902 0 36
903 0 36
904 0 36
905 0 36
906 0 35
907 1 35
908 1 35
909 1 35
910 1 35
911 1 35
912 1 35
913 1 35
914 1 35
915 1 35
916 1 35
917 1 35
918 1 35
919 1 35
920 1 35
921 1 35
922 1 35
923 1 35
924 1 35
925 1 35
926 1 35
927 1 35
928 1 35
929 1 35
930 1 35
931 1 35
932 1 35
933 1 35
934 1 35
935 1 35
936 1 35
937 1 35
938 1 35
939 1 35
940 1 35
941 1 35
942 1 35
943 1 35
944 1 35
945 1 35
946 1 35
947 1 35
948 1 34
949 1 34
950 1 34
951 1 34
952 1 34
953 1 34
954 1 34
955 1 34
956 1 34
957 1 34
958 1 34
959 1 34
960 1 34
961 1 34
962 1 34
963 1 34
964 1 34
965 1 34
966 1 34
967 1 34
968 1 34
969 1 34
970 1 34
971 1 34
972 1 34
973 1 34
974 1 34
975 1 34
976 1 34
977 1 34
978 1 33
979 1 33
980 1 33
981 1 33
982 1 33
983 1 33
984 1 33
985 1 33
986 1 33
987 1 33
988 1 33
989 1 33
990 1 33
991 1 33
992 1 33
993 1 33
994 1 33
995 1 33
996 1 33
997 1 33
998 1 33
999 1 33
1000 1 33
1001 1 33
1002 1 33
1003 1 33
1004 1 33
1005 1 32
1006 1 32
1007 1 32
1008 1 32
1009 1 32
1010 1 32
1011 1 32
1012 1 32
1013 1 32
1014 1 32
1015 1 32
1016 1 32
1017 1 32
1018 1 32
1019 1 32
1020 1 32
1021 1 32
1022 1 32
1023 1 32
1024 1 32
1025 1 32
1026 1 32
1027 1 32
1028 1 32
1029 1 32
1030 1 32
1031 1 32
1032 1 32
1033 1 32
1034 1 32
1035 1 31
1036 1 31
1037 1 31
1038 1 31
1039 1 31
1040 1 31
1041 1 31
1042 1 31
1043 1 31
1044 1 31
1045 1 31
1046 1 31
1047 1 31
1048 1 31
1049 1 31
1050 1 31
1051 1 31
1052 1 31
1053 1 31
1054 1 31
1055 1 31
1056 1 31
1057 1 31
1058 1 31
1059 1 31
1060 1 31
1061 1 31
1062 1 31
1063 1 31
1064 1 31
1065 1 31
1066 1 31
1067 1 31
1068 1 30
1069 1 30
1070 1 30
1071 1 30
1072 1 30
1073 1 30
1074 1 30
1075 1 30
1076 1 30
1077 1 30
1078 1 30
1079 1 30
1080 1 30
1081 1 30
1082 1 30
1083 1 30
1084 1 30
1085 1 30
1086 1 30
1087 1 30
1088 1 30
1089 1 30
1090 1 30
1091 1 30
1092 1 30
1093 1 30
1094 1 30
1095 1 30
1096 1 30
1097 1 30
1098 1 30
1099 1 30
1100 1 30
1101 1 30
1102 1 30
1103 1 30
1104 1 30
1105 1 30
1106 1 30
1107 1 29
1108 1 29
1109 1 30
1110 1 30
1111 1 30
1112 1 30
1113 1 30
1114 1 30
1115 1 30
1116 1 30
1117 1 30
1118 1 30
1119 1 30
1120 1 30
1121 1 30
1122 1 30
1123 1 30
1124 1 30
1125 1 30
1126 1 30
1127 1 30
1128 1 30
1129 1 30
1130 1 30
1131 1 29
1132 1 29
1133 1 29
1134 1 29
1135 1 29
1136 1 29
1137 1 29
1138 1 29
1139 1 29
1140 1 29
1141 1 29
1142 1 29
1143 1 29
1144 1 29
1145 1 29
1146 1 29
1147 1 29
1148 1 29
1149 1 29
1150 1 29
1151 1 29
1152 1 29
1153 1 29
1154 1 29
1155 1 29
1156 1 28
1157 1 28
1158 1 28
1159 1 28
1160 1 28
1161 1 28
1162 1 28
1163 1 28
1164 1 28
1165 1 28
1166 1 28
1167 1 28
1168 1 28
1169 1 28
1170 1 28
1171 1 28
1172 1 28
1173 1 28
1174 1 28
1175 1 28
1176 1 28
1177 1 28
1178 1 28
1179 1 28
1180 1 28
1181 1 28
1182 1 28
1183 1 28
1184 1 28
1185 1 28
1186 1 28
1187 1 28
1188 1 28
1189 1 28
1190 1 28
1191 1 28
1192 1 28
1193 1 28
1194 1 28
1195 1 28
1196 1 28
1197 1 28
1198 1 28
1199 1 28
1200 1 28
1201 1 28
1202 1 28
1203 1 28
1204 1 28
1205 1 28
1206 1 28
1207 1 28
1208 1 28
1209 1 28
1210 1 28
1211 1 28
1212 1 28
1213 1 28
1214 1 28
1215 1 28
1216 1 28
1217 1 28
1218 1 28
1219 1 28
1220 1 28
1221 1 28
1222 1 28
1223 1 28
1224 1 28
1225 1 28
1226 1 28
1227 1 28
1228 1 28
1229 1 27
1230 1 27
1231 1 27
1232 1 27
1233 1 27
1234 1 27
1235 1 28
1236 1 28
1237 1 28
1238 1 28
1239 1 28
1240 1 28
1241 1 28
1242 1 28
1243 1 28
1244 1 27
1245 1 27
1246 1 27
1247 1 27
1248 1 27
1249 1 27
1250 1 27
1251 1 27
1252 1 27
1253 1 27
1254 1 27
1255 1 27
1256 1 27
1257 1 27
1258 1 27
1259 1 27
1260 1 27
1261 1 27
1262 1 27
1263 1 27
1264 1 27
1265 1 27
1266 1 27
1267 1 27
1268 1 27
1269 1 27
1270 1 27
1271 1 27
1272 1 27
1273 1 27
1274 1 27
1275 1 27
1276 1 27
1277 1 27
1278 1 27
1279 1 27
1280 1 27
1281 1 27
1282 1 27
1283 1 27
1284 1 27
1285 1 27
1286 1 27
1287 1 27
1288 1 27
1289 1 27
1290 1 27
1291 1 27
1292 2 27
1293 2 27
1294 2 27
1295 2 27
1296 2 27
1297 2 27
1298 2 27
1299 2 26
1300 2 26
1301 2 26
1302 2 26
1303 2 26
1304 2 26
1305 2 26
1306 2 26
1307 2 26
1308 2 26
1309 2 26
1310 2 26
1311 2 26
1312 2 26
1313 2 26
1314 2 26
1315 2 26
1316 2 26
1317 2 26
1318 2 26
1319 2 26
1320 2 26
1321 2 26
1322 2 26
1323 2 26
1324 2 26
1325 2 26
1326 2 26
1327 2 26
1328 2 26
1329 2 26
1330 2 26
1331 2 26
1332 2 26
1333 2 26
1334 2 26
1335 2 26
1336 2 26
1337 2 26
1338 2 26
1339 2 26
1340 2 26
1341 2 26
1342 2 26
1343 2 26
1344 2 26
1345 2 26
1346 2 26
1347 2 26
1348 2 26
1349 2 26
1350 2 26
1351 2 26
1352 2 26
1353 2 26
1354 2 26
1355 2 26
1356 2 26
1357 2 26
1358 2 26
1359 2 26
1360 2 26
1361 2 26
1362 2 26
1363 2 26
1364 2 26
1365 2 26
1366 2 26
1367 2 26
1368 2 26
1369 2 26
1370 2 26
1371 2 26
1372 2 25
1373 2 25
1374 2 25
1375 2 25
1376 2 25
1377 2 25
1378 2 25
1379 2 25
1380 2 25
1381 2 25
1382 2 25
1383 2 25
1384 2 25
1385 2 25
1386 2 25
1387 2 25
1388 2 25
1389 2 25
1390 2 25
1391 2 25
1392 2 25
1393 2 25
1394 2 25
1395 2 25
1396 2 25
1397 2 25
1398 2 25
1399 2 25
1400 2 25
1401 2 25
1402 2 25
1403 2 25
1404 2 25
1405 2 25
1406 2 25
1407 2 25
1408 2 25
1409 2 25
1410 2 25
1411 2 25
1412 2 25
1413 2 25
1414 2 25
1415 2 25
1416 2 25
1417 2 25
1418 2 25
1419 2 25
1420 2 25
1421 2 25
1422 2 25
1423 2 25
1424 2 25
1425 2 25
1426 2 25
1427 2 25
1428 2 25
1429 2 25
1430 2 25
1431 2 25
1432 2 25
1433 2 25
1434 2 25
1435 2 25
1436 2 25
1437 2 25
1438 2 25
1439 2 25
1440 2 25
1441 2 25
1442 2 25
1443 2 25
1444 2 25
1445 2 25
1446 2 25
1447 2 25
1448 2 25
1449 2 25
1450 2 25
1451 2 25
1452 2 25
1453 2 25
1454 2 25
1455 2 25
1456 2 25
1457 2 25
1458 2 25
1459 2 25
1460 2 25
1461 2 24
1462 2 24
1463 2 24
1464 2 24
1465 2 24
1466 2 24
1467 2 24
1468 2 24
1469 2 24
1470 2 24
1471 2 24
1472 2 24
1473 2 24
1474 2 24
1475 2 24
1476 2 24
1477 2 24
1478 2 24
1479 2 24
1480 2 24
1481 2 24
1482 2 24
1483 2 24
1484 2 24
1485 2 24
1486 2 24
1487 2 24
1488 2 24
1489 2 24
1490 2 24
1491 2 24
1492 2 24
1493 2 24
1494 2 24
1495 2 24
1496 2 24
1497 2 24
1498 2 24
1499 2 24
1500 2 24
1501 2 24
1502 2 24
1503 2 24
1504 2 24
1505 2 24
1506 2 24
1507 2 24
1508 2 24
1509 2 24
1510 2 24
1511 2 24
1512 2 24
1513 2 24
1514 2 23
1515 2 23
1516 2 23
1517 2 23
1518 2 23
1519 2 23
1520 2 23
1521 2 23
1522 2 23
1523 2 23
1524 2 23
1525 2 23
1526 2 23
1527 2 23
1528 2 23
1529 2 23
1530 2 23
1531 2 23
1532 2 23
1533 2 23
1534 2 23
1535 2 23
1536 2 23
1537 2 23
1538 2 23
1539 2 23
1540 2 23
1541 2 23
1542 2 23
1543 2 23
1544 2 23
1545 2 23
1546 2 23
1547 2 23
1548 2 23
1549 2 23
1550 2 23
1551 2 23
1552 2 23
1553 2 23
1554 2 23
1555 2 23
1556 2 23
1557 2 23
1558 2 23
1559 2 23
1560 2 23
1561 2 23
1562 2 23
1563 2 23
1564 2 23
1565 2 23
1566 2 23
1567 2 23
1568 2 23
1569 2 23
1570 2 23
1571 2 22
1572 2 22
1573 2 22
1574 2 22
1575 2 22
1576 2 22
1577 2 22
1578 2 22
1579 2 22
1580 2 22
1581 2 22
1582 2 22
1583 2 22
1584 3 22
1585 3 22
1586 3 22
1587 3 22
1588 3 22
1589 3 22
1590 3 22
1591 3 22
1592 3 22
1593 3 22
1594 3 22
1595 3 22
1596 3 22
1597 3 22
1598 3 22
1599 3 22
1600 3 22
1601 3 22
1602 3 22
1603 3 22
1604 3 22
1605 3 22
1606 3 22
1607 3 22
1608 3 22
1609 3 22
1610 3 22
1611 3 22
1612 3 22
1613 3 22
1614 3 22
1615 3 22
1616 3 22
1617 3 22
1618 3 22
1619 3 22
1620 3 22
1621 3 22
1622 3 22
1623 3 22
1624 3 22
1625 3 22
1626 3 22
1627 3 22
1628 3 22
1629 3 22
1630 3 22
1631 3 22
1632 3 22
1633 3 22
1634 3 22
1635 3 22
1636 3 22
1637 3 22
1638 3 22
1639 3 22
1640 3 22
1641 3 22
1642 3 22
1643 3 22
1644 3 22
1645 3 22
1646 3 22
1647 3 22
1648 3 22
1649 3 22
1650 3 22
1651 3 22
1652 3 22
1653 3 22
1654 3 22
1655 3 22
1656 3 22
1657 3 22
1658 3 22
1659 3 22
1660 3 22
1661 3 22
1662 3 22
1663 3 22
1664 3 22
1665 3 22
1666 3 22
1667 3 22
1668 3 22
1669 3 22
1670 3 22
1671 3 22
1672 3 22
1673 3 22
1674 3 22
1675 3 22
1676 3 22
1677 3 22
1678 3 22
1679 3 22
1680 3 22
1681 3 22
1682 3 22
1683 3 22
1684 3 22
1685 3 22
1686 3 22
1687 3 22
1688 3 22
1689 3 22
1690 3 22
1691 3 22
1692 3 22
1693 3 22
1694 3 22
1695 3 22
1696 3 22
1697 3 22
1698 3 22
1699 3 22
1700 3 22
1701 3 22
1702 3 22
1703 3 22
1704 3 22
1705 3 22
1706 3 22
1707 3 22
1708 3 22
1709 3 22
1710 3 22
1711 3 22
1712 3 22
1713 3 22
1714 3 22
1715 3 22
1716 3 22
1717 3 22
1718 3 22
1719 3 22
1720 3 21
1721 3 21
1722 3 21
1723 3 21
1724 3 21
1725 3 21
1726 3 21
1727 3 21
1728 3 21
1729 3 21
1730 3 21
1731 3 21
1732 3 21
1733 3 21
1734 3 21
1735 3 21
1736 3 21
1737 3 21
1738 3 21
1739 3 21
1740 3 21
1741 3 21
1742 3 21
1743 3 21
1744 3 21
1745 3 21
1746 3 21
1747 3 21
1748 3 21
1749 3 21
1750 3 21
1751 3 21
1752 3 21
1753 3 21
1754 3 21
1755 3 21
1756 3 21
1757 3 21
1758 3 21
1759 3 21
1760 3 21
1761 3 21
1762 3 21
1763 3 21
1764 3 21
1765 3 21
1766 3 21
1767 3 21
1768 3 21
1769 3 21
1770 3 21
1771 3 21
1772 3 21
1773 3 21
1774 3 21
1775 3 21
1776 3 21
1777 3 21
1778 3 21
1779 3 21
1780 3 21
1781 3 21
1782 3 21
1783 3 21
1784 3 21
1785 3 21
1786 3 21
1787 3 21
1788 3 21
1789 3 21
1790 3 21
1791 3 21
1792 3 21
1793 3 21
1794 3 21
1795 3 21
1796 3 21
1797 3 21
1798 3 21
1799 3 21
1800 3 21
1801 3 21
1802 3 21
1803 3 21
1804 3 21
1805 3 21
1806 3 21
1807 3 21
1808 3 21
1809 4 21
1810 4 21
1811 4 21
1812 4 21
1813 4 21
1814 4 21
1815 4 21
1816 4 21
1817 4 21
1818 4 21
1819 4 21
1820 4 21
1821 4 21
1822 4 21
1823 4 21
1824 4 21
1825 4 21
1826 4 21
1827 4 21
1828 4 21
1829 4 21
1830 4 21
1831 4 21
1832 4 21
1833 4 21
1834 4 21
1835 4 20
1836 4 20
1837 4 20
1838 4 20
1839 4 20
1840 4 20
1841 4 20
1842 4 20
1843 4 20
1844 4 20
1845 4 20
1846 4 20
1847 4 20
1848 4 20
1849 4 20
1850 4 20
1851 4 21
1852 4 20
1853 4 20
1854 4 20
1855 4 20
1856 4 20
1857 4 20
1858 4 20
1859 4 21
1860 4 20
1861 4 20
1862 4 20
1863 4 20
1864 4 20
1865 4 20
1866 4 20
1867 4 20
1868 4 20
1869 4 20
1870 4 21
1871 4 21
1872 4 21
1873 4 21
1874 4 21
1875 4 21
1876 4 21
1877 4 21
1878 4 21
1879 4 21
1880 4 21
1881 4 20
1882 4 20
1883 4 20
1884 4 20
1885 4 20
1886 4 21
1887 4 20
1888 4 20
1889 4 20
1890 4 20
1891 4 20
1892 4 21
1893 4 21
1894 4 21
1895 4 21
1896 4 20
1897 4 20
1898 4 20
1899 4 20
1900 4 20
1901 4 20
1902 4 20
1903 4 20
1904 4 20
1905 4 20
1906 4 20
1907 4 20
1908 4 20
1909 4 20
1910 4 20
1911 4 20
1912 4 20
1913 4 20
1914 4 20
1915 4 20
1916 4 20
1917 4 20
1918 4 20
1919 4 20
1920 4 20
1921 4 20
1922 4 20
1923 4 20
1924 4 20
1925 4 20
1926 4 20
1927 4 20
1928 4 20
1929 4 20
1930 4 20
1931 4 20
1932 4 20
1933 4 20
1934 4 20
1935 4 20
1936 4 20
1937 4 20
1938 4 20
1939 4 20
1940 4 20
1941 4 20
1942 4 20
1943 4 20
1944 4 20
1945 4 20
1946 4 20
1947 4 20
1948 4 20
1949 4 20
1950 4 20
1951 4 20
1952 4 20
1953 4 20
1954 5 20
1955 5 20
1956 5 20
1957 5 20
1958 5 20
1959 5 20
1960 5 20
1961 5 20
1962 5 20
1963 5 20
1964 5 20
1965 5 20
1966 5 20
1967 5 20
1968 5 20
1969 5 20
1970 5 20
1971 5 21
1972 5 21
1973 5 21
1974 5 21
1975 5 21
1976 5 21
1977 5 21
1978 5 21
1979 5 21
1980 5 21
1981 5 21
1982 5 21
1983 5 22
1984 5 22
1985 5 21
1986 5 21
1987 5 22
1988 5 22
1989 5 22
1990 5 22
1991 5 22
1992 5 22
1993 5 22
1994 5 22
1995 5 22
1996 5 22
1997 5 22
1998 5 22
1999 5 22
2000 5 22
2001 5 22
2002 5 22
2003 5 23
2004 5 23
2005 5 23
2006 5 23
2007 5 23
2008 5 23
2009 5 23
2010 5 23
2011 5 23
2012 5 23
2013 5 23
2014 5 23
2015 5 23
2016 5 23
2017 5 23
2018 5 23
2019 5 23
2020 5 23
2021 5 23
2022 5 23
2023 5 23
2024 5 23
2025 5 23
2026 5 23
2027 5 23
2028 5 23
2029 5 23
2030 5 23
2031 5 23
2032 5 23
2033 5 23
2034 5 23
2035 5 23
2036 5 23
2037 5 23
2038 5 23
2039 5 23
2040 5 23
2041 5 23
2042 5 23
2043 5 23
2044 5 23
2045 5 23
2046 5 23
2047 5 23
2048 5 23
2049 5 23
2050 5 23
2051 5 23
2052 5 23
2053 5 23
2054 5 23
2055 5 23
2056 5 23
2057 5 23
2058 5 22
2059 5 23
2060 5 23
2061 5 23
2062 5 23
2063 5 23
2064 5 23
2065 5 23
2066 5 23
2067 5 23
2068 5 23
2069 5 23
2070 5 23
2071 5 23
2072 5 23
2073 5 23
2074 5 23
2075 5 23
2076 5 23
2077 5 23
2078 5 23
2079 5 23
2080 5 23
2081 5 23
2082 5 23
2083 5 23
2084 5 23
2085 5 23
2086 5 23
2087 5 23
2088 5 23
2089 5 23
2090 5 23
2091 5 23
2092 5 23
2093 5 23
2094 5 23
2095 5 23
2096 5 23
2097 5 23
2098 5 23
2099 5 23
2100 5 23
2101 5 23
2102 5 23
2103 5 23
2104 5 23
2105 5 23
2106 5 23
2107 5 23
2108 5 23
2109 5 23
2110 5 23
2111 5 23
2112 5 23
2113 5 23
2114 5 23
2115 5 23
2116 5 23
2117 5 23
2118 5 23
2119 5 23
2120 5 23
2121 5 23
2122 5 23
2123 6 23
2124 6 23
2125 6 23
2126 6 23
2127 6 23
2128 6 23
2129 6 23
2130 6 23
2131 6 23
2132 6 23
2133 6 23
2134 6 23
2135 6 23
2136 6 23
2137 6 23
2138 6 23
2139 6 23
2140 6 23
2141 6 23
2142 6 23
2143 6 23
2144 6 23
2145 6 23
2146 6 23
2147 6 23
2148 6 23
2149 6 23
2150 6 23
2151 6 23
2152 6 23
2153 6 23
2154 6 23
2155 6 23
2156 6 23
2157 6 23
2158 6 23
2159 6 23
2160 6 23
2161 6 23
2162 6 23
2163 6 23
2164 6 23
2165 6 23
2166 6 23
2167 6 23
2168 6 23
2169 6 23
2170 6 23
2171 6 23
2172 6 23
2173 6 23
2174 6 23
2175 6 23
2176 6 23
2177 6 23
2178 6 23
2179 6 23
2180 6 23
2181 6 23
2182 6 23
2183 6 23
2184 6 23
2185 6 23
2186 6 23
2187 6 23
2188 6 23
2189 6 23
2190 6 23
2191 6 23
2192 6 23
2193 6 23
2194 6 23
2195 6 23
2196 6 23
2197 6 23
2198 6 23
2199 6 23
2200 6 23
2201 6 23
2202 6 23
2203 6 23
2204 6 23
2205 6 23
2206 6 23
2207 6 23
2208 6 23
2209 6 23
2210 6 23
2211 6 23
2212 6 23
2213 6 23
2214 6 23
2215 6 23
2216 6 23
2217 6 23
2218 6 23
2219 6 23
2220 6 23
2221 6 23
2222 6 23
2223 6 23
2224 6 23
2225 6 23
2226 6 23
2227 6 23
2228 6 23
2229 6 23
2230 6 23
2231 6 23
2232 6 23
2233 6 23
2234 6 23
2235 6 23
2236 6 23
2237 6 24
2238 6 24
2239 6 24
2240 6 24
2241 6 24
2242 6 24
2243 6 24
2244 7 24
2245 7 24
2246 7 24
2247 7 24
2248 7 24
2249 7 24
2250 7 24
2251 7 24
2252 7 24
2253 7 24
2254 7 24
2255 7 24
2256 7 24
2257 7 24
2258 7 24
2259 7 24
2260 7 25
2261 7 25
2262 7 25
2263 7 25
2264 7 25
2265 7 25
2266 7 25
2267 7 25
2268 7 25
2269 7 25
2270 7 25
2271 7 25
2272 7 25
2273 7 25
2274 7 25
2275 7 25
2276 7 25
2277 7 25
2278 7 25
2279 7 25
2280 7 25
2281 7 25
2282 7 25
2283 7 25
2284 7 25
2285 7 25
2286 7 25
2287 7 25
2288 7 25
2289 7 25
2290 7 25
2291 7 25
2292 7 25
2293 7 25
2294 7 25
2295 7 25
2296 7 25
2297 7 25
2298 7 25
2299 7 25
2300 7 25
2301 7 25
2302 7 25
2303 7 25
2304 7 25
2305 7 25
2306 7 25
2307 7 25
2308 7 25
2309 7 25
2310 7 25
2311 7 25
2312 7 25
2313 7 25
2314 7 25
2315 7 25
2316 7 25
2317 7 25
2318 7 25
2319 7 25
2320 7 25
2321 7 25
2322 7 25
2323 7 25
2324 7 25
2325 7 25
2326 7 25
2327 7 25
2328 7 25
2329 7 25
2330 7 25
2331 7 25
2332 7 25
2333 7 25
2334 7 25
2335 7 25
2336 7 25
2337 7 25
2338 7 25
2339 7 25
2340 7 25
2341 7 25
2342 7 25
2343 7 25
2344 7 25
2345 7 25
2346 8 25
2347 8 25
2348 8 25
2349 8 25
2350 8 25
2351 8 25
2352 8 25
2353 8 25
2354 8 25
2355 8 25
2356 8 25
2357 8 25
2358 8 25
2359 8 25
2360 8 25
2361 8 25
2362 8 25
2363 8 26
2364 8 26
2365 8 26
2366 8 26
2367 8 26
2368 8 26
2369 8 26
2370 8 26
2371 8 26
2372 8 26
2373 8 26
2374 8 26
2375 8 26
2376 8 26
2377 8 26
2378 8 26
2379 8 26
2380 8 27
2381 8 27
2382 8 27
2383 8 27
2384 8 27
2385 8 27
2386 8 27
2387 8 27
2388 8 27
2389 8 27
2390 8 27
2391 8 27
2392 8 27
2393 8 27
2394 8 27
2395 8 27
2396 8 27
2397 8 27
2398 8 27
2399 8 27
2400 8 27
2401 8 27
2402 8 27
2403 8 27
2404 8 27
2405 8 27
2406 8 27
2407 8 27
2408 8 27
2409 8 27
2410 8 27
2411 8 27
2412 8 27
2413 8 27
2414 8 27
2415 8 27
2416 8 27
2417 8 27
2418 8 27
2419 8 27
2420 8 27
2421 8 27
2422 8 27
2423 8 27
2424 8 27
2425 8 27
2426 8 28
2427 8 28
2428 8 28
2429 8 28
2430 8 28
2431 8 28
2432 8 28
2433 8 28
2434 8 28
2435 8 28
2436 8 28
2437 8 28
2438 9 28
2439 9 28
2440 9 28
2441 9 28
2442 9 28
2443 9 28
2444 9 28
2445 9 28
2446 9 28
2447 9 28
2448 9 28
2449 9 28
2450 9 28
2451 9 28
2452 9 28
2453 9 28
2454 9 28
2455 9 28
2456 9 28
2457 9 28
2458 9 28
2459 9 28
2460 9 28
2461 9 28
2462 9 28
2463 9 28
2464 9 28
2465 9 28
2466 9 28
2467 9 28
2468 9 28
2469 9 28
2470 9 28
2471 9 29
2472 9 29
2473 9 29
2474 9 29
2475 9 29
2476 9 29
2477 9 29
2478 9 29
2479 9 29
2480 9 29
2481 9 29
2482 9 29
2483 9 29
2484 9 29
2485 9 29
2486 9 29
2487 9 29
2488 9 29
2489 9 29
2490 9 29
2491 9 29
2492 9 29
2493 9 29
2494 9 29
2495 9 29
2496 9 29
2497 9 29
2498 9 29
2499 9 29
2500 9 29
2501 10 29
2502 10 29
2503 10 29
2504 10 29
2505 10 29
2506 10 29
2507 10 29
2508 10 29
2509 10 29
2510 10 29
2511 10 29
2512 10 29
2513 10 29
2514 10 29
2515 10 29
2516 10 29
2517 10 29
2518 10 29
2519 10 29
2520 10 29
2521 10 29
2522 10 29
2523 10 29
2524 10 29
2525 10 29
2526 10 29
2527 10 30
2528 10 30
2529 10 30
2530 10 30
2531 10 30
2532 10 30
2533 10 30
2534 10 30
2535 10 30
2536 10 30
2537 10 30
2538 10 30
2539 10 30
2540 10 30
2541 10 30
2542 10 30
2543 10 30
2544 10 30
2545 10 30
2546 10 30
2547 10 30
2548 10 30
2549 10 30
2550 10 30
2551 10 30
2552 10 30
2553 10 30
2554 10 30
2555 10 30
2556 10 30
2557 10 30
2558 10 30
2559 10 30
2560 10 30
2561 10 31
2562 10 31
2563 10 31
2564 10 31
2565 10 31
2566 10 31
2567 10 31
2568 10 31
2569 10 31
2570 10 31
2571 10 31
2572 10 31
2573 10 31
2574 10 31
2575 10 31
2576 10 31
2577 11 31
2578 11 31
2579 11 31
2580 11 31
2581 11 31
2582 11 31
2583 11 31
2584 11 31
2585 11 31
2586 11 31
2587 11 31
2588 11 31
2589 11 31
2590 11 31
2591 11 31
2592 11 31
2593 11 31
2594 11 31
2595 11 31
2596 11 31
2597 11 31
2598 11 31
2599 11 31
2600 11 31
2601 11 31
2602 11 32
2603 11 32
2604 11 32
2605 11 32
2606 11 32
2607 11 32
2608 11 32
2609 11 32
2610 11 32
2611 11 32
2612 11 32
2613 11 32
2614 11 32
2615 11 32
2616 11 32
2617 11 32
2618 11 32
2619 11 32
2620 11 32
2621 11 32
2622 11 32
2623 11 32
2624 11 32
2625 11 32
2626 11 32
2627 11 32
2628 11 32
2629 11 32
2630 11 32
2631 11 32
2632 11 32
2633 11 32
2634 11 32
2635 11 32
2636 11 32
2637 12 32
2638 12 32
2639 12 32
2640 12 32
2641 12 32
2642 12 32
2643 12 32
2644 12 32
2645 12 32
2646 12 32
2647 12 32
2648 12 32
2649 12 32
2650 12 32
2651 12 32
2652 12 32
2653 12 32
2654 12 32
2655 12 32
2656 12 32
2657 12 32
2658 12 32
2659 12 32
2660 12 32
2661 12 32
2662 12 32
2663 12 33
2664 12 33
2665 12 33
2666 12 33
2667 12 33
2668 12 33
2669 12 33
2670 12 33
2671 12 33
2672 12 33
2673 12 33
2674 12 33
2675 12 33
2676 12 33
2677 12 33
2678 12 33
2679 12 33
2680 12 33
2681 12 33
2682 12 33
2683 12 33
2684 12 33
2685 13 33
2686 13 33
2687 13 33
2688 13 33
2689 13 33
2690 13 33
2691 13 33
2692 13 33
2693 13 33
2694 13 33
2695 13 33
2696 13 33
2697 13 33
2698 13 33
2699 13 33
2700 13 33
2701 13 33
2702 13 33
2703 13 33
2704 13 33
2705 13 33
2706 13 33
2707 13 33
2708 13 33
2709 13 33
2710 13 34
2711 13 34
2712 13 34
2713 13 34
2714 13 34
2715 13 34
2716 13 34
2717 13 34
2718 13 34
2719 13 34
2720 13 34
2721 13 34
2722 13 34
2723 13 34
2724 13 34
2725 13 34
2726 13 34
2727 13 34
2728 13 34
2729 13 34
2730 13 34
2731 13 34
2732 13 34
2733 13 34
2734 13 34
2735 13 34
2736 13 34
2737 13 34
2738 13 34
2739 13 34
2740 13 34
2741 13 34
2742 13 34
2743 13 34
2744 13 34
2745 13 34
2746 13 34
2747 13 35
2748 13 35
2749 13 35
2750 13 35
2751 13 35
2752 13 35
2753 13 35
2754 13 35
2755 13 35
2756 13 35
2757 13 35
2758 13 35
2759 13 35
2760 13 35
2761 14 35
2762 14 35
2763 14 35
2764 14 35
2765 14 35
2766 14 35
2767 14 35
2768 14 35
2769 14 35
2770 14 35
2771 14 35
2772 14 35
2773 14 35
2774 14 35
2775 14 35
2776 14 35
2777 14 35
2778 14 35
2779 14 35
2780 14 35
2781 14 35
2782 14 35
2783 14 36
2784 15 35
2785 15 36
2786 15 36
2787 15 36
2788 15 36
2789 15 36
2790 15 36
2791 15 36
2792 15 36
2793 15 36
2794 15 36
2795 15 36
2796 15 36
2797 15 36
2798 15 36
2799 15 36
2800 15 36
2801 15 36
2802 15 36
2803 15 36
2804 15 36
2805 15 36
2806 15 36
2807 15 36
2808 15 36
2809 15 36
2810 15 36
2811 15 36
2812 15 36
2813 15 37
2814 15 37
2815 15 37
2816 15 37
2817 15 37
2818 15 37
2819 15 37
2820 16 37
2821 16 37
2822 16 37
2823 16 37
2824 16 37
2825 16 37
2826 16 37
2827 16 37
2828 16 37
2829 16 37
2830 16 37
2831 16 37
2832 16 37
2833 16 37
2834 16 37
2835 16 37
2836 16 37
2837 16 37
2838 16 37
2839 17 37
2840 17 37
2841 17 37
2842 17 37
2843 17 37
2844 17 37
2845 17 37
2846 17 37
2847 17 37
2848 17 37
2849 17 37
2850 17 37
2851 17 37
2852 17 37
2853 17 37
2854 17 37
2855 17 37
2856 17 37
2857 17 37
2858 17 37
2859 17 37
2860 18 37
2861 18 37
2862 18 37
2863 18 37
2864 18 37
2865 18 37
2866 18 37
2867 18 37
2868 18 37
2869 18 37
2870 18 37
2871 18 37
2872 18 37
2873 18 37
2874 18 37
2875 18 37
2876 18 37
2877 18 37
2878 18 37
2879 18 37
2880 18 37
2881 18 37
2882 18 37
2883 18 37
2884 18 37
2885 18 37
2886 18 37
2887 18 37
2888 18 38
2889 18 38
2890 18 38
2891 18 38
2892 18 38
2893 18 38
2894 19 38
2895 19 38
2896 19 38
2897 19 38
2898 19 38
2899 19 38
2900 19 38
2901 19 38
2902 19 38
2903 19 38
2904 19 38
2905 19 38
2906 19 38
2907 19 38
2908 19 38
2909 19 38
2910 19 38
2911 19 38
2912 19 38
2913 20 38
2914 20 38
2915 20 38
2916 20 38
2917 20 38
2918 20 38
2919 20 38
2920 20 38
2921 20 38
2922 20 38
2923 20 38
2924 20 38
2925 20 38
2926 20 38
2927 20 38
2928 20 38
2929 20 38
2930 20 38
2931 20 38
2932 20 38
2933 20 38
2934 20 38
2935 20 38
2936 21 38
2937 21 38
2938 21 38
2939 21 38
2940 21 38
2941 21 38
2942 21 38
2943 21 38
2944 21 38
2945 21 38
2946 21 38
2947 21 38
2948 22 38
2949 22 38
2950 22 38
2951 22 38
2952 22 38
2953 22 38
2954 22 38
2955 22 38
2956 23 38
2957 23 38
2958 23 38
2959 23 38
2960 23 38
2961 23 38
2962 23 38
2963 23 38
2964 23 39
2965 23 39
2966 24 39
2967 24 39
2968 24 39
2969 24 39
2970 24 39
2971 24 39
2972 24 39
2973 24 39
2974 24 39
2975 24 39
2976 24 39
2977 24 39
2978 25 39
2979 25 39
2980 25 39
2981 25 39
2982 25 39
2983 25 39
2984 25 39
2985 25 39
2986 25 39
2987 25 39
2988 25 39
2989 25 39
2990 25 39
2991 25 39
2992 25 39
2993 25 39
2994 25 39
2995 25 39
2996 25 39
2997 25 39
2998 25 39
2999 25 39
3000 25 39
3001 25 39
3002 25 39
3003 25 39
3004 25 39
3005 25 39
3006 26 39
3007 26 39
3008 26 39
3009 26 39
3010 26 39
3011 26 39
3012 26 39
3013 26 39
3014 26 39
3015 26 39
3016 26 39
3017 26 38
3018 26 38
3019 26 38
3020 26 38
3021 26 38
3022 26 38
3023 26 38
3024 26 38
3025 26 38
3026 26 39
3027 26 39
3028 26 39
3029 26 39
3030 26 39
3031 26 39
3032 27 39
3033 27 39
3034 27 39
3035 27 39
3036 27 39
3037 27 39
3038 27 39
3039 27 39
3040 27 39
3041 27 39
3042 27 39
3043 27 39
3044 27 39
3045 27 39
3046 27 39
3047 27 39
3048 27 39
3049 27 39
3050 27 39
3051 27 39
3052 27 39
3053 27 39
3054 27 39
3055 27 40
3056 27 40
3057 27 40
3058 27 40
3059 27 40
3060 27 40
3061 27 40
3062 27 40
3063 27 40
3064 27 40
3065 28 40
3066 28 40
3067 28 40
3068 28 40
3069 28 40
3070 28 40
3071 29 40
3072 29 40
3073 29 40
3074 29 40
3075 29 40
3076 29 40
3077 29 40
3078 29 40
3079 29 40
3080 29 40
3081 30 40
3082 31 40
3083 31 40
3084 31 41
3085 31 41
3086 31 41
3087 31 41
3088 32 41
3089 32 41
3090 32 41
3091 32 41
3092 33 41
3093 33 41
3094 33 41
3095 33 41
3096 33 41
3097 34 41
3098 34 41
3099 34 41
3100 35 41
3101 35 41
3102 35 41
3103 36 41
3104 36 41
3105 36 41
3106 36 41
3107 36 41
3108 36 41
3109 36 41
3110 37 41
3111 37 41
3112 37 41
3113 37 41
3114 37 41
3115 37 41
3116 37 41
3117 37 41
3118 37 42
3119 37 42
3120 38 42
3121 38 42
3122 38 42
3123 39 42
3124 40 42
3125 41 42
3126 41 42
3127 41 42
3128 41 42
3129 41 42
3130 41 42
3131 41 42
3132 41 42
3133 41 42
3134 41 42
3135 41 42
3136 41 42
3137 41 42
3138 41 42
3139 41 42
3140 41 42
3141 41 42
3142 42 42
3143 42 42
3144 42 42
3145 42 42
3146 43 42
3147 43 42
3148 43 42
3149 44 42
3150 44 42
3151 44 42
3152 44 42
3153 45 42
3154 45 42
3155 45 42
3156 45 42
3157 45 42
3158 45 42
3159 45 42
3160 45 42
3161 46 42
3162 46 42
3163 47 42
3164 47 42
3165 47 42
3166 47 42
3167 47 42
3168 47 42
3169 47 42
3170 47 42
3171 47 42
3172 47 42
3173 47 42
3174 47 42
3175 47 42
3176 47 42
3177 47 42
3178 47 42
3179 47 42
3180 47 42
3181 47 42
3182 47 42
3183 47 42
3184 47 42
3185 47 42
3186 47 42
3187 47 42
3188 47 42
3189 47 42
3190 47 42
3191 47 41
3192 47 41
3193 47 41
3194 47 41
3195 47 41
3196 47 41
3197 47 41
3198 47 41
3199 47 41
3200 47 41
3201 48 41
3202 48 41
3203 48 41
3204 49 42
3205 49 42
3206 49 42
3207 50 42
3208 50 42
3209 50 42
3210 50 42
3211 51 42
3212 51 42
3213 51 42
3214 51 42
3215 51 42
3216 51 42
3217 51 42
3218 52 42
3219 53 42
3220 53 42
3221 53 42
3222 53 42
3223 53 42
3224 53 42
3225 53 42
3226 53 42
3227 54 42
3228 54 42
3229 55 42
3230 55 42
3231 55 42
3232 55 42
3233 56 42
3234 56 42
3235 57 42
3236 57 42
3237 57 42
3238 57 42
3239 57 42
3240 57 42
3241 58 42
3242 59 42
3243 60 42
3244 60 42
3245 60 42
3246 60 42
3247 63 42
3248 63 42
3249 64 42
3250 64 43
3251 65 43
3252 67 43
3253 68 43
3254 68 43
3255 69 43
3256 69 43
3257 71 43
3258 71 43
3259 72 43
3260 72 43
3261 72 43
3262 72 43
3263 73 43
3264 73 43
3265 73 43
3266 74 43
3267 74 43
3268 74 43
3269 74 43
3270 75 43
3271 77 43
3272 78 43
3273 81 43
3274 83 43
3275 83 43
3276 83 43
3277 83 43
3278 83 43
3279 83 43
3280 83 43
3281 83 43
3282 83 43
3283 83 43
3284 84 43
3285 95 43
3286 95 43
3287 95 43
3288 95 43
3289 95 43
3290 95 43
3291 95 43
3292 95 43
3293 95 43
3294 95 43
3295 95 43
3296 95 43
3297 95 43
3298 95 43
3299 95 43
3300 95 43
3301 95 43
3302 95 43
3303 95 43
3304 95 43
3305 95 43
3306 95 43
3307 95 43
3308 95 43
3309 95 42
3310 95 42
3311 95 42
3312 95 42
3313 95 42
3314 95 42
3315 95 42
3316 95 42
3317 95 42
3318 96 42
3319 100 42
