0 0 0
1 0 0
2 0 0
3 0 0
4 0 0
5 0 0
6 0 0
7 0 0
8 0 0
9 0 0
10 0 0
11 0 0
12 0 0
13 0 0
14 0 0
15 0 0
16 0 0
17 0 0
18 0 0
19 0 0
20 0 0
21 0 0
22 0 0
23 0 0
24 0 0
25 0 0
26 0 0
27 0 0
28 0 0
29 0 0
30 0 0
31 0 0
32 0 0
33 0 0
34 0 0
35 0 0
36 0 0
37 0 0
38 0 0
39 0 0
40 0 0
41 0 0
42 0 0
43 0 0
44 0 0
45 0 0
46 0 0
47 0 0
48 0 0
49 0 0
50 0 0
51 0 0
52 0 0
53 0 0
54 0 0
55 0 0
56 0 0
57 0 0
58 0 0
59 0 0
60 0 0
61 0 0
62 0 0
63 0 0
64 0 0
65 0 0
66 0 0
67 0 0
68 0 0
69 0 0
70 0 0
71 0 0
72 0 0
73 0 0
74 0 0
75 0 0
76 0 0
77 0 0
78 0 0
79 0 0
80 0 0
81 0 0
82 0 0
83 0 0
84 0 0
85 0 0
86 0 0
87 0 0
88 0 0
89 0 0
90 0 0
91 0 0
92 0 0
93 0 0
94 0 0
95 0 0
96 0 0
97 0 0
98 0 0
99 0 0
100 0 0
101 0 0
102 0 0
103 0 0
104 0 0
105 0 0
106 0 0
107 0 0
108 0 0
109 0 0
110 0 0
111 0 0
112 0 2
113 0 2
114 0 2
115 0 2
116 0 2
117 0 2
118 0 2
119 0 2
120 0 2
121 0 2
122 0 2
123 0 2
124 0 2
125 0 2
126 0 2
127 0 2
128 0 2
129 0 4
130 0 4
131 0 4
132 0 4
133 0 4
134 0 4
135 0 4
136 0 4
137 0 4
138 0 4
139 0 4
140 0 4
141 0 4
142 0 4
143 0 4
144 0 5
145 0 5
146 0 5
147 0 5
148 0 5
149 0 5
150 0 5
151 0 5
152 0 5
153 0 5
154 0 5
155 0 5
156 0 5
157 0 7
158 0 7
159 0 7
160 0 7
161 0 7
162 0 7
163 0 7
164 0 7
165 0 7
166 0 6
167 0 6
168 0 6
169 0 6
170 0 6
171 0 6
172 0 6
173 0 6
174 0 6
175 0 6
176 0 6
177 0 6
178 0 6
179 0 6
180 0 6
181 0 6
182 0 6
183 0 6
184 0 7
185 0 7
186 0 7
187 0 7
188 0 7
189 0 7
190 0 7
191 0 7
192 0 7
193 0 7
194 0 7
195 0 7
196 0 7
197 0 7
198 0 7
199 0 7
200 0 7
201 0 7
202 0 7
203 0 7
204 0 7
205 0 7
206 0 7
207 0 7
208 0 7
209 0 7
210 0 7
211 0 7
212 0 7
213 0 7
214 0 7
215 0 7
216 0 6
217 0 6
218 0 6
219 0 6
220 0 6
221 0 6
222 0 6
223 0 6
224 0 6
225 0 6
226 0 6
227 0 6
228 0 6
229 0 6
230 0 6
231 0 6
232 0 6
233 0 6
234 0 6
235 0 6
236 0 6
237 0 6
238 0 6
239 0 6
240 0 6
241 0 6
242 0 6
243 0 5
244 0 5
245 0 5
246 0 5
247 0 5
248 0 5
249 0 5
250 0 5
251 0 5
252 0 5
253 0 5
254 0 5
255 0 5
256 0 5
257 0 5
258 0 5
259 0 5
260 0 5
261 0 5
262 0 5
263 0 5
264 0 5
265 0 5
266 0 5
267 0 6
268 0 6
269 0 6
270 0 6
271 0 6
272 0 6
273 0 6
274 0 6
275 0 6
276 0 6
277 0 6
278 0 6
279 0 6
280 0 6
281 0 7
282 0 7
283 0 7
284 0 7
285 0 7
286 0 7
287 0 7
288 0 7
289 0 6
290 0 7
291 0 7
292 0 7
293 0 7
294 0 7
295 0 7
296 0 7
297 0 7
298 0 7
299 0 7
300 0 7
301 0 7
302 0 7
303 0 7
304 0 7
305 0 7
306 0 7
307 0 7
308 0 7
309 0 7
310 0 7
311 0 7
312 0 7
313 0 7
314 0 7
315 0 7
316 0 7
317 0 7
318 0 7
319 0 7
320 0 7
321 0 8
322 0 7
323 0 7
324 0 7
325 0 7
326 0 7
327 0 7
328 0 7
329 0 7
330 0 7
331 0 7
332 0 7
333 0 7
334 0 7
335 0 7
336 0 7
337 0 7
338 0 7
339 0 7
340 0 7
341 0 7
342 0 7
343 0 7
344 0 7
345 0 7
346 0 7
347 0 7
348 0 7
349 0 7
350 0 7
351 0 7
352 0 7
353 0 7
354 0 7
355 0 7
356 0 7
357 0 6
358 0 6
359 0 6
360 0 6
361 0 6
362 0 6
363 0 6
364 0 6
365 0 6
366 0 6
367 0 6
368 0 6
369 0 6
370 0 6
371 0 6
372 0 6
373 0 6
374 0 6
375 0 6
376 0 6
377 0 6
378 0 6
379 0 6
380 0 6
381 0 6
382 0 6
383 0 6
384 0 6
385 0 6
386 0 6
387 0 6
388 0 6
389 0 6
390 0 6
391 0 6
392 0 6
393 0 6
394 0 6
395 0 6
396 0 6
397 0 6
398 0 6
399 0 6
400 0 6
401 0 6
402 0 6
403 0 6
404 0 6
405 0 6
406 0 6
407 0 6
408 0 6
409 0 6
410 0 6
411 0 6
412 0 6
413 0 6
414 0 6
415 0 6
416 0 6
417 0 6
418 0 6
419 0 6
420 0 6
421 0 6
422 0 6
423 0 6
424 0 6
425 0 6
426 0 6
427 0 6
428 0 6
429 0 6
430 0 6
431 0 6
432 0 6
433 0 6
434 0 6
435 0 6
436 0 6
437 0 6
438 0 6
439 0 6
440 0 6
441 0 6
442 0 6
443 0 6
444 0 6
445 0 6
446 0 6
447 0 6
448 0 6
449 0 6
450 0 6
451 0 6
452 0 5
453 0 5
454 0 5
455 0 5
456 0 5
457 0 5
458 0 5
459 0 5
460 0 5
461 0 5
462 0 5
463 0 5
464 0 5
465 0 5
466 0 5
467 0 5
468 0 5
469 0 5
470 0 5
471 0 5
472 0 5
473 0 5
474 0 5
475 0 5
476 0 5
477 0 5
478 0 5
479 0 5
480 0 5
481 0 5
482 0 5
483 0 5
484 0 5
485 0 5
486 0 5
487 0 5
488 0 5
489 0 5
490 0 5
491 0 5
492 0 5
493 0 5
494 0 5
495 0 5
496 0 5
497 0 5
498 0 5
499 0 5
500 0 5
501 0 5
502 0 5
503 0 5
504 0 5
505 0 5
506 0 5
507 0 5
508 0 5
509 0 5
510 0 5
511 0 5
512 0 5
513 0 6
514 0 6
515 0 6
516 0 6
517 0 6
518 0 6
519 0 6
520 0 6
521 0 6
522 0 6
523 0 6
524 0 6
525 0 6
526 0 6
527 0 6
528 0 6
529 0 6
530 0 6
531 0 6
532 0 6
533 0 6
534 0 6
535 0 6
536 0 6
537 0 5
538 0 5
539 0 5
540 0 5
541 0 5
542 0 5
543 0 5
544 0 5
545 0 5
546 0 5
547 0 5
548 0 5
549 0 5
550 0 5
551 0 6
552 0 6
553 0 6
554 0 6
555 0 6
556 0 6
557 0 6
558 0 6
559 0 6
560 0 6
561 0 6
562 0 6
563 0 6
564 0 6
565 0 6
566 0 6
567 0 6
568 0 6
569 0 6
570 0 6
571 0 6
572 0 6
573 0 6
574 0 6
575 0 6
576 0 6
577 0 6
578 0 6
579 0 6
580 0 6
581 0 6
582 0 6
583 0 6
584 0 6
585 0 6
586 0 6
587 0 6
588 0 6
589 0 6
590 0 6
591 0 6
592 0 6
593 0 6
594 0 6
595 0 6
596 0 6
597 0 6
598 0 6
599 0 6
600 0 6
601 0 6
602 0 6
603 0 6
604 0 6
605 0 6
606 0 6
607 0 6
608 0 6
609 0 6
610 0 6
611 0 6
612 0 6
613 0 6
614 0 6
615 0 6
616 0 6
617 0 6
618 0 6
619 0 6
620 0 6
621 0 6
622 0 6
623 0 6
624 0 6
625 0 6
626 0 6
627 0 6
628 0 6
629 0 6
630 0 6
631 0 6
632 0 6
633 0 6
634 0 6
635 0 6
636 0 6
637 0 6
638 0 6
639 0 6
640 0 6
641 0 6
642 0 6
643 0 6
644 0 7
645 0 7
646 0 7
647 0 7
648 0 7
649 0 7
650 0 7
651 0 7
652 0 7
653 0 7
654 0 7
655 0 7
656 0 7
657 0 7
658 0 7
659 0 7
660 0 7
661 0 7
662 0 7
663 0 7
664 0 7
665 0 7
666 0 7
667 0 7
668 0 7
669 0 7
670 0 7
671 0 7
672 0 7
673 0 7
674 0 7
675 0 7
676 0 7
677 0 7
678 0 7
679 0 7
680 0 7
681 0 7
682 0 7
683 0 7
684 0 7
685 0 7
686 0 7
687 0 7
688 0 7
689 0 7
690 0 7
691 0 7
692 0 7
693 0 7
694 0 7
695 0 7
696 0 7
697 0 7
698 0 7
699 0 7
700 0 7
701 0 7
702 0 7
703 0 7
704 0 7
705 0 7
706 0 7
707 0 7
708 0 7
709 0 7
710 0 6
711 0 6
712 0 6
713 0 6
714 0 6
715 0 6
716 0 6
717 0 6
718 0 6
719 0 6
720 0 6
721 0 6
722 0 6
723 0 6
724 0 6
725 0 6
726 0 6
727 0 6
728 0 6
729 0 6
730 0 6
731 0 6
732 0 6
733 0 6
734 0 6
735 0 6
736 0 6
737 0 6
738 0 6
739 0 6
740 0 6
741 0 6
742 0 6
743 0 6
744 0 6
745 0 6
746 0 6
747 0 6
748 0 6
749 0 6
750 0 6
751 0 6
752 0 6
753 0 6
754 0 6
755 0 6
756 0 6
757 0 6
758 0 6
759 0 6
760 0 6
761 0 6
762 0 6
763 0 6
764 0 6
765 0 6
766 0 6
767 0 6
768 0 6
769 0 6
770 0 6
771 0 6
772 0 6
773 0 6
774 0 6
775 0 6
776 0 6
777 0 6
778 0 7
779 0 6
780 0 6
781 0 6
782 0 6
783 0 6
784 0 6
785 0 6
786 0 6
787 0 6
788 0 6
789 0 6
790 0 6
791 0 6
792 0 6
793 0 6
794 0 6
795 0 6
796 0 6
797 0 6
798 0 6
799 0 6
800 0 6
801 0 6
802 0 6
803 0 6
804 0 6
805 0 6
806 0 6
807 0 6
808 0 6
809 0 6
810 0 6
811 0 6
812 0 6
813 0 6
814 0 6
815 0 6
816 0 7
817 0 7
818 0 7
819 0 7
820 0 7
821 0 7
822 0 7
823 0 7
824 0 7
825 0 7
826 0 7
827 0 7
828 0 7
829 0 7
830 0 7
831 0 7
832 0 7
833 0 7
834 0 7
835 0 7
836 0 7
837 0 7
838 0 7
839 0 7
840 0 7
841 0 7
842 0 7
843 0 7
844 0 7
845 0 7
846 0 7
847 0 7
848 0 7
849 0 7
850 0 7
851 0 7
852 0 7
853 0 7
854 0 7
855 0 7
856 0 7
857 0 7
858 0 7
859 0 7
860 0 7
861 0 7
862 0 7
863 0 7
864 0 7
865 0 7
866 0 7
867 0 7
868 0 7
869 0 7
870 0 7
871 0 7
872 0 7
873 0 7
874 0 7
875 0 7
876 0 7
877 0 7
878 0 7
879 0 7
880 0 7
881 0 7
882 0 7
883 0 7
884 0 7
885 0 7
886 0 7
887 0 7
888 0 7
889 0 7
890 0 7
891 0 7
892 0 7
893 0 7
894 0 7
895 0 7
896 0 7
897 0 7
898 0 7
899 0 7
900 0 7
901 0 7
902 0 7
903 0 7
904 0 7
905 0 7
906 0 7
907 1 7
908 1 7
909 1 7
910 1 7
911 1 7
912 1 7
913 1 7
914 1 7
915 1 7
916 1 7
917 1 7
918 1 7
919 1 7
920 1 7
921 1 7
922 1 7
923 1 7
924 1 7
925 1 7
926 1 7
927 1 7
928 1 7
929 1 7
930 1 7
931 1 7
932 1 7
933 1 7
934 1 7
935 1 7
936 1 7
937 1 7
938 1 7
939 1 7
940 1 7
941 1 7
942 1 7
943 1 7
944 1 7
945 1 7
946 1 7
947 1 7
948 1 7
949 1 7
950 1 7
951 1 7
952 1 7
953 1 7
954 1 7
955 1 7
956 1 7
957 1 7
958 1 7
959 1 7
960 1 7
961 1 7
962 1 7
963 1 7
964 1 7
965 1 7
966 1 7
967 1 7
968 1 7
969 1 7
970 1 7
971 1 7
972 1 7
973 1 7
974 1 8
975 1 8
976 1 8
977 1 8
978 1 8
979 1 8
980 1 7
981 1 7
982 1 7
983 1 7
984 1 7
985 1 7
986 1 7
987 1 7
988 1 7
989 1 7
990 1 7
991 1 7
992 1 7
993 1 7
994 1 7
995 1 7
996 1 7
997 1 7
998 1 7
999 1 7
1000 1 7
1001 1 7
1002 1 7
1003 1 8
1004 1 8
1005 1 8
1006 1 8
1007 1 8
1008 1 8
1009 1 8
1010 1 8
1011 1 8
1012 1 7
1013 1 7
1014 1 7
1015 1 7
1016 1 7
1017 1 7
1018 1 7
1019 1 7
1020 1 7
1021 1 7
1022 1 7
1023 1 7
1024 1 7
1025 1 7
1026 1 7
1027 1 7
1028 1 7
1029 1 7
1030 1 7
1031 1 7
1032 1 7
1033 1 7
1034 1 7
1035 1 7
1036 1 7
1037 1 7
1038 1 7
1039 1 7
1040 1 7
1041 1 7
1042 1 7
1043 1 7
1044 1 7
1045 1 7
1046 1 7
1047 1 7
1048 1 7
1049 1 7
1050 1 7
1051 1 7
1052 1 7
1053 1 7
1054 1 7
1055 1 7
1056 1 7
1057 1 7
1058 1 7
1059 1 7
1060 1 7
1061 1 7
1062 1 7
1063 1 7
1064 1 7
1065 1 7
1066 1 7
1067 1 7
1068 1 7
1069 1 7
1070 1 7
1071 1 7
1072 1 7
1073 1 7
1074 1 7
1075 1 7
1076 1 7
1077 1 7
1078 1 7
1079 1 7
1080 1 7
1081 1 7
1082 1 7
1083 1 7
1084 1 7
1085 1 7
1086 1 7
1087 1 7
1088 1 7
1089 1 7
1090 1 7
1091 1 7
1092 1 7
1093 1 7
1094 1 7
1095 1 7
1096 1 7
1097 1 7
1098 1 7
1099 1 7
1100 1 7
1101 1 7
1102 1 7
1103 1 7
1104 1 7
1105 1 7
1106 1 7
1107 1 7
1108 1 7
1109 1 7
1110 1 7
1111 1 7
1112 1 7
1113 1 7
1114 1 7
1115 1 7
1116 1 7
1117 1 7
1118 1 7
1119 1 7
1120 1 7
1121 1 7
1122 1 7
1123 1 7
1124 1 7
1125 1 7
1126 1 7
1127 1 7
1128 1 7
1129 1 7
1130 1 7
1131 1 7
1132 1 7
1133 1 7
1134 1 7
1135 1 7
1136 1 7
1137 1 7
1138 1 7
1139 1 7
1140 1 7
1141 1 7
1142 1 7
1143 1 7
1144 1 7
1145 1 7
1146 1 8
1147 1 8
1148 1 8
1149 1 8
1150 1 8
1151 1 8
1152 1 8
1153 1 8
1154 1 8
1155 1 8
1156 1 8
1157 1 8
1158 1 8
1159 1 8
1160 1 8
1161 1 8
1162 1 8
1163 1 8
1164 1 8
1165 1 8
1166 1 8
1167 1 8
1168 1 8
1169 1 8
1170 1 8
1171 1 8
1172 1 8
1173 1 8
1174 1 8
1175 1 8
1176 1 8
1177 1 8
1178 1 8
1179 1 8
1180 1 8
1181 1 8
1182 1 8
1183 1 8
1184 1 8
1185 1 8
1186 1 8
1187 1 8
1188 1 8
1189 1 8
1190 1 8
1191 1 8
1192 1 8
1193 1 8
1194 1 8
1195 1 8
1196 1 8
1197 1 8
1198 1 8
1199 1 8
1200 1 8
1201 1 8
1202 1 8
1203 1 8
1204 1 8
1205 1 8
1206 1 8
1207 1 8
1208 1 8
1209 1 8
1210 1 8
1211 1 8
1212 1 8
1213 1 8
1214 1 8
1215 1 8
1216 1 8
1217 1 8
1218 1 8
1219 1 8
1220 1 8
1221 1 8
1222 1 8
1223 1 8
1224 1 8
1225 1 8
1226 1 8
1227 1 8
1228 1 8
1229 1 8
1230 1 8
1231 1 8
1232 1 8
1233 1 8
1234 1 8
1235 1 8
1236 1 8
1237 1 8
1238 1 8
1239 1 8
1240 1 8
1241 1 8
1242 1 8
1243 1 8
1244 1 8
1245 1 8
1246 1 8
1247 1 8
1248 1 8
1249 1 8
1250 1 8
1251 1 8
1252 1 8
1253 1 8
1254 1 8
1255 1 9
1256 1 9
1257 1 9
1258 1 9
1259 1 9
1260 1 9
1261 1 9
1262 1 9
1263 1 9
1264 1 9
1265 1 9
1266 1 9
1267 1 9
1268 1 9
1269 1 9
1270 1 9
1271 1 9
1272 1 9
1273 1 9
1274 1 9
1275 1 9
1276 1 9
1277 1 9
1278 1 9
1279 1 9
1280 1 9
1281 1 9
1282 1 9
1283 1 9
1284 1 9
1285 1 9
1286 1 9
1287 1 9
1288 1 9
1289 1 9
1290 1 9
1291 1 9
1292 2 9
1293 2 9
1294 2 9
1295 2 9
1296 2 9
1297 2 9
1298 2 9
1299 2 9
1300 2 9
1301 2 9
1302 2 9
1303 2 9
1304 2 9
1305 2 9
1306 2 9
1307 2 9
1308 2 9
1309 2 9
1310 2 9
1311 2 9
1312 2 9
1313 2 9
1314 2 9
1315 2 9
1316 2 9
1317 2 9
1318 2 9
1319 2 9
1320 2 9
1321 2 9
1322 2 9
1323 2 9
1324 2 9
1325 2 9
1326 2 9
1327 2 9
1328 2 9
1329 2 9
1330 2 9
1331 2 9
1332 2 9
1333 2 9
1334 2 9
1335 2 9
1336 2 9
1337 2 9
1338 2 9
1339 2 9
1340 2 9
1341 2 9
1342 2 9
1343 2 9
1344 2 9
1345 2 9
1346 2 9
1347 2 9
1348 2 9
1349 2 9
1350 2 9
1351 2 9
1352 2 9
1353 2 10
1354 2 10
1355 2 10
1356 2 10
1357 2 10
1358 2 10
1359 2 10
1360 2 10
1361 2 10
1362 2 10
1363 2 10
1364 2 10
1365 2 10
1366 2 10
1367 2 10
1368 2 10
1369 2 10
1370 2 10
1371 2 10
1372 2 10
1373 2 10
1374 2 10
1375 2 10
1376 2 10
1377 2 11
1378 2 11
1379 2 11
1380 2 11
1381 2 11
1382 2 11
1383 2 11
1384 2 11
1385 2 11
1386 2 11
1387 2 11
1388 2 11
1389 2 11
1390 2 11
1391 2 11
1392 2 11
1393 2 11
1394 2 11
1395 2 11
1396 2 11
1397 2 11
1398 2 11
1399 2 11
1400 2 11
1401 2 11
1402 2 11
1403 2 11
1404 2 11
1405 2 11
1406 2 11
1407 2 11
1408 2 11
1409 2 11
1410 2 11
1411 2 11
1412 2 11
1413 2 11
1414 2 11
1415 2 11
1416 2 11
1417 2 11
1418 2 11
1419 2 11
1420 2 11
1421 2 11
1422 2 11
1423 2 11
1424 2 11
1425 2 11
1426 2 11
1427 2 11
1428 2 11
1429 2 11
1430 2 11
1431 2 11
1432 2 11
1433 2 11
1434 2 11
1435 2 11
1436 2 11
1437 2 11
1438 2 11
1439 2 11
1440 2 12
1441 2 12
1442 2 12
1443 2 12
1444 2 12
1445 2 12
1446 2 12
1447 2 12
1448 2 12
1449 2 12
1450 2 12
1451 2 12
1452 2 12
1453 2 12
1454 2 12
1455 2 12
1456 2 12
1457 2 12
1458 2 12
1459 2 12
1460 2 12
1461 2 12
1462 2 12
1463 2 12
1464 2 12
1465 2 13
1466 2 13
1467 2 13
1468 2 13
1469 2 13
1470 2 13
1471 2 13
1472 2 13
1473 2 13
1474 2 13
1475 2 13
1476 2 13
1477 2 13
1478 2 13
1479 2 13
1480 2 13
1481 2 13
1482 2 13
1483 2 13
1484 2 13
1485 2 13
1486 2 13
1487 2 13
1488 2 13
1489 2 13
1490 2 13
1491 2 13
1492 2 13
1493 2 13
1494 2 13
1495 2 13
1496 2 13
1497 2 13
1498 2 13
1499 2 13
1500 2 13
1501 2 13
1502 2 13
1503 2 13
1504 2 13
1505 2 13
1506 2 13
1507 2 13
1508 2 13
1509 2 13
1510 2 13
1511 2 13
1512 2 13
1513 2 13
1514 2 13
1515 2 13
1516 2 13
1517 2 13
1518 2 13
1519 2 13
1520 2 13
1521 2 13
1522 2 13
1523 2 13
1524 2 13
1525 2 13
1526 2 13
1527 2 14
1528 2 14
1529 2 14
1530 2 13
1531 2 14
1532 2 14
1533 2 14
1534 2 14
1535 2 14
1536 2 14
1537 2 14
1538 2 14
1539 2 14
1540 2 14
1541 2 14
1542 2 14
1543 2 14
1544 2 14
1545 2 14
1546 2 14
1547 2 14
1548 2 14
1549 2 14
1550 2 14
1551 2 14
1552 2 14
1553 2 14
1554 2 14
1555 2 14
1556 2 14
1557 2 14
1558 2 14
1559 2 14
1560 2 14
1561 2 14
1562 2 14
1563 2 14
1564 2 14
1565 2 14
1566 2 14
1567 2 14
1568 2 14
1569 2 14
1570 2 14
1571 2 14
1572 2 14
1573 2 14
1574 2 14
1575 2 14
1576 2 14
1577 2 14
1578 2 14
1579 2 14
1580 2 14
1581 2 14
1582 2 14
1583 2 14
1584 3 14
1585 3 14
1586 3 14
1587 3 14
1588 3 14
1589 3 14
1590 3 14
1591 3 14
1592 3 14
1593 3 14
1594 3 14
1595 3 14
1596 3 14
1597 3 14
1598 3 14
1599 3 14
1600 3 14
1601 3 14
1602 3 14
1603 3 14
1604 3 14
1605 3 14
1606 3 14
1607 3 14
1608 3 14
1609 3 14
1610 3 14
1611 3 14
1612 3 14
1613 3 14
1614 3 14
1615 3 14
1616 3 14
1617 3 14
1618 3 14
1619 3 14
1620 3 14
1621 3 14
1622 3 14
1623 3 14
1624 3 14
1625 3 14
1626 3 14
1627 3 14
1628 3 14
1629 3 14
1630 3 14
1631 3 14
1632 3 14
1633 3 14
1634 3 14
1635 3 14
1636 3 14
1637 3 15
1638 3 15
1639 3 15
1640 3 15
1641 3 14
1642 3 14
1643 3 14
1644 3 14
1645 3 14
1646 3 14
1647 3 14
1648 3 14
1649 3 15
1650 3 15
1651 3 15
1652 3 15
1653 3 15
1654 3 15
1655 3 15
1656 3 15
1657 3 15
1658 3 15
1659 3 15
1660 3 15
1661 3 15
1662 3 15
1663 3 15
1664 3 15
1665 3 15
1666 3 15
1667 3 15
1668 3 15
1669 3 15
1670 3 15
1671 3 15
1672 3 15
1673 3 15
1674 3 15
1675 3 15
1676 3 15
1677 3 15
1678 3 15
1679 3 15
1680 3 15
1681 3 15
1682 3 15
1683 3 15
1684 3 15
1685 3 15
1686 3 15
1687 3 15
1688 3 15
1689 3 15
1690 3 15
1691 3 15
1692 3 15
1693 3 15
1694 3 15
1695 3 15
1696 3 15
1697 3 15
1698 3 15
1699 3 15
1700 3 15
1701 3 15
1702 3 15
1703 3 15
1704 3 15
1705 3 15
1706 3 15
1707 3 15
1708 3 15
1709 3 15
1710 3 15
1711 3 15
1712 3 15
1713 3 15
1714 3 15
1715 3 15
1716 3 15
1717 3 15
1718 3 15
1719 3 15
1720 3 15
1721 3 15
1722 3 15
1723 3 15
1724 3 15
1725 3 15
1726 3 15
1727 3 15
1728 3 15
1729 3 15
1730 3 15
1731 3 15
1732 3 15
1733 3 15
1734 3 15
1735 3 15
1736 3 15
1737 3 15
1738 3 15
1739 3 15
1740 3 15
1741 3 15
1742 3 15
1743 3 16
1744 3 16
1745 3 16
1746 3 16
1747 3 16
1748 3 16
1749 3 16
1750 3 16
1751 3 16
1752 3 16
1753 3 16
1754 3 16
1755 3 16
1756 3 16
1757 3 16
1758 3 16
1759 3 16
1760 3 16
1761 3 16
1762 3 16
1763 3 16
1764 3 16
1765 3 16
1766 3 16
1767 3 16
1768 3 16
1769 3 16
1770 3 16
1771 3 16
1772 3 16
1773 3 16
1774 3 16
1775 3 16
1776 3 16
1777 3 16
1778 3 16
1779 3 16
1780 3 16
1781 3 16
1782 3 16
1783 3 16
1784 3 16
1785 3 16
1786 3 16
1787 3 16
1788 3 16
1789 3 16
1790 3 16
1791 3 16
1792 3 16
1793 3 16
1794 3 16
1795 3 16
1796 3 16
1797 3 16
1798 3 16
1799 3 16
1800 3 16
1801 3 16
1802 3 16
1803 3 16
1804 3 16
1805 3 16
1806 3 16
1807 3 16
1808 3 16
1809 4 16
1810 4 16
1811 4 16
1812 4 16
1813 4 16
1814 4 16
1815 4 16
1816 4 17
1817 4 17
1818 4 17
1819 4 17
1820 4 17
1821 4 17
1822 4 17
1823 4 17
1824 4 17
1825 4 17
1826 4 17
1827 4 17
1828 4 17
1829 4 17
1830 4 17
1831 4 17
1832 4 17
1833 4 17
1834 4 17
1835 4 17
1836 4 17
1837 4 17
1838 4 17
1839 4 17
1840 4 17
1841 4 17
1842 4 17
1843 4 17
1844 4 17
1845 4 17
1846 4 17
1847 4 17
1848 4 17
1849 4 17
1850 4 17
1851 4 17
1852 4 17
1853 4 17
1854 4 17
1855 4 17
1856 4 17
1857 4 17
1858 4 17
1859 4 17
1860 4 17
1861 4 17
1862 4 17
1863 4 17
1864 4 17
1865 4 17
1866 4 17
1867 4 17
1868 4 17
1869 4 17
1870 4 17
1871 4 17
1872 4 17
1873 4 17
1874 4 17
1875 4 17
1876 4 17
1877 4 17
1878 4 17
1879 4 17
1880 4 17
1881 4 17
1882 4 17
1883 4 17
1884 4 17
1885 4 17
1886 4 17
1887 4 17
1888 4 17
1889 4 17
1890 4 17
1891 4 17
1892 4 17
1893 4 17
1894 4 17
1895 4 17
1896 4 17
1897 4 17
1898 4 17
1899 4 17
1900 4 17
1901 4 17
1902 4 17
1903 4 17
1904 4 17
1905 4 17
1906 4 17
1907 4 17
1908 4 17
1909 4 17
1910 4 17
1911 4 17
1912 4 17
1913 4 17
1914 4 17
1915 4 17
1916 4 17
1917 4 17
1918 4 17
1919 4 17
1920 4 17
1921 4 17
1922 4 17
1923 4 17
1924 4 18
1925 4 18
1926 4 18
1927 4 17
1928 4 17
1929 4 17
1930 4 17
1931 4 18
1932 4 18
1933 4 18
1934 4 18
1935 4 17
1936 4 17
1937 4 17
1938 4 17
1939 4 17
1940 4 17
1941 4 17
1942 4 17
1943 4 17
1944 4 17
1945 4 17
1946 4 18
1947 4 18
1948 4 18
1949 4 18
1950 4 18
1951 4 18
1952 4 18
1953 4 18
1954 5 18
1955 5 18
1956 5 18
1957 5 18
1958 5 18
1959 5 18
1960 5 18
1961 5 18
1962 5 18
1963 5 18
1964 5 18
1965 5 18
1966 5 18
1967 5 18
1968 5 18
1969 5 18
1970 5 18
1971 5 18
1972 5 18
1973 5 18
1974 5 18
1975 5 18
1976 5 18
1977 5 18
1978 5 18
1979 5 18
1980 5 18
1981 5 18
1982 5 18
1983 5 18
1984 5 18
1985 5 18
1986 5 18
1987 5 18
1988 5 18
1989 5 18
1990 5 18
1991 5 18
1992 5 18
1993 5 18
1994 5 18
1995 5 18
1996 5 18
1997 5 18
1998 5 18
1999 5 18
2000 5 18
2001 5 18
2002 5 18
2003 5 18
2004 5 18
2005 5 18
2006 5 18
2007 5 18
2008 5 18
2009 5 18
2010 5 18
2011 5 18
2012 5 18
2013 5 18
2014 5 18
2015 5 18
2016 5 18
2017 5 18
2018 5 18
2019 5 18
2020 5 18
2021 5 18
2022 5 18
2023 5 18
2024 5 18
2025 5 18
2026 5 18
2027 5 18
2028 5 18
2029 5 18
2030 5 18
2031 5 18
2032 5 18
2033 5 18
2034 5 18
2035 5 18
2036 5 18
2037 5 19
2038 5 19
2039 5 19
2040 5 19
2041 5 19
2042 5 19
2043 5 19
2044 5 19
2045 5 19
2046 5 19
2047 5 19
2048 5 19
2049 5 19
2050 5 19
2051 5 19
2052 5 19
2053 5 19
2054 5 19
2055 5 19
2056 5 19
2057 5 19
2058 5 19
2059 5 19
2060 5 19
2061 5 19
2062 5 19
2063 5 19
2064 5 19
2065 5 19
2066 5 19
2067 5 19
2068 5 19
2069 5 19
2070 5 19
2071 5 20
2072 5 20
2073 5 20
2074 5 20
2075 5 20
2076 5 20
2077 5 20
2078 5 20
2079 5 20
2080 5 20
2081 5 20
2082 5 20
2083 5 20
2084 5 20
2085 5 20
2086 5 20
2087 5 20
2088 5 20
2089 5 20
2090 5 20
2091 5 20
2092 5 20
2093 5 20
2094 5 20
2095 5 20
2096 5 20
2097 5 20
2098 5 20
2099 5 20
2100 5 20
2101 5 20
2102 5 20
2103 5 20
2104 5 20
2105 5 20
2106 5 20
2107 5 20
2108 5 20
2109 5 20
2110 5 20
2111 5 20
2112 5 20
2113 5 20
2114 5 20
2115 5 20
2116 5 20
2117 5 20
2118 5 20
2119 5 20
2120 5 21
2121 5 21
2122 5 21
2123 6 21
2124 6 21
2125 6 21
2126 6 21
2127 6 21
2128 6 21
2129 6 21
2130 6 21
2131 6 21
2132 6 21
2133 6 21
2134 6 21
2135 6 21
2136 6 21
2137 6 21
2138 6 21
2139 6 21
2140 6 21
2141 6 21
2142 6 21
2143 6 21
2144 6 21
2145 6 21
2146 6 21
2147 6 21
2148 6 21
2149 6 21
2150 6 21
2151 6 22
2152 6 22
2153 6 22
2154 6 22
2155 6 22
2156 6 22
2157 6 22
2158 6 22
2159 6 22
2160 6 22
2161 6 22
2162 6 22
2163 6 22
2164 6 22
2165 6 22
2166 6 22
2167 6 22
2168 6 22
2169 6 22
2170 6 22
2171 6 22
2172 6 22
2173 6 22
2174 6 22
2175 6 22
2176 6 22
2177 6 22
2178 6 22
2179 6 22
2180 6 22
2181 6 22
2182 6 22
2183 6 22
2184 6 22
2185 6 22
2186 6 22
2187 6 22
2188 6 22
2189 6 22
2190 6 22
2191 6 23
2192 6 23
2193 6 23
2194 6 23
2195 6 23
2196 6 23
2197 6 23
2198 6 23
2199 6 23
2200 6 23
2201 6 23
2202 6 23
2203 6 23
2204 6 23
2205 6 23
2206 6 23
2207 6 23
2208 6 23
2209 6 23
2210 6 23
2211 6 23
2212 6 23
2213 6 23
2214 6 23
2215 6 23
2216 6 23
2217 6 23
2218 6 23
2219 6 23
2220 6 23
2221 6 23
2222 6 23
2223 6 23
2224 6 23
2225 6 23
2226 6 23
2227 6 23
2228 6 23
2229 6 23
2230 6 23
2231 6 23
2232 6 23
2233 6 23
2234 6 23
2235 6 23
2236 6 23
2237 6 23
2238 6 23
2239 6 23
2240 6 23
2241 6 23
2242 6 23
2243 6 23
2244 7 23
2245 7 23
2246 7 23
2247 7 24
2248 7 24
2249 7 24
2250 7 24
2251 7 24
2252 7 24
2253 7 24
2254 7 24
2255 7 24
2256 7 24
2257 7 24
2258 7 24
2259 7 24
2260 7 24
2261 7 24
2262 7 24
2263 7 24
2264 7 24
2265 7 24
2266 7 24
2267 7 24
2268 7 24
2269 7 24
2270 7 24
2271 7 24
2272 7 24
2273 7 24
2274 7 24
2275 7 24
2276 7 24
2277 7 24
2278 7 24
2279 7 24
2280 7 25
2281 7 25
2282 7 25
2283 7 25
2284 7 25
2285 7 25
2286 7 25
2287 7 25
2288 7 25
2289 7 25
2290 7 25
2291 7 25
2292 7 25
2293 7 25
2294 7 25
2295 7 25
2296 7 25
2297 7 25
2298 7 25
2299 7 25
2300 7 25
2301 7 25
2302 7 25
2303 7 25
2304 7 25
2305 7 25
2306 7 25
2307 7 25
2308 7 25
2309 7 25
2310 7 25
2311 7 25
2312 7 25
2313 7 25
2314 7 25
2315 7 25
2316 7 25
2317 7 25
2318 7 25
2319 7 25
2320 7 25
2321 7 25
2322 7 25
2323 7 25
2324 7 25
2325 7 25
2326 7 25
2327 7 25
2328 7 25
2329 7 25
2330 7 25
2331 7 25
2332 7 25
2333 7 25
2334 7 25
2335 7 25
2336 7 25
2337 7 25
2338 7 25
2339 7 25
2340 7 25
2341 7 25
2342 7 26
2343 7 26
2344 7 26
2345 7 26
2346 8 26
2347 8 26
2348 8 26
2349 8 26
2350 8 26
2351 8 26
2352 8 26
2353 8 26
2354 8 26
2355 8 26
2356 8 26
2357 8 26
2358 8 26
2359 8 26
2360 8 26
2361 8 26
2362 8 26
2363 8 26
2364 8 26
2365 8 26
2366 8 26
2367 8 26
2368 8 26
2369 8 26
2370 8 26
2371 8 26
2372 8 27
2373 8 27
2374 8 27
2375 8 27
2376 8 27
2377 8 27
2378 8 27
2379 8 27
2380 8 27
2381 8 27
2382 8 27
2383 8 27
2384 8 27
2385 8 27
2386 8 27
2387 8 27
2388 8 27
2389 8 27
2390 8 28
2391 8 28
2392 8 28
2393 8 28
2394 8 28
2395 8 28
2396 8 28
2397 8 28
2398 8 28
2399 8 28
2400 8 28
2401 8 28
2402 8 28
2403 8 28
2404 8 28
2405 8 28
2406 8 28
2407 8 28
2408 8 28
2409 8 28
2410 8 28
2411 8 28
2412 8 28
2413 8 28
2414 8 28
2415 8 28
2416 8 28
2417 8 28
2418 8 28
2419 8 28
2420 8 29
2421 8 29
2422 8 28
2423 8 28
2424 8 28
2425 8 28
2426 8 28
2427 8 28
2428 8 28
2429 8 28
2430 8 28
2431 8 29
2432 8 29
2433 8 29
2434 8 29
2435 8 29
2436 8 29
2437 8 29
2438 9 29
2439 9 29
2440 9 29
2441 9 29
2442 9 29
2443 9 29
2444 9 29
2445 9 29
2446 9 29
2447 9 29
2448 9 29
2449 9 29
2450 9 29
2451 9 29
2452 9 29
2453 9 29
2454 9 29
2455 9 29
2456 9 29
2457 9 30
2458 9 30
2459 9 30
2460 9 30
2461 9 30
2462 9 30
2463 9 30
2464 9 30
2465 9 30
2466 9 30
2467 9 30
2468 9 30
2469 9 30
2470 9 30
2471 9 30
2472 9 30
2473 9 30
2474 9 30
2475 9 30
2476 9 30
2477 9 30
2478 9 30
2479 9 30
2480 9 30
2481 9 30
2482 9 30
2483 9 30
2484 9 30
2485 9 31
2486 9 31
2487 9 31
2488 9 31
2489 9 30
2490 9 30
2491 9 30
2492 9 31
2493 9 31
2494 9 31
2495 9 31
2496 9 31
2497 9 31
2498 9 31
2499 9 31
2500 9 31
2501 10 31
2502 10 31
2503 10 31
2504 10 31
2505 10 31
2506 10 31
2507 10 31
2508 10 31
2509 10 31
2510 10 31
2511 10 31
2512 10 31
2513 10 31
2514 10 31
2515 10 31
2516 10 31
2517 10 31
2518 10 31
2519 10 31
2520 10 31
2521 10 31
2522 10 31
2523 10 31
2524 10 31
2525 10 31
2526 10 31
2527 10 31
2528 10 31
2529 10 31
2530 10 31
2531 10 31
2532 10 31
2533 10 31
2534 10 31
2535 10 32
2536 10 32
2537 10 32
2538 10 32
2539 10 32
2540 10 32
2541 10 32
2542 10 32
2543 10 32
2544 10 32
2545 10 32
2546 10 32
2547 10 32
2548 10 32
2549 10 32
2550 10 32
2551 10 32
2552 10 32
2553 10 32
2554 10 32
2555 10 32
2556 10 32
2557 10 32
2558 10 32
2559 10 32
2560 10 32
2561 10 32
2562 10 32
2563 10 32
2564 10 32
2565 10 32
2566 10 32
2567 10 32
2568 10 32
2569 10 32
2570 10 32
2571 10 33
2572 10 33
2573 10 33
2574 10 33
2575 10 33
2576 10 33
2577 11 33
2578 11 33
2579 11 33
2580 11 33
2581 11 33
2582 11 33
2583 11 33
2584 11 33
2585 11 33
2586 11 33
2587 11 33
2588 11 33
2589 11 33
2590 11 33
2591 11 33
2592 11 33
2593 11 33
2594 11 33
2595 11 33
2596 11 33
2597 11 33
2598 11 33
2599 11 33
2600 11 33
2601 11 33
2602 11 33
2603 11 33
2604 11 33
2605 11 33
2606 11 34
2607 11 34
2608 11 34
2609 11 34
2610 11 34
2611 11 34
2612 11 34
2613 11 34
2614 11 34
2615 11 34
2616 11 34
2617 11 34
2618 11 34
2619 11 34
2620 11 34
2621 11 34
2622 11 34
2623 11 34
2624 11 34
2625 11 34
2626 11 34
2627 11 34
2628 11 34
2629 11 34
2630 11 34
2631 11 34
2632 11 34
2633 11 34
2634 11 34
2635 11 34
2636 11 34
2637 12 34
2638 12 34
2639 12 34
2640 12 34
2641 12 35
2642 12 35
2643 12 35
2644 12 35
2645 12 35
2646 12 35
2647 12 35
2648 12 35
2649 12 35
2650 12 35
2651 12 35
2652 12 35
2653 12 35
2654 12 35
2655 12 35
2656 12 35
2657 12 35
2658 12 35
2659 12 35
2660 12 35
2661 12 35
2662 12 35
2663 12 35
2664 12 35
2665 12 35
2666 12 35
2667 12 35
2668 12 35
2669 12 35
2670 12 35
2671 12 35
2672 12 35
2673 12 36
2674 12 36
2675 12 36
2676 12 36
2677 12 36
2678 12 36
2679 12 36
2680 12 36
2681 12 36
2682 12 36
2683 12 36
2684 12 36
2685 13 36
2686 13 36
2687 13 36
2688 13 36
2689 13 36
2690 13 36
2691 13 36
2692 13 36
2693 13 36
2694 13 36
2695 13 36
2696 13 36
2697 13 36
2698 13 36
2699 13 36
2700 13 36
2701 13 36
2702 13 36
2703 13 36
2704 13 36
2705 13 36
2706 13 36
2707 13 36
2708 13 36
2709 13 36
2710 13 36
2711 13 36
2712 13 36
2713 13 36
2714 13 36
2715 13 36
2716 13 36
2717 13 36
2718 13 36
2719 13 36
2720 13 36
2721 13 36
2722 13 36
2723 13 36
2724 13 36
2725 13 37
2726 13 37
2727 13 37
2728 13 37
2729 13 37
2730 13 37
2731 13 37
2732 13 37
2733 13 37
2734 13 37
2735 13 37
2736 13 37
2737 13 37
2738 13 37
2739 13 37
2740 13 37
2741 13 37
2742 13 37
2743 13 37
2744 13 37
2745 13 37
2746 13 37
2747 13 37
2748 13 37
2749 13 37
2750 13 37
2751 13 37
2752 13 37
2753 13 37
2754 13 37
2755 13 37
2756 13 37
2757 13 37
2758 13 37
2759 13 37
2760 13 37
2761 14 37
2762 14 37
2763 14 37
2764 14 37
2765 14 38
2766 14 38
2767 14 38
2768 14 38
2769 14 38
2770 14 38
2771 14 38
2772 14 38
2773 14 38
2774 14 38
2775 14 38
2776 14 38
2777 14 38
2778 14 38
2779 14 38
2780 14 38
2781 14 38
2782 14 38
2783 14 38
2784 15 38
2785 15 38
2786 15 38
2787 15 38
2788 15 38
2789 15 38
2790 15 38
2791 15 38
2792 15 38
2793 15 38
2794 15 38
2795 15 39
2796 15 39
2797 15 39
2798 15 39
2799 15 39
2800 15 39
2801 15 39
2802 15 39
2803 15 39
2804 15 39
2805 15 39
2806 15 39
2807 15 39
2808 15 39
2809 15 39
2810 15 39
2811 15 39
2812 15 39
2813 15 39
2814 15 39
2815 15 39
2816 15 39
2817 15 39
2818 15 39
2819 15 39
2820 16 39
2821 16 39
2822 16 39
2823 16 39
2824 16 39
2825 16 40
2826 16 40
2827 16 40
2828 16 40
2829 16 40
2830 16 40
2831 16 40
2832 16 40
2833 16 40
2834 16 40
2835 16 40
2836 16 40
2837 16 40
2838 16 40
2839 17 40
2840 17 40
2841 17 40
2842 17 40
2843 17 40
2844 17 40
2845 17 40
2846 17 40
2847 17 40
2848 17 40
2849 17 40
2850 17 40
2851 17 40
2852 17 40
2853 17 40
2854 17 40
2855 17 40
2856 17 40
2857 17 40
2858 17 40
2859 17 40
2860 18 40
2861 18 40
2862 18 40
2863 18 41
2864 18 41
2865 18 41
2866 18 41
2867 18 41
2868 18 41
2869 18 41
2870 18 41
2871 18 41
2872 18 41
2873 18 41
2874 18 41
2875 18 41
2876 18 41
2877 18 41
2878 18 41
2879 18 41
2880 18 41
2881 18 41
2882 18 41
2883 18 41
2884 18 41
2885 18 41
2886 18 41
2887 18 41
2888 18 41
2889 18 41
2890 18 41
2891 18 41
2892 18 41
2893 18 41
2894 19 41
2895 19 41
2896 19 41
2897 19 41
2898 19 41
2899 19 42
2900 19 42
2901 19 42
2902 19 42
2903 19 42
2904 19 42
2905 19 42
2906 19 42
2907 19 42
2908 19 42
2909 19 42
2910 19 42
2911 19 42
2912 19 42
2913 20 42
2914 20 42
2915 20 42
2916 20 42
2917 20 42
2918 20 42
2919 20 42
2920 20 42
2921 20 42
2922 20 42
2923 20 42
2924 20 42
2925 20 42
2926 20 42
2927 20 42
2928 20 42
2929 20 42
2930 20 42
2931 20 42
2932 20 42
2933 20 42
2934 20 42
2935 20 42
2936 21 42
2937 21 42
2938 21 42
2939 21 42
2940 21 42
2941 21 42
2942 21 42
2943 21 42
2944 21 42
2945 21 43
2946 21 43
2947 21 43
2948 22 43
2949 22 43
2950 22 43
2951 22 43
2952 22 43
2953 22 43
2954 22 43
2955 22 43
2956 23 43
2957 23 43
2958 23 43
2959 23 43
2960 23 43
2961 23 43
2962 23 43
2963 23 43
2964 23 43
2965 23 43
2966 24 43
2967 24 43
2968 24 43
2969 24 43
2970 24 43
2971 24 43
2972 24 43
2973 24 43
2974 24 43
2975 24 43
2976 24 43
2977 24 43
2978 25 43
2979 25 43
2980 25 43
2981 25 43
2982 25 43
2983 25 44
2984 25 44
2985 25 44
2986 25 44
2987 25 44
2988 25 44
2989 25 44
2990 25 44
2991 25 44
2992 25 44
2993 25 44
2994 25 44
2995 25 44
2996 25 44
2997 25 44
2998 25 44
2999 25 44
3000 25 44
3001 25 44
3002 25 44
3003 25 44
3004 25 44
3005 25 44
3006 26 44
3007 26 44
3008 26 44
3009 26 44
3010 26 44
3011 26 44
3012 26 45
3013 26 45
3014 26 45
3015 26 45
3016 26 45
3017 26 45
3018 26 45
3019 26 45
3020 26 45
3021 26 45
3022 26 45
3023 26 45
3024 26 45
3025 26 45
3026 26 45
3027 26 45
3028 26 45
3029 26 45
3030 26 45
3031 26 45
3032 27 45
3033 27 45
3034 27 45
3035 27 45
3036 27 45
3037 27 45
3038 27 45
3039 27 45
3040 27 45
3041 27 46
3042 27 46
3043 27 46
3044 27 46
3045 27 46
3046 27 46
3047 27 46
3048 27 46
3049 27 46
3050 27 46
3051 27 46
3052 27 46
3053 27 46
3054 27 46
3055 27 46
3056 27 46
3057 27 46
3058 27 46
3059 27 46
3060 27 46
3061 27 46
3062 27 46
3063 27 46
3064 27 46
3065 28 46
3066 28 46
3067 28 46
3068 28 46
3069 28 46
3070 28 46
3071 29 47
3072 29 47
3073 29 47
3074 29 47
3075 29 47
3076 29 47
3077 29 47
3078 29 47
3079 29 47
3080 29 47
3081 30 47
3082 31 47
3083 31 47
3084 31 47
3085 31 47
3086 31 47
3087 31 47
3088 32 47
3089 32 47
3090 32 47
3091 32 47
3092 33 47
3093 33 47
3094 33 47
3095 33 47
3096 33 47
3097 34 47
3098 34 47
3099 34 47
3100 35 47
3101 35 47
3102 35 47
3103 36 47
3104 36 47
3105 36 48
3106 36 48
3107 36 48
3108 36 48
3109 36 48
3110 37 48
3111 37 48
3112 37 48
3113 37 48
3114 37 48
3115 37 48
3116 37 48
3117 37 48
3118 37 48
3119 37 48
3120 38 48
3121 38 48
3122 38 48
3123 39 48
3124 40 48
3125 41 48
3126 41 48
3127 41 48
3128 41 48
3129 41 48
3130 41 48
3131 41 48
3132 41 48
3133 41 48
3134 41 48
3135 41 48
3136 41 48
3137 41 48
3138 41 48
3139 41 48
3140 41 48
3141 41 48
3142 42 48
3143 42 48
3144 42 49
3145 42 49
3146 43 49
3147 43 49
3148 43 49
3149 44 49
3150 44 49
3151 44 49
3152 44 49
3153 45 49
3154 45 49
3155 45 49
3156 45 49
3157 45 49
3158 45 49
3159 45 49
3160 45 49
3161 46 49
3162 46 49
3163 47 49
3164 47 49
3165 47 49
3166 47 49
3167 47 49
3168 47 49
3169 47 49
3170 47 49
3171 47 49
3172 47 49
3173 47 49
3174 47 49
3175 47 49
3176 47 49
3177 47 49
3178 47 49
3179 47 49
3180 47 50
3181 47 50
3182 47 50
3183 47 50
3184 47 50
3185 47 50
3186 47 50
3187 47 50
3188 47 50
3189 47 50
3190 47 50
3191 47 50
3192 47 50
3193 47 50
3194 47 50
3195 47 50
3196 47 50
3197 47 50
3198 47 50
3199 47 50
3200 47 50
3201 48 50
3202 48 50
3203 48 50
3204 49 50
3205 49 50
3206 49 50
3207 50 50
3208 50 50
3209 50 50
3210 50 50
3211 51 50
3212 51 50
3213 51 50
3214 51 50
3215 51 50
3216 51 50
3217 51 50
3218 52 50
3219 53 50
3220 53 51
3221 53 51
3222 53 51
3223 53 51
3224 53 51
3225 53 51
3226 53 51
3227 54 51
3228 54 51
3229 55 51
3230 55 51
3231 55 51
3232 55 51
3233 56 51
3234 56 51
3235 57 51
3236 57 51
3237 57 51
3238 57 51
3239 57 51
3240 57 51
3241 58 51
3242 59 51
3243 60 51
3244 60 51
3245 60 51
3246 60 51
3247 63 51
3248 63 51
3249 64 51
3250 64 51
3251 65 51
3252 67 51
3253 68 51
3254 68 51
3255 69 51
3256 69 51
3257 71 51
3258 71 51
3259 72 51
3260 72 51
3261 72 51
3262 72 51
3263 73 51
3264 73 51
3265 73 52
3266 74 52
3267 74 52
3268 74 52
3269 74 52
3270 75 52
3271 77 52
3272 78 52
3273 81 52
3274 83 52
3275 83 52
3276 83 52
3277 83 52
3278 83 52
3279 83 52
3280 83 52
3281 83 52
3282 83 52
3283 83 52
3284 84 52
3285 95 52
3286 95 52
3287 95 52
3288 95 52
3289 95 52
3290 95 52
3291 95 52
3292 95 52
3293 95 52
3294 95 52
3295 95 52
3296 95 52
3297 95 52
3298 95 52
3299 95 52
3300 95 52
3301 95 52
3302 95 52
3303 95 52
3304 95 52
3305 95 52
3306 95 52
3307 95 52
3308 95 52
3309 95 52
3310 95 52
3311 95 53
3312 95 53
3313 95 53
3314 95 53
3315 95 53
3316 95 53
3317 95 53
3318 96 53
3319 100 53
