0 0 0
1 0 0
2 0 0
3 0 0
4 0 0
5 0 0
6 0 0
7 0 0
8 0 0
9 0 0
10 0 0
11 0 0
12 0 0
13 0 0
14 0 0
15 0 0
16 0 0
17 0 0
18 0 0
19 0 0
20 0 0
21 0 0
22 0 0
23 0 0
24 0 0
25 0 0
26 0 0
27 0 0
28 0 0
29 0 0
30 0 0
31 0 0
32 0 0
33 0 0
34 0 0
35 0 0
36 0 0
37 0 0
38 0 0
39 0 0
40 0 0
41 0 0
42 0 0
43 0 0
44 0 0
45 0 0
46 0 0
47 0 0
48 0 0
49 0 0
50 0 0
51 0 0
52 0 0
53 0 0
54 0 0
55 0 0
56 0 0
57 0 0
58 0 0
59 0 0
60 0 0
61 0 0
62 0 0
63 0 0
64 0 0
65 0 0
66 0 0
67 0 0
68 0 0
69 0 0
70 0 0
71 0 0
72 0 0
73 0 0
74 0 0
75 0 0
76 0 0
77 0 0
78 0 0
79 0 0
80 0 0
81 0 0
82 0 0
83 0 0
84 0 0
85 0 0
86 0 0
87 0 0
88 0 0
89 0 0
90 0 0
91 0 0
92 0 0
93 0 0
94 0 0
95 0 0
96 0 0
97 0 0
98 0 0
99 0 0
100 0 0
101 0 0
102 0 0
103 0 0
104 0 0
105 0 0
106 0 0
107 0 0
108 0 0
109 0 0
110 0 0
111 0 0
112 0 0
113 0 0
114 0 0
115 0 0
116 0 0
117 0 0
118 0 0
119 0 0
120 0 0
121 0 0
122 0 0
123 0 0
124 0 0
125 0 0
126 0 0
127 0 0
128 0 0
129 0 0
130 0 0
131 0 0
132 0 0
133 0 0
134 0 0
135 0 0
136 0 0
137 0 0
138 0 0
139 0 0
140 0 0
141 0 0
142 0 0
143 0 0
144 0 0
145 0 0
146 0 0
147 0 0
148 0 0
149 0 0
150 0 0
151 0 0
152 0 0
153 0 0
154 0 0
155 0 0
156 0 0
157 0 0
158 0 0
159 0 0
160 0 0
161 0 0
162 0 0
163 0 0
164 0 0
165 0 0
166 0 0
167 0 0
168 0 0
169 0 0
170 0 0
171 0 0
172 0 0
173 0 0
174 0 0
175 0 0
176 0 0
177 0 0
178 0 0
179 0 0
180 0 0
181 0 0
182 0 0
183 0 0
184 0 0
185 0 0
186 0 0
187 0 0
188 0 0
189 0 0
190 0 0
191 0 0
192 0 0
193 0 0
194 0 0
195 0 0
196 0 0
197 0 0
198 0 0
199 0 0
200 0 0
201 0 0
202 0 0
203 0 0
204 0 0
205 0 0
206 0 0
207 0 0
208 0 0
209 0 0
210 0 0
211 0 0
212 0 0
213 0 0
214 0 0
215 0 0
216 0 0
217 0 0
218 0 0
219 0 0
220 0 0
221 0 0
222 0 0
223 0 0
224 0 0
225 0 0
226 0 0
227 0 0
228 0 0
229 0 0
230 0 0
231 0 0
232 0 0
233 0 0
234 0 0
235 0 0
236 0 0
237 0 0
238 0 0
239 0 0
240 0 0
241 0 0
242 0 0
243 0 0
244 0 0
245 0 0
246 0 0
247 0 0
248 0 0
249 0 0
250 0 0
251 0 0
252 0 0
253 0 0
254 0 0
255 0 0
256 0 0
257 0 0
258 0 0
259 0 0
260 0 0
261 0 0
262 0 0
263 0 0
264 0 0
265 0 0
266 0 0
267 0 0
268 0 0
269 0 0
270 0 0
271 0 0
272 0 0
273 0 0
274 0 0
275 0 0
276 0 0
277 0 0
278 0 0
279 0 0
280 0 0
281 0 0
282 0 0
283 0 0
284 0 0
285 0 0
286 0 0
287 0 0
288 0 0
289 0 0
290 0 0
291 0 0
292 0 0
293 0 0
294 0 0
295 0 0
296 0 0
297 0 0
298 0 0
299 0 0
300 0 0
301 0 0
302 0 0
303 0 0
304 0 0
305 0 0
306 0 0
307 0 0
308 0 0
309 0 0
310 0 0
311 0 0
312 0 0
313 0 0
314 0 0
315 0 0
316 0 0
317 0 0
318 0 0
319 0 0
320 0 0
321 0 0
322 0 0
323 0 0
324 0 0
325 0 0
326 0 0
327 0 0
328 0 0
329 0 0
330 0 0
331 0 0
332 0 0
333 0 0
334 0 0
335 0 0
336 0 0
337 0 0
338 0 0
339 0 0
340 0 0
341 0 0
342 0 0
343 0 0
344 0 0
345 0 0
346 0 0
347 0 0
348 0 0
349 0 0
350 0 0
351 0 0
352 0 0
353 0 0
354 0 0
355 0 0
356 0 0
357 0 0
358 0 0
359 0 0
360 0 0
361 0 0
362 0 0
363 0 0
364 0 0
365 0 0
366 0 0
367 0 0
368 0 0
369 0 0
370 0 0
371 0 0
372 0 0
373 0 0
374 0 0
375 0 0
376 0 0
377 0 0
378 0 0
379 0 0
380 0 0
381 0 0
382 0 0
383 0 0
384 0 0
385 0 0
386 0 0
387 0 0
388 0 0
389 0 0
390 0 0
391 0 0
392 0 0
393 0 0
394 0 0
395 0 0
396 0 0
397 0 0
398 0 0
399 0 0
400 0 0
401 0 0
402 0 0
403 0 0
404 0 0
405 0 0
406 0 0
407 0 0
408 0 0
409 0 0
410 0 0
411 0 0
412 0 0
413 0 0
414 0 0
415 0 0
416 0 0
417 0 0
418 0 0
419 0 0
420 0 0
421 0 0
422 0 0
423 0 0
424 0 0
425 0 0
426 0 0
427 0 0
428 0 0
429 0 0
430 0 0
431 0 0
432 0 0
433 0 0
434 0 0
435 0 0
436 0 0
437 0 0
438 0 0
439 0 0
440 0 0
441 0 0
442 0 0
443 0 0
444 0 0
445 0 0
446 0 0
447 0 0
448 0 0
449 0 0
450 0 0
451 0 0
452 0 0
453 0 0
454 0 0
455 0 0
456 0 0
457 0 0
458 0 0
459 0 0
460 0 0
461 0 0
462 0 0
463 0 0
464 0 0
465 0 0
466 0 0
467 0 0
468 0 0
469 0 0
470 0 0
471 0 0
472 0 0
473 0 0
474 0 0
475 0 0
476 0 0
477 0 0
478 0 0
479 0 0
480 0 0
481 0 0
482 0 0
483 0 0
484 0 0
485 0 0
486 0 0
487 0 0
488 0 0
489 0 0
490 0 0
491 0 0
492 0 0
493 0 0
494 0 0
495 0 0
496 0 0
497 0 0
498 0 0
499 0 0
500 0 0
501 0 0
502 0 0
503 0 0
504 0 0
505 0 0
506 0 0
507 0 0
508 0 0
509 0 0
510 0 0
511 0 0
512 0 0
513 0 0
514 0 0
515 0 0
516 0 0
517 0 0
518 0 0
519 0 0
520 0 0
521 0 0
522 0 0
523 0 0
524 0 0
525 0 0
526 0 0
527 0 0
528 0 0
529 0 0
530 0 0
531 0 0
532 0 0
533 0 0
534 0 0
535 0 0
536 0 0
537 0 0
538 0 0
539 0 0
540 0 0
541 0 0
542 0 0
543 0 0
544 0 0
545 0 0
546 0 0
547 0 0
548 0 0
549 0 0
550 0 0
551 0 0
552 0 0
553 0 0
554 0 0
555 0 0
556 0 0
557 0 0
558 0 0
559 0 0
560 0 0
561 0 0
562 0 0
563 0 0
564 0 0
565 0 0
566 0 0
567 0 0
568 0 0
569 0 0
570 0 0
571 0 0
572 0 0
573 0 0
574 0 0
575 0 0
576 0 0
577 0 0
578 0 0
579 0 0
580 0 0
581 0 0
582 0 0
583 0 0
584 0 0
585 0 0
586 0 0
587 0 0
588 0 0
589 0 0
590 0 0
591 0 0
592 0 0
593 0 0
594 0 0
595 0 0
596 0 0
597 0 0
598 0 0
599 0 0
600 0 0
601 0 0
602 0 0
603 0 0
604 0 0
605 0 0
606 0 0
607 0 0
608 0 0
609 0 0
610 0 0
611 0 0
612 0 0
613 0 0
614 0 0
615 0 0
616 0 0
617 0 0
618 0 0
619 0 0
620 0 0
621 0 0
622 0 0
623 0 0
624 0 0
625 0 0
626 0 0
627 0 0
628 0 0
629 0 0
630 0 0
631 0 0
632 0 0
633 0 0
634 0 0
635 0 0
636 0 0
637 0 0
638 0 0
639 0 0
640 0 0
641 0 0
642 0 0
643 0 0
644 0 0
645 0 0
646 0 0
647 0 0
648 0 0
649 0 0
650 0 0
651 0 0
652 0 0
653 0 0
654 0 0
655 0 0
656 0 0
657 0 0
658 0 0
659 0 0
660 0 0
661 0 0
662 0 0
663 0 0
664 0 0
665 0 0
666 0 0
667 0 0
668 0 0
669 0 0
670 0 0
671 0 0
672 0 0
673 0 0
674 0 0
675 0 0
676 0 0
677 0 0
678 0 0
679 0 0
680 0 0
681 0 0
682 0 0
683 0 0
684 0 0
685 0 0
686 0 0
687 0 0
688 0 0
689 0 0
690 0 0
691 0 0
692 0 0
693 0 0
694 0 0
695 0 0
696 0 0
697 0 0
698 0 0
699 0 0
700 0 0
701 0 0
702 0 0
703 0 1
704 0 1
705 0 1
706 0 1
707 0 1
708 0 1
709 0 1
710 0 1
711 0 1
712 0 1
713 0 1
714 0 1
715 0 1
716 0 1
717 0 1
718 0 1
719 0 1
720 0 1
721 0 1
722 0 1
723 0 1
724 0 1
725 0 1
726 0 1
727 0 1
728 0 1
729 0 1
730 0 1
731 0 1
732 0 1
733 0 1
734 0 1
735 0 1
736 0 1
737 0 1
738 0 1
739 0 1
740 0 1
741 0 1
742 0 1
743 0 1
744 0 1
745 0 1
746 0 1
747 0 1
748 0 1
749 0 1
750 0 1
751 0 1
752 0 1
753 0 1
754 0 1
755 0 1
756 0 1
757 0 1
758 0 1
759 0 1
760 0 1
761 0 1
762 0 1
763 0 1
764 0 1
765 0 1
766 0 1
767 0 1
768 0 1
769 0 1
770 0 1
771 0 1
772 0 1
773 0 1
774 0 1
775 0 1
776 0 1
777 0 1
778 0 2
779 0 2
780 0 2
781 0 2
782 0 2
783 0 2
784 0 2
785 0 2
786 0 2
787 0 2
788 0 2
789 0 2
790 0 2
791 0 2
792 0 2
793 0 2
794 0 2
795 0 2
796 0 2
797 0 2
798 0 2
799 0 2
800 0 2
801 0 2
802 0 2
803 0 2
804 0 2
805 0 2
806 0 2
807 0 2
808 0 2
809 0 2
810 0 2
811 0 2
812 0 2
813 0 2
814 0 2
815 0 2
816 0 2
817 0 2
818 0 2
819 0 2
820 0 2
821 0 2
822 0 2
823 0 2
824 0 2
825 0 2
826 0 2
827 0 2
828 0 1
829 0 1
830 0 1
831 0 1
832 0 1
833 0 1
834 0 1
835 0 1
836 0 1
837 0 1
838 0 1
839 0 1
840 0 1
841 0 1
842 0 1
843 0 1
844 0 1
845 0 1
846 0 1
847 0 1
848 0 1
849 0 1
850 0 1
851 0 1
852 0 1
853 0 1
854 0 1
855 0 1
856 0 1
857 0 1
858 0 1
859 0 1
860 0 1
861 0 1
862 0 1
863 0 1
864 0 1
865 0 1
866 0 1
867 0 1
868 0 1
869 0 1
870 0 1
871 0 1
872 0 1
873 0 1
874 0 1
875 0 1
876 0 1
877 0 1
878 0 1
879 0 1
880 0 1
881 0 1
882 0 1
883 0 1
884 0 1
885 0 1
886 0 1
887 0 1
888 0 1
889 0 1
890 0 1
891 0 1
892 0 1
893 0 1
894 0 1
895 0 1
896 0 1
897 0 1
898 0 1
899 0 1
900 0 1
901 0 1
902 0 1
903 0 1
904 0 1
905 0 1
906 0 1
907 1 1
908 1 1
909 1 1
910 1 1
911 1 1
912 1 1
913 1 1
914 1 1
915 1 1
916 1 1
917 1 1
918 1 1
919 1 1
920 1 1
921 1 1
922 1 1
923 1 1
924 1 1
925 1 1
926 1 1
927 1 1
928 1 1
929 1 1
930 1 1
931 1 1
932 1 1
933 1 1
934 1 1
935 1 1
936 1 1
937 1 1
938 1 1
939 1 1
940 1 1
941 1 1
942 1 1
943 1 1
944 1 1
945 1 1
946 1 1
947 1 1
948 1 1
949 1 1
950 1 1
951 1 1
952 1 1
953 1 1
954 1 1
955 1 1
956 1 1
957 1 1
958 1 1
959 1 1
960 1 2
961 1 2
962 1 2
963 1 2
964 1 2
965 1 2
966 1 2
967 1 2
968 1 2
969 1 2
970 1 2
971 1 2
972 1 2
973 1 2
974 1 2
975 1 2
976 1 2
977 1 2
978 1 2
979 1 2
980 1 2
981 1 2
982 1 2
983 1 2
984 1 2
985 1 2
986 1 2
987 1 2
988 1 2
989 1 2
990 1 2
991 1 2
992 1 2
993 1 2
994 1 2
995 1 2
996 1 2
997 1 2
998 1 2
999 1 2
1000 1 2
1001 1 2
1002 1 2
1003 1 2
1004 1 2
1005 1 2
1006 1 2
1007 1 2
1008 1 2
1009 1 2
1010 1 2
1011 1 2
1012 1 2
1013 1 2
1014 1 2
1015 1 2
1016 1 2
1017 1 2
1018 1 2
1019 1 2
1020 1 2
1021 1 2
1022 1 2
1023 1 2
1024 1 2
1025 1 2
1026 1 2
1027 1 2
1028 1 2
1029 1 2
1030 1 2
1031 1 2
1032 1 2
1033 1 2
1034 1 2
1035 1 2
1036 1 2
1037 1 2
1038 1 2
1039 1 2
1040 1 2
1041 1 2
1042 1 2
1043 1 2
1044 1 2
1045 1 2
1046 1 2
1047 1 2
1048 1 2
1049 1 2
1050 1 2
1051 1 2
1052 1 2
1053 1 2
1054 1 2
1055 1 2
1056 1 2
1057 1 2
1058 1 2
1059 1 2
1060 1 2
1061 1 2
1062 1 2
1063 1 2
1064 1 2
1065 1 2
1066 1 2
1067 1 2
1068 1 2
1069 1 2
1070 1 2
1071 1 2
1072 1 2
1073 1 2
1074 1 2
1075 1 2
1076 1 2
1077 1 2
1078 1 2
1079 1 2
1080 1 2
1081 1 2
1082 1 2
1083 1 2
1084 1 2
1085 1 2
1086 1 2
1087 1 2
1088 1 2
1089 1 2
1090 1 2
1091 1 2
1092 1 2
1093 1 2
1094 1 2
1095 1 2
1096 1 2
1097 1 2
1098 1 2
1099 1 2
1100 1 2
1101 1 2
1102 1 2
1103 1 2
1104 1 2
1105 1 2
1106 1 2
1107 1 2
1108 1 2
1109 1 2
1110 1 2
1111 1 2
1112 1 2
1113 1 2
1114 1 2
1115 1 2
1116 1 2
1117 1 2
1118 1 2
1119 1 2
1120 1 2
1121 1 2
1122 1 2
1123 1 2
1124 1 2
1125 1 2
1126 1 2
1127 1 2
1128 1 2
1129 1 2
1130 1 2
1131 1 2
1132 1 2
1133 1 2
1134 1 2
1135 1 2
1136 1 2
1137 1 2
1138 1 2
1139 1 2
1140 1 2
1141 1 2
1142 1 2
1143 1 2
1144 1 2
1145 1 2
1146 1 2
1147 1 2
1148 1 2
1149 1 2
1150 1 3
1151 1 3
1152 1 3
1153 1 3
1154 1 3
1155 1 3
1156 1 3
1157 1 3
1158 1 3
1159 1 3
1160 1 3
1161 1 3
1162 1 3
1163 1 3
1164 1 3
1165 1 3
1166 1 3
1167 1 3
1168 1 3
1169 1 3
1170 1 3
1171 1 3
1172 1 3
1173 1 3
1174 1 3
1175 1 3
1176 1 3
1177 1 3
1178 1 3
1179 1 3
1180 1 3
1181 1 3
1182 1 3
1183 1 3
1184 1 3
1185 1 3
1186 1 3
1187 1 3
1188 1 3
1189 1 3
1190 1 3
1191 1 3
1192 1 3
1193 1 3
1194 1 3
1195 1 3
1196 1 3
1197 1 3
1198 1 3
1199 1 3
1200 1 3
1201 1 3
1202 1 3
1203 1 3
1204 1 3
1205 1 2
1206 1 2
1207 1 2
1208 1 2
1209 1 2
1210 1 2
1211 1 2
1212 1 2
1213 1 2
1214 1 2
1215 1 3
1216 1 3
1217 1 3
1218 1 3
1219 1 3
1220 1 3
1221 1 3
1222 1 3
1223 1 3
1224 1 3
1225 1 3
1226 1 3
1227 1 3
1228 1 3
1229 1 3
1230 1 3
1231 1 3
1232 1 3
1233 1 3
1234 1 3
1235 1 3
1236 1 3
1237 1 3
1238 1 3
1239 1 3
1240 1 3
1241 1 3
1242 1 3
1243 1 3
1244 1 3
1245 1 3
1246 1 3
1247 1 3
1248 1 3
1249 1 3
1250 1 3
1251 1 3
1252 1 3
1253 1 3
1254 1 3
1255 1 3
1256 1 3
1257 1 3
1258 1 3
1259 1 3
1260 1 3
1261 1 3
1262 1 3
1263 1 3
1264 1 3
1265 1 3
1266 1 3
1267 1 3
1268 1 3
1269 1 3
1270 1 3
1271 1 3
1272 1 3
1273 1 3
1274 1 3
1275 1 3
1276 1 3
1277 1 3
1278 1 3
1279 1 3
1280 1 3
1281 1 3
1282 1 3
1283 1 3
1284 1 3
1285 1 3
1286 1 3
1287 1 3
1288 1 3
1289 1 3
1290 1 3
1291 1 4
1292 2 4
1293 2 4
1294 2 4
1295 2 4
1296 2 4
1297 2 4
1298 2 4
1299 2 4
1300 2 4
1301 2 4
1302 2 4
1303 2 4
1304 2 4
1305 2 4
1306 2 4
1307 2 4
1308 2 4
1309 2 4
1310 2 4
1311 2 4
1312 2 4
1313 2 4
1314 2 4
1315 2 4
1316 2 4
1317 2 4
1318 2 4
1319 2 4
1320 2 3
1321 2 3
1322 2 3
1323 2 3
1324 2 3
1325 2 3
1326 2 3
1327 2 3
1328 2 3
1329 2 3
1330 2 3
1331 2 4
1332 2 4
1333 2 4
1334 2 4
1335 2 4
1336 2 4
1337 2 4
1338 2 4
1339 2 4
1340 2 4
1341 2 4
1342 2 4
1343 2 4
1344 2 4
1345 2 4
1346 2 4
1347 2 4
1348 2 4
1349 2 4
1350 2 4
1351 2 4
1352 2 4
1353 2 4
1354 2 4
1355 2 4
1356 2 4
1357 2 4
1358 2 4
1359 2 4
1360 2 4
1361 2 4
1362 2 4
1363 2 4
1364 2 4
1365 2 4
1366 2 4
1367 2 4
1368 2 5
1369 2 5
1370 2 5
1371 2 5
1372 2 5
1373 2 5
1374 2 5
1375 2 5
1376 2 5
1377 2 5
1378 2 5
1379 2 5
1380 2 5
1381 2 5
1382 2 5
1383 2 5
1384 2 5
1385 2 5
1386 2 5
1387 2 5
1388 2 5
1389 2 5
1390 2 5
1391 2 5
1392 2 5
1393 2 5
1394 2 5
1395 2 5
1396 2 5
1397 2 5
1398 2 5
1399 2 5
1400 2 5
1401 2 5
1402 2 5
1403 2 5
1404 2 5
1405 2 5
1406 2 5
1407 2 5
1408 2 5
1409 2 5
1410 2 5
1411 2 5
1412 2 5
1413 2 5
1414 2 5
1415 2 5
1416 2 5
1417 2 5
1418 2 5
1419 2 5
1420 2 5
1421 2 5
1422 2 5
1423 2 5
1424 2 5
1425 2 5
1426 2 5
1427 2 5
1428 2 5
1429 2 5
1430 2 5
1431 2 5
1432 2 5
1433 2 5
1434 2 5
1435 2 5
1436 2 5
1437 2 5
1438 2 5
1439 2 6
1440 2 6
1441 2 6
1442 2 6
1443 2 6
1444 2 6
1445 2 6
1446 2 6
1447 2 6
1448 2 6
1449 2 6
1450 2 6
1451 2 6
1452 2 6
1453 2 6
1454 2 6
1455 2 6
1456 2 6
1457 2 6
1458 2 6
1459 2 7
1460 2 7
1461 2 7
1462 2 7
1463 2 7
1464 2 7
1465 2 7
1466 2 7
1467 2 7
1468 2 7
1469 2 7
1470 2 7
1471 2 7
1472 2 7
1473 2 7
1474 2 7
1475 2 7
1476 2 7
1477 2 7
1478 2 7
1479 2 7
1480 2 7
1481 2 7
1482 2 7
1483 2 7
1484 2 7
1485 2 7
1486 2 7
1487 2 7
1488 2 7
1489 2 7
1490 2 7
1491 2 7
1492 2 7
1493 2 7
1494 2 7
1495 2 7
1496 2 7
1497 2 7
1498 2 7
1499 2 7
1500 2 7
1501 2 7
1502 2 7
1503 2 7
1504 2 7
1505 2 7
1506 2 7
1507 2 7
1508 2 7
1509 2 7
1510 2 7
1511 2 7
1512 2 7
1513 2 7
1514 2 7
1515 2 7
1516 2 7
1517 2 7
1518 2 7
1519 2 8
1520 2 8
1521 2 8
1522 2 8
1523 2 8
1524 2 8
1525 2 8
1526 2 8
1527 2 8
1528 2 8
1529 2 8
1530 2 8
1531 2 8
1532 2 8
1533 2 8
1534 2 8
1535 2 8
1536 2 8
1537 2 8
1538 2 9
1539 2 9
1540 2 9
1541 2 9
1542 2 9
1543 2 9
1544 2 9
1545 2 9
1546 2 9
1547 2 9
1548 2 9
1549 2 9
1550 2 9
1551 2 9
1552 2 9
1553 2 9
1554 2 9
1555 2 9
1556 2 9
1557 2 9
1558 2 9
1559 2 9
1560 2 9
1561 2 9
1562 2 9
1563 2 9
1564 2 9
1565 2 9
1566 2 9
1567 2 9
1568 2 9
1569 2 9
1570 2 9
1571 2 9
1572 2 9
1573 2 9
1574 2 9
1575 2 9
1576 2 9
1577 2 9
1578 2 9
1579 2 9
1580 2 9
1581 2 9
1582 2 9
1583 2 9
1584 3 9
1585 3 9
1586 3 9
1587 3 9
1588 3 9
1589 3 9
1590 3 9
1591 3 9
1592 3 9
1593 3 9
1594 3 9
1595 3 9
1596 3 9
1597 3 9
1598 3 9
1599 3 9
1600 3 9
1601 3 9
1602 3 9
1603 3 9
1604 3 9
1605 3 9
1606 3 9
1607 3 9
1608 3 9
1609 3 9
1610 3 9
1611 3 9
1612 3 9
1613 3 9
1614 3 9
1615 3 9
1616 3 9
1617 3 9
1618 3 9
1619 3 10
1620 3 9
1621 3 9
1622 3 9
1623 3 9
1624 3 9
1625 3 9
1626 3 9
1627 3 9
1628 3 9
1629 3 10
1630 3 10
1631 3 10
1632 3 10
1633 3 10
1634 3 10
1635 3 10
1636 3 10
1637 3 10
1638 3 10
1639 3 10
1640 3 10
1641 3 10
1642 3 10
1643 3 10
1644 3 10
1645 3 10
1646 3 10
1647 3 10
1648 3 10
1649 3 10
1650 3 10
1651 3 10
1652 3 10
1653 3 10
1654 3 10
1655 3 10
1656 3 10
1657 3 10
1658 3 10
1659 3 10
1660 3 10
1661 3 10
1662 3 11
1663 3 11
1664 3 11
1665 3 10
1666 3 10
1667 3 10
1668 3 10
1669 3 10
1670 3 10
1671 3 10
1672 3 10
1673 3 10
1674 3 10
1675 3 10
1676 3 10
1677 3 10
1678 3 11
1679 3 11
1680 3 11
1681 3 11
1682 3 11
1683 3 11
1684 3 11
1685 3 11
1686 3 11
1687 3 11
1688 3 11
1689 3 11
1690 3 11
1691 3 11
1692 3 11
1693 3 11
1694 3 11
1695 3 11
1696 3 11
1697 3 11
1698 3 11
1699 3 11
1700 3 11
1701 3 11
1702 3 11
1703 3 11
1704 3 11
1705 3 11
1706 3 11
1707 3 11
1708 3 11
1709 3 11
1710 3 11
1711 3 11
1712 3 11
1713 3 11
1714 3 11
1715 3 11
1716 3 11
1717 3 11
1718 3 11
1719 3 11
1720 3 11
1721 3 11
1722 3 11
1723 3 11
1724 3 11
1725 3 11
1726 3 11
1727 3 11
1728 3 11
1729 3 11
1730 3 12
1731 3 12
1732 3 12
1733 3 12
1734 3 12
1735 3 12
1736 3 12
1737 3 12
1738 3 12
1739 3 12
1740 3 12
1741 3 12
1742 3 12
1743 3 12
1744 3 12
1745 3 12
1746 3 12
1747 3 13
1748 3 13
1749 3 12
1750 3 13
1751 3 13
1752 3 13
1753 3 13
1754 3 13
1755 3 13
1756 3 13
1757 3 13
1758 3 13
1759 3 13
1760 3 13
1761 3 13
1762 3 13
1763 3 13
1764 3 13
1765 3 13
1766 3 13
1767 3 14
1768 3 14
1769 3 14
1770 3 14
1771 3 14
1772 3 14
1773 3 14
1774 3 14
1775 3 14
1776 3 14
1777 3 14
1778 3 14
1779 3 14
1780 3 14
1781 3 14
1782 3 14
1783 3 14
1784 3 14
1785 3 14
1786 3 14
1787 3 14
1788 3 14
1789 3 14
1790 3 14
1791 3 14
1792 3 14
1793 3 14
1794 3 14
1795 3 14
1796 3 14
1797 3 14
1798 3 14
1799 3 14
1800 3 14
1801 3 14
1802 3 14
1803 3 14
1804 3 14
1805 3 14
1806 3 14
1807 3 15
1808 3 15
1809 4 15
1810 4 15
1811 4 15
1812 4 15
1813 4 15
1814 4 15
1815 4 15
1816 4 15
1817 4 15
1818 4 15
1819 4 15
1820 4 15
1821 4 15
1822 4 15
1823 4 15
1824 4 15
1825 4 15
1826 4 15
1827 4 15
1828 4 15
1829 4 15
1830 4 15
1831 4 15
1832 4 15
1833 4 15
1834 4 15
1835 4 15
1836 4 15
1837 4 15
1838 4 15
1839 4 15
1840 4 15
1841 4 15
1842 4 15
1843 4 15
1844 4 15
1845 4 15
1846 4 15
1847 4 15
1848 4 15
1849 4 15
1850 4 15
1851 4 15
1852 4 15
1853 4 15
1854 4 15
1855 4 15
1856 4 15
1857 4 15
1858 4 15
1859 4 15
1860 4 15
1861 4 16
1862 4 16
1863 4 16
1864 4 16
1865 4 16
1866 4 16
1867 4 16
1868 4 16
1869 4 16
1870 4 16
1871 4 16
1872 4 16
1873 4 16
1874 4 16
1875 4 16
1876 4 16
1877 4 16
1878 4 16
1879 4 16
1880 4 16
1881 4 16
1882 4 16
1883 4 16
1884 4 16
1885 4 16
1886 4 16
1887 4 16
1888 4 16
1889 4 16
1890 4 17
1891 4 17
1892 4 17
1893 4 17
1894 4 17
1895 4 17
1896 4 17
1897 4 17
1898 4 17
1899 4 17
1900 4 17
1901 4 17
1902 4 17
1903 4 17
1904 4 17
1905 4 17
1906 4 17
1907 4 17
1908 4 17
1909 4 17
1910 4 17
1911 4 17
1912 4 17
1913 4 17
1914 4 17
1915 4 17
1916 4 17
1917 4 17
1918 4 17
1919 4 17
1920 4 17
1921 4 17
1922 4 17
1923 4 17
1924 4 17
1925 4 17
1926 4 18
1927 4 17
1928 4 17
1929 4 17
1930 4 17
1931 4 17
1932 4 17
1933 4 17
1934 4 17
1935 4 17
1936 4 17
1937 4 17
1938 4 17
1939 4 17
1940 4 17
1941 4 17
1942 4 18
1943 4 18
1944 4 18
1945 4 18
1946 4 18
1947 4 18
1948 4 18
1949 4 18
1950 4 18
1951 4 18
1952 4 18
1953 4 18
1954 5 18
1955 5 18
1956 5 18
1957 5 18
1958 5 18
1959 5 18
1960 5 18
1961 5 18
1962 5 18
1963 5 18
1964 5 19
1965 5 19
1966 5 19
1967 5 19
1968 5 19
1969 5 19
1970 5 19
1971 5 19
1972 5 19
1973 5 19
1974 5 19
1975 5 18
1976 5 18
1977 5 18
1978 5 18
1979 5 18
1980 5 18
1981 5 18
1982 5 18
1983 5 18
1984 5 18
1985 5 18
1986 5 18
1987 5 18
1988 5 19
1989 5 19
1990 5 19
1991 5 19
1992 5 19
1993 5 19
1994 5 19
1995 5 18
1996 5 18
1997 5 18
1998 5 18
1999 5 18
2000 5 18
2001 5 18
2002 5 18
2003 5 18
2004 5 18
2005 5 18
2006 5 18
2007 5 18
2008 5 18
2009 5 18
2010 5 18
2011 5 18
2012 5 18
2013 5 18
2014 5 18
2015 5 18
2016 5 18
2017 5 18
2018 5 18
2019 5 18
2020 5 19
2021 5 19
2022 5 19
2023 5 19
2024 5 19
2025 5 19
2026 5 19
2027 5 19
2028 5 19
2029 5 19
2030 5 19
2031 5 19
2032 5 19
2033 5 19
2034 5 19
2035 5 19
2036 5 19
2037 5 19
2038 5 19
2039 5 19
2040 5 19
2041 5 19
2042 5 19
2043 5 19
2044 5 19
2045 5 19
2046 5 19
2047 5 19
2048 5 19
2049 5 19
2050 5 19
2051 5 19
2052 5 19
2053 5 19
2054 5 19
2055 5 19
2056 5 19
2057 5 19
2058 5 19
2059 5 19
2060 5 19
2061 5 19
2062 5 19
2063 5 19
2064 5 19
2065 5 20
2066 5 20
2067 5 20
2068 5 20
2069 5 20
2070 5 20
2071 5 20
2072 5 20
2073 5 20
2074 5 20
2075 5 20
2076 5 20
2077 5 20
2078 5 20
2079 5 20
2080 5 20
2081 5 20
2082 5 20
2083 5 20
2084 5 20
2085 5 20
2086 5 20
2087 5 20
2088 5 21
2089 5 21
2090 5 21
2091 5 21
2092 5 21
2093 5 21
2094 5 21
2095 5 21
2096 5 21
2097 5 21
2098 5 21
2099 5 21
2100 5 21
2101 5 21
2102 5 21
2103 5 21
2104 5 21
2105 5 21
2106 5 21
2107 5 21
2108 5 21
2109 5 21
2110 5 21
2111 5 21
2112 5 21
2113 5 21
2114 5 21
2115 5 21
2116 5 21
2117 5 21
2118 5 21
2119 5 21
2120 5 21
2121 5 21
2122 5 21
2123 6 21
2124 6 21
2125 6 21
2126 6 21
2127 6 22
2128 6 22
2129 6 22
2130 6 22
2131 6 22
2132 6 22
2133 6 22
2134 6 22
2135 6 22
2136 6 22
2137 6 22
2138 6 22
2139 6 22
2140 6 22
2141 6 22
2142 6 22
2143 6 22
2144 6 22
2145 6 22
2146 6 22
2147 6 22
2148 6 22
2149 6 22
2150 6 22
2151 6 23
2152 6 23
2153 6 23
2154 6 23
2155 6 23
2156 6 23
2157 6 23
2158 6 23
2159 6 23
2160 6 23
2161 6 23
2162 6 23
2163 6 23
2164 6 23
2165 6 23
2166 6 23
2167 6 23
2168 6 23
2169 6 23
2170 6 23
2171 6 23
2172 6 23
2173 6 23
2174 6 23
2175 6 23
2176 6 24
2177 6 24
2178 6 24
2179 6 24
2180 6 24
2181 6 24
2182 6 24
2183 6 24
2184 6 24
2185 6 24
2186 6 24
2187 6 24
2188 6 24
2189 6 24
2190 6 24
2191 6 24
2192 6 24
2193 6 24
2194 6 24
2195 6 24
2196 6 24
2197 6 24
2198 6 24
2199 6 24
2200 6 24
2201 6 24
2202 6 24
2203 6 24
2204 6 24
2205 6 24
2206 6 24
2207 6 24
2208 6 24
2209 6 24
2210 6 24
2211 6 25
2212 6 25
2213 6 25
2214 6 25
2215 6 25
2216 6 25
2217 6 25
2218 6 25
2219 6 25
2220 6 25
2221 6 25
2222 6 25
2223 6 25
2224 6 25
2225 6 25
2226 6 25
2227 6 25
2228 6 25
2229 6 25
2230 6 25
2231 6 25
2232 6 25
2233 6 25
2234 6 25
2235 6 25
2236 6 25
2237 6 25
2238 6 25
2239 6 25
2240 6 25
2241 6 25
2242 6 25
2243 6 25
2244 7 25
2245 7 25
2246 7 25
2247 7 25
2248 7 25
2249 7 25
2250 7 25
2251 7 25
2252 7 25
2253 7 25
2254 7 25
2255 7 25
2256 7 25
2257 7 25
2258 7 25
2259 7 25
2260 7 25
2261 7 25
2262 7 25
2263 7 25
2264 7 25
2265 7 25
2266 7 25
2267 7 25
2268 7 25
2269 7 25
2270 7 25
2271 7 25
2272 7 25
2273 7 25
2274 7 25
2275 7 25
2276 7 25
2277 7 25
2278 7 25
2279 7 25
2280 7 26
2281 7 25
2282 7 25
2283 7 25
2284 7 25
2285 7 26
2286 7 26
2287 7 26
2288 7 26
2289 7 26
2290 7 26
2291 7 26
2292 7 26
2293 7 26
2294 7 26
2295 7 26
2296 7 26
2297 7 26
2298 7 26
2299 7 26
2300 7 26
2301 7 26
2302 7 26
2303 7 26
2304 7 26
2305 7 26
2306 7 26
2307 7 26
2308 7 26
2309 7 26
2310 7 26
2311 7 26
2312 7 26
2313 7 27
2314 7 27
2315 7 27
2316 7 27
2317 7 27
2318 7 27
2319 7 27
2320 7 27
2321 7 27
2322 7 27
2323 7 27
2324 7 27
2325 7 27
2326 7 27
2327 7 27
2328 7 27
2329 7 27
2330 7 27
2331 7 27
2332 7 27
2333 7 27
2334 7 27
2335 7 27
2336 7 27
2337 7 27
2338 7 27
2339 7 27
2340 7 27
2341 7 27
2342 7 27
2343 7 27
2344 7 27
2345 7 27
2346 8 27
2347 8 27
2348 8 27
2349 8 27
2350 8 27
2351 8 27
2352 8 27
2353 8 27
2354 8 27
2355 8 27
2356 8 27
2357 8 27
2358 8 27
2359 8 28
2360 8 27
2361 8 28
2362 8 28
2363 8 28
2364 8 28
2365 8 28
2366 8 28
2367 8 28
2368 8 28
2369 8 28
2370 8 28
2371 8 28
2372 8 28
2373 8 28
2374 8 28
2375 8 28
2376 8 28
2377 8 27
2378 8 27
2379 8 27
2380 8 27
2381 8 27
2382 8 27
2383 8 28
2384 8 28
2385 8 28
2386 8 28
2387 8 28
2388 8 28
2389 8 28
2390 8 28
2391 8 28
2392 8 28
2393 8 28
2394 8 28
2395 8 28
2396 8 28
2397 8 28
2398 8 28
2399 8 28
2400 8 28
2401 8 28
2402 8 28
2403 8 28
2404 8 28
2405 8 28
2406 8 28
2407 8 28
2408 8 29
2409 8 29
2410 8 29
2411 8 29
2412 8 29
2413 8 29
2414 8 29
2415 8 29
2416 8 29
2417 8 29
2418 8 29
2419 8 29
2420 8 29
2421 8 29
2422 8 29
2423 8 29
2424 8 29
2425 8 29
2426 8 29
2427 8 29
2428 8 29
2429 8 29
2430 8 29
2431 8 29
2432 8 29
2433 8 29
2434 8 29
2435 8 29
2436 8 29
2437 8 29
2438 9 30
2439 9 30
2440 9 30
2441 9 30
2442 9 30
2443 9 30
2444 9 30
2445 9 30
2446 9 30
2447 9 30
2448 9 30
2449 9 30
2450 9 30
2451 9 30
2452 9 30
2453 9 30
2454 9 30
2455 9 30
2456 9 30
2457 9 30
2458 9 30
2459 9 30
2460 9 30
2461 9 30
2462 9 30
2463 9 30
2464 9 30
2465 9 30
2466 9 31
2467 9 31
2468 9 31
2469 9 31
2470 9 31
2471 9 31
2472 9 31
2473 9 31
2474 9 31
2475 9 31
2476 9 31
2477 9 31
2478 9 31
2479 9 31
2480 9 31
2481 9 31
2482 9 31
2483 9 31
2484 9 31
2485 9 31
2486 9 31
2487 9 31
2488 9 31
2489 9 31
2490 9 31
2491 9 31
2492 9 31
2493 9 31
2494 9 31
2495 9 31
2496 9 31
2497 9 31
2498 9 31
2499 9 31
2500 9 31
2501 10 31
2502 10 31
2503 10 31
2504 10 31
2505 10 31
2506 10 31
2507 10 31
2508 10 31
2509 10 31
2510 10 31
2511 10 31
2512 10 31
2513 10 32
2514 10 32
2515 10 32
2516 10 32
2517 10 32
2518 10 32
2519 10 32
2520 10 32
2521 10 32
2522 10 32
2523 10 32
2524 10 32
2525 10 32
2526 10 32
2527 10 32
2528 10 32
2529 10 32
2530 10 32
2531 10 32
2532 10 32
2533 10 32
2534 10 32
2535 10 32
2536 10 32
2537 10 32
2538 10 32
2539 10 32
2540 10 32
2541 10 32
2542 10 32
2543 10 32
2544 10 32
2545 10 32
2546 10 32
2547 10 32
2548 10 32
2549 10 32
2550 10 32
2551 10 32
2552 10 32
2553 10 32
2554 10 32
2555 10 32
2556 10 32
2557 10 33
2558 10 33
2559 10 33
2560 10 33
2561 10 33
2562 10 33
2563 10 33
2564 10 33
2565 10 33
2566 10 33
2567 10 33
2568 10 33
2569 10 33
2570 10 33
2571 10 33
2572 10 33
2573 10 33
2574 10 33
2575 10 33
2576 10 33
2577 11 33
2578 11 33
2579 11 33
2580 11 33
2581 11 33
2582 11 33
2583 11 33
2584 11 33
2585 11 33
2586 11 33
2587 11 33
2588 11 33
2589 11 33
2590 11 33
2591 11 33
2592 11 33
2593 11 33
2594 11 33
2595 11 33
2596 11 33
2597 11 33
2598 11 33
2599 11 33
2600 11 33
2601 11 33
2602 11 33
2603 11 33
2604 11 33
2605 11 33
2606 11 33
2607 11 33
2608 11 33
2609 11 33
2610 11 33
2611 11 33
2612 11 33
2613 11 33
2614 11 33
2615 11 33
2616 11 33
2617 11 33
2618 11 33
2619 11 33
2620 11 33
2621 11 33
2622 11 33
2623 11 33
2624 11 34
2625 11 34
2626 11 34
2627 11 34
2628 11 34
2629 11 34
2630 11 34
2631 11 34
2632 11 34
2633 11 34
2634 11 34
2635 11 34
2636 11 34
2637 12 34
2638 12 34
2639 12 34
2640 12 34
2641 12 34
2642 12 34
2643 12 34
2644 12 34
2645 12 34
2646 12 34
2647 12 34
2648 12 34
2649 12 34
2650 12 34
2651 12 35
2652 12 35
2653 12 35
2654 12 35
2655 12 35
2656 12 35
2657 12 35
2658 12 35
2659 12 35
2660 12 35
2661 12 35
2662 12 35
2663 12 35
2664 12 35
2665 12 35
2666 12 35
2667 12 35
2668 12 35
2669 12 35
2670 12 35
2671 12 35
2672 12 35
2673 12 35
2674 12 35
2675 12 35
2676 12 35
2677 12 35
2678 12 35
2679 12 35
2680 12 35
2681 12 35
2682 12 35
2683 12 35
2684 12 35
2685 13 35
2686 13 35
2687 13 35
2688 13 35
2689 13 35
2690 13 35
2691 13 35
2692 13 35
2693 13 35
2694 13 35
2695 13 35
2696 13 35
2697 13 35
2698 13 35
2699 13 35
2700 13 35
2701 13 35
2702 13 35
2703 13 35
2704 13 35
2705 13 35
2706 13 35
2707 13 36
2708 13 36
2709 13 36
2710 13 36
2711 13 36
2712 13 36
2713 13 36
2714 13 36
2715 13 36
2716 13 36
2717 13 36
2718 13 36
2719 13 36
2720 13 35
2721 13 35
2722 13 35
2723 13 35
2724 13 35
2725 13 35
2726 13 35
2727 13 35
2728 13 35
2729 13 35
2730 13 36
2731 13 35
2732 13 36
2733 13 36
2734 13 36
2735 13 36
2736 13 36
2737 13 36
2738 13 36
2739 13 36
2740 13 36
2741 13 36
2742 13 36
2743 13 36
2744 13 36
2745 13 36
2746 13 36
2747 13 36
2748 13 36
2749 13 36
2750 13 36
2751 13 36
2752 13 36
2753 13 36
2754 13 36
2755 13 36
2756 13 36
2757 13 36
2758 13 36
2759 13 36
2760 13 36
2761 14 36
2762 14 36
2763 14 36
2764 14 36
2765 14 36
2766 14 36
2767 14 36
2768 14 36
2769 14 36
2770 14 36
2771 14 36
2772 14 36
2773 14 36
2774 14 36
2775 14 36
2776 14 36
2777 14 36
2778 14 36
2779 14 36
2780 14 36
2781 14 36
2782 14 36
2783 14 36
2784 15 36
2785 15 36
2786 15 36
2787 15 36
2788 15 36
2789 15 37
2790 15 37
2791 15 37
2792 15 36
2793 15 36
2794 15 37
2795 15 37
2796 15 37
2797 15 37
2798 15 37
2799 15 37
2800 15 37
2801 15 37
2802 15 37
2803 15 37
2804 15 37
2805 15 37
2806 15 37
2807 15 37
2808 15 37
2809 15 37
2810 15 37
2811 15 37
2812 15 37
2813 15 37
2814 15 37
2815 15 37
2816 15 37
2817 15 37
2818 15 37
2819 15 38
2820 16 38
2821 16 38
2822 16 38
2823 16 38
2824 16 38
2825 16 38
2826 16 38
2827 16 38
2828 16 38
2829 16 38
2830 16 38
2831 16 38
2832 16 38
2833 16 38
2834 16 38
2835 16 38
2836 16 38
2837 16 38
2838 16 38
2839 17 38
2840 17 38
2841 17 38
2842 17 38
2843 17 38
2844 17 38
2845 17 38
2846 17 38
2847 17 38
2848 17 38
2849 17 38
2850 17 38
2851 17 38
2852 17 38
2853 17 38
2854 17 38
2855 17 39
2856 17 39
2857 17 39
2858 17 39
2859 17 39
2860 18 39
2861 18 39
2862 18 39
2863 18 39
2864 18 39
2865 18 39
2866 18 39
2867 18 39
2868 18 39
2869 18 39
2870 18 39
2871 18 39
2872 18 39
2873 18 39
2874 18 39
2875 18 39
2876 18 39
2877 18 39
2878 18 39
2879 18 39
2880 18 39
2881 18 39
2882 18 39
2883 18 39
2884 18 39
2885 18 39
2886 18 39
2887 18 39
2888 18 39
2889 18 39
2890 18 39
2891 18 39
2892 18 39
2893 18 40
2894 19 40
2895 19 40
2896 19 40
2897 19 40
2898 19 40
2899 19 40
2900 19 40
2901 19 40
2902 19 40
2903 19 40
2904 19 40
2905 19 40
2906 19 40
2907 19 40
2908 19 40
2909 19 40
2910 19 40
2911 19 40
2912 19 40
2913 20 40
2914 20 40
2915 20 40
2916 20 40
2917 20 40
2918 20 40
2919 20 40
2920 20 40
2921 20 40
2922 20 40
2923 20 40
2924 20 40
2925 20 40
2926 20 40
2927 20 40
2928 20 40
2929 20 40
2930 20 40
2931 20 40
2932 20 40
2933 20 40
2934 20 40
2935 20 40
2936 21 40
2937 21 40
2938 21 40
2939 21 40
2940 21 40
2941 21 40
2942 21 40
2943 21 41
2944 21 41
2945 21 41
2946 21 41
2947 21 41
2948 22 41
2949 22 41
2950 22 41
2951 22 41
2952 22 41
2953 22 41
2954 22 41
2955 22 41
2956 23 41
2957 23 41
2958 23 41
2959 23 41
2960 23 41
2961 23 41
2962 23 41
2963 23 41
2964 23 41
2965 23 41
2966 24 41
2967 24 41
2968 24 41
2969 24 41
2970 24 41
2971 24 41
2972 24 41
2973 24 41
2974 24 41
2975 24 41
2976 24 41
2977 24 41
2978 25 41
2979 25 41
2980 25 41
2981 25 41
2982 25 41
2983 25 41
2984 25 41
2985 25 41
2986 25 41
2987 25 41
2988 25 42
2989 25 42
2990 25 41
2991 25 41
2992 25 41
2993 25 41
2994 25 41
2995 25 41
2996 25 41
2997 25 41
2998 25 41
2999 25 41
3000 25 41
3001 25 41
3002 25 41
3003 25 41
3004 25 41
3005 25 41
3006 26 41
3007 26 41
3008 26 41
3009 26 41
3010 26 41
3011 26 41
3012 26 41
3013 26 41
3014 26 41
3015 26 41
3016 26 41
3017 26 41
3018 26 41
3019 26 41
3020 26 41
3021 26 41
3022 26 41
3023 26 41
3024 26 41
3025 26 41
3026 26 41
3027 26 41
3028 26 41
3029 26 41
3030 26 41
3031 26 41
3032 27 41
3033 27 41
3034 27 41
3035 27 41
3036 27 41
3037 27 41
3038 27 41
3039 27 41
3040 27 41
3041 27 41
3042 27 41
3043 27 41
3044 27 41
3045 27 41
3046 27 41
3047 27 41
3048 27 41
3049 27 41
3050 27 40
3051 27 40
3052 27 40
3053 27 40
3054 27 40
3055 27 40
3056 27 40
3057 27 40
3058 27 40
3059 27 40
3060 27 40
3061 27 40
3062 27 40
3063 27 40
3064 27 40
3065 28 40
3066 28 40
3067 28 40
3068 28 40
3069 28 40
3070 28 40
3071 29 40
3072 29 40
3073 29 40
3074 29 40
3075 29 40
3076 29 41
3077 29 41
3078 29 41
3079 29 41
3080 29 41
3081 30 41
3082 31 41
3083 31 41
3084 31 41
3085 31 41
3086 31 41
3087 31 41
3088 32 41
3089 32 41
3090 32 41
3091 32 41
3092 33 41
3093 33 41
3094 33 41
3095 33 41
3096 33 41
3097 34 41
3098 34 41
3099 34 41
3100 35 41
3101 35 41
3102 35 41
3103 36 41
3104 36 41
3105 36 41
3106 36 41
3107 36 41
3108 36 41
3109 36 41
3110 37 41
3111 37 41
3112 37 41
3113 37 42
3114 37 42
3115 37 42
3116 37 42
3117 37 42
3118 37 42
3119 37 42
3120 38 42
3121 38 42
3122 38 42
3123 39 42
3124 40 42
3125 41 42
3126 41 42
3127 41 42
3128 41 42
3129 41 42
3130 41 42
3131 41 42
3132 41 42
3133 41 42
3134 41 42
3135 41 42
3136 41 42
3137 41 42
3138 41 42
3139 41 42
3140 41 42
3141 41 42
3142 42 42
3143 42 42
3144 42 42
3145 42 42
3146 43 42
3147 43 42
3148 43 42
3149 44 42
3150 44 42
3151 44 42
3152 44 42
3153 45 42
3154 45 42
3155 45 42
3156 45 42
3157 45 42
3158 45 42
3159 45 42
3160 45 42
3161 46 42
3162 46 42
3163 47 42
3164 47 42
3165 47 42
3166 47 42
3167 47 42
3168 47 43
3169 47 43
3170 47 43
3171 47 43
3172 47 43
3173 47 43
3174 47 43
3175 47 43
3176 47 43
3177 47 43
3178 47 43
3179 47 43
3180 47 43
3181 47 43
3182 47 43
3183 47 43
3184 47 43
3185 47 43
3186 47 43
3187 47 43
3188 47 43
3189 47 43
3190 47 43
3191 47 43
3192 47 43
3193 47 43
3194 47 43
3195 47 43
3196 47 43
3197 47 42
3198 47 43
3199 47 43
3200 47 43
3201 48 43
3202 48 43
3203 48 43
3204 49 43
3205 49 43
3206 49 43
3207 50 43
3208 50 43
3209 50 43
3210 50 43
3211 51 43
3212 51 43
3213 51 43
3214 51 43
3215 51 43
3216 51 43
3217 51 43
3218 52 43
3219 53 43
3220 53 43
3221 53 43
3222 53 43
3223 53 43
3224 53 43
3225 53 43
3226 53 43
3227 54 43
3228 54 43
3229 55 43
3230 55 43
3231 55 43
3232 55 43
3233 56 43
3234 56 43
3235 57 43
3236 57 43
3237 57 44
3238 57 44
3239 57 44
3240 57 44
3241 58 44
3242 59 44
3243 60 44
3244 60 44
3245 60 44
3246 60 44
3247 63 44
3248 63 44
3249 64 44
3250 64 44
3251 65 44
3252 67 44
3253 68 44
3254 68 44
3255 69 44
3256 69 44
3257 71 44
3258 71 44
3259 72 44
3260 72 44
3261 72 44
3262 72 44
3263 73 44
3264 73 44
3265 73 44
3266 74 44
3267 74 44
3268 74 44
3269 74 44
3270 75 44
3271 77 44
3272 78 44
3273 81 44
3274 83 45
3275 83 45
3276 83 45
3277 83 45
3278 83 45
3279 83 45
3280 83 45
3281 83 45
3282 83 45
3283 83 45
3284 84 45
3285 95 45
3286 95 45
3287 95 45
3288 95 45
3289 95 45
3290 95 45
3291 95 45
3292 95 45
3293 95 45
3294 95 45
3295 95 45
3296 95 45
3297 95 45
3298 95 45
3299 95 45
3300 95 45
3301 95 45
3302 95 45
3303 95 45
3304 95 45
3305 95 45
3306 95 45
3307 95 45
3308 95 45
3309 95 45
3310 95 45
3311 95 45
3312 95 45
3313 95 45
3314 95 45
3315 95 46
3316 95 46
3317 95 46
3318 96 46
3319 100 46
