0 0 0
1 0 0
2 0 0
3 0 0
4 0 0
5 0 0
6 0 0
7 0 0
8 0 0
9 0 0
10 0 0
11 0 0
12 0 0
13 0 0
14 0 0
15 0 0
16 0 0
17 0 0
18 0 0
19 0 0
20 0 0
21 0 0
22 0 0
23 0 0
24 0 0
25 0 0
26 0 0
27 0 0
28 0 0
29 0 0
30 0 0
31 0 0
32 0 0
33 0 0
34 0 0
35 0 0
36 0 0
37 0 0
38 0 0
39 0 0
40 0 0
41 0 0
42 0 0
43 0 0
44 0 0
45 0 0
46 0 0
47 0 0
48 0 0
49 0 0
50 0 0
51 0 0
52 0 0
53 0 0
54 0 0
55 0 0
56 0 0
57 0 0
58 0 0
59 0 0
60 0 0
61 0 0
62 0 0
63 0 0
64 0 0
65 0 0
66 0 0
67 0 0
68 0 0
69 0 0
70 0 0
71 0 0
72 0 0
73 0 0
74 0 0
75 0 0
76 0 0
77 0 0
78 0 0
79 0 0
80 0 0
81 0 0
82 0 0
83 0 0
84 0 0
85 0 0
86 0 0
87 0 0
88 0 0
89 0 0
90 0 0
91 0 0
92 0 0
93 0 0
94 0 0
95 0 0
96 0 0
97 0 0
98 0 0
99 0 0
100 0 0
101 0 0
102 0 0
103 0 0
104 0 0
105 0 0
106 0 0
107 0 0
108 0 0
109 0 0
110 0 0
111 0 0
112 0 2
113 0 2
114 0 2
115 0 2
116 0 2
117 0 2
118 0 2
119 0 2
120 0 2
121 0 2
122 0 2
123 0 2
124 0 2
125 0 2
126 0 2
127 0 2
128 0 2
129 0 4
130 0 4
131 0 4
132 0 4
133 0 4
134 0 4
135 0 4
136 0 4
137 0 4
138 0 4
139 0 4
140 0 4
141 0 4
142 0 4
143 0 4
144 0 3
145 0 3
146 0 3
147 0 3
148 0 3
149 0 3
150 0 3
151 0 3
152 0 3
153 0 3
154 0 3
155 0 3
156 0 3
157 0 5
158 0 5
159 0 5
160 0 5
161 0 5
162 0 5
163 0 5
164 0 5
165 0 5
166 0 5
167 0 5
168 0 5
169 0 5
170 0 4
171 0 4
172 0 4
173 0 4
174 0 4
175 0 4
176 0 4
177 0 4
178 0 4
179 0 4
180 0 4
181 0 4
182 0 4
183 0 4
184 0 4
185 0 4
186 0 4
187 0 4
188 0 4
189 0 4
190 0 4
191 0 4
192 0 4
193 0 4
194 0 4
195 0 4
196 0 4
197 0 4
198 0 4
199 0 4
200 0 4
201 0 4
202 0 4
203 0 4
204 0 4
205 0 4
206 0 4
207 0 4
208 0 4
209 0 4
210 0 4
211 0 4
212 0 4
213 0 4
214 0 4
215 0 4
216 0 4
217 0 4
218 0 4
219 0 4
220 0 4
221 0 4
222 0 4
223 0 4
224 0 4
225 0 4
226 0 3
227 0 3
228 0 3
229 0 3
230 0 3
231 0 3
232 0 3
233 0 3
234 0 3
235 0 3
236 0 3
237 0 3
238 0 3
239 0 3
240 0 3
241 0 3
242 0 3
243 0 3
244 0 3
245 0 3
246 0 3
247 0 3
248 0 3
249 0 3
250 0 3
251 0 3
252 0 3
253 0 3
254 0 3
255 0 3
256 0 3
257 0 3
258 0 3
259 0 3
260 0 3
261 0 3
262 0 3
263 0 3
264 0 3
265 0 3
266 0 3
267 0 3
268 0 3
269 0 3
270 0 3
271 0 3
272 0 3
273 0 3
274 0 3
275 0 3
276 0 3
277 0 3
278 0 3
279 0 3
280 0 3
281 0 3
282 0 3
283 0 3
284 0 3
285 0 3
286 0 3
287 0 3
288 0 3
289 0 2
290 0 2
291 0 2
292 0 2
293 0 2
294 0 2
295 0 2
296 0 2
297 0 2
298 0 2
299 0 2
300 0 2
301 0 2
302 0 2
303 0 2
304 0 2
305 0 2
306 0 2
307 0 2
308 0 2
309 0 2
310 0 2
311 0 2
312 0 2
313 0 2
314 0 2
315 0 2
316 0 2
317 0 2
318 0 2
319 0 2
320 0 2
321 0 3
322 0 3
323 0 3
324 0 3
325 0 3
326 0 3
327 0 3
328 0 3
329 0 3
330 0 3
331 0 3
332 0 3
333 0 3
334 0 3
335 0 3
336 0 3
337 0 3
338 0 3
339 0 3
340 0 3
341 0 3
342 0 3
343 0 3
344 0 3
345 0 3
346 0 3
347 0 3
348 0 3
349 0 3
350 0 3
351 0 3
352 0 3
353 0 3
354 0 3
355 0 3
356 0 3
357 0 3
358 0 3
359 0 3
360 0 3
361 0 3
362 0 3
363 0 3
364 0 3
365 0 3
366 0 3
367 0 2
368 0 2
369 0 2
370 0 2
371 0 2
372 0 2
373 0 2
374 0 2
375 0 2
376 0 2
377 0 2
378 0 2
379 0 2
380 0 2
381 0 2
382 0 2
383 0 2
384 0 2
385 0 2
386 0 2
387 0 2
388 0 2
389 0 2
390 0 2
391 0 2
392 0 2
393 0 2
394 0 2
395 0 2
396 0 2
397 0 3
398 0 3
399 0 3
400 0 3
401 0 3
402 0 3
403 0 3
404 0 3
405 0 3
406 0 3
407 0 3
408 0 3
409 0 3
410 0 3
411 0 3
412 0 3
413 0 3
414 0 3
415 0 3
416 0 3
417 0 3
418 0 3
419 0 3
420 0 3
421 0 3
422 0 3
423 0 3
424 0 3
425 0 3
426 0 3
427 0 3
428 0 3
429 0 3
430 0 3
431 0 3
432 0 3
433 0 3
434 0 3
435 0 3
436 0 3
437 0 3
438 0 3
439 0 3
440 0 3
441 0 3
442 0 3
443 0 3
444 0 3
445 0 3
446 0 3
447 0 3
448 0 3
449 0 3
450 0 3
451 0 3
452 0 2
453 0 2
454 0 2
455 0 2
456 0 2
457 0 2
458 0 2
459 0 2
460 0 2
461 0 2
462 0 2
463 0 2
464 0 2
465 0 2
466 0 2
467 0 2
468 0 2
469 0 2
470 0 2
471 0 2
472 0 2
473 0 2
474 0 2
475 0 2
476 0 2
477 0 2
478 0 2
479 0 2
480 0 2
481 0 2
482 0 2
483 0 2
484 0 2
485 0 2
486 0 2
487 0 2
488 0 2
489 0 2
490 0 2
491 0 2
492 0 2
493 0 2
494 0 2
495 0 2
496 0 2
497 0 2
498 0 2
499 0 2
500 0 2
501 0 2
502 0 2
503 0 2
504 0 2
505 0 2
506 0 2
507 0 2
508 0 2
509 0 2
510 0 2
511 0 2
512 0 2
513 0 2
514 0 2
515 0 2
516 0 2
517 0 2
518 0 2
519 0 2
520 0 2
521 0 2
522 0 2
523 0 2
524 0 2
525 0 2
526 0 2
527 0 2
528 0 2
529 0 2
530 0 2
531 0 2
532 0 2
533 0 2
534 0 2
535 0 2
536 0 2
537 0 2
538 0 2
539 0 2
540 0 2
541 0 2
542 0 2
543 0 2
544 0 2
545 0 2
546 0 2
547 0 2
548 0 2
549 0 2
550 0 2
551 0 2
552 0 2
553 0 2
554 0 2
555 0 2
556 0 2
557 0 2
558 0 2
559 0 2
560 0 2
561 0 2
562 0 2
563 0 2
564 0 2
565 0 2
566 0 2
567 0 2
568 0 2
569 0 2
570 0 2
571 0 2
572 0 2
573 0 2
574 0 2
575 0 2
576 0 2
577 0 2
578 0 2
579 0 2
580 0 2
581 0 2
582 0 2
583 0 2
584 0 2
585 0 2
586 0 2
587 0 2
588 0 2
589 0 2
590 0 2
591 0 2
592 0 2
593 0 2
594 0 2
595 0 2
596 0 2
597 0 2
598 0 2
599 0 2
600 0 2
601 0 2
602 0 2
603 0 2
604 0 2
605 0 2
606 0 2
607 0 2
608 0 2
609 0 2
610 0 2
611 0 2
612 0 2
613 0 2
614 0 2
615 0 2
616 0 2
617 0 2
618 0 2
619 0 2
620 0 2
621 0 2
622 0 2
623 0 2
624 0 2
625 0 2
626 0 2
627 0 2
628 0 2
629 0 2
630 0 2
631 0 2
632 0 2
633 0 2
634 0 2
635 0 2
636 0 2
637 0 2
638 0 2
639 0 3
640 0 3
641 0 2
642 0 2
643 0 2
644 0 2
645 0 2
646 0 2
647 0 2
648 0 2
649 0 2
650 0 2
651 0 2
652 0 2
653 0 2
654 0 2
655 0 2
656 0 2
657 0 2
658 0 2
659 0 2
660 0 2
661 0 2
662 0 2
663 0 2
664 0 2
665 0 2
666 0 2
667 0 2
668 0 2
669 0 2
670 0 2
671 0 2
672 0 2
673 0 2
674 0 2
675 0 2
676 0 2
677 0 2
678 0 2
679 0 2
680 0 2
681 0 2
682 0 2
683 0 2
684 0 2
685 0 2
686 0 2
687 0 2
688 0 2
689 0 2
690 0 2
691 0 2
692 0 2
693 0 2
694 0 2
695 0 2
696 0 2
697 0 2
698 0 2
699 0 2
700 0 2
701 0 2
702 0 2
703 0 2
704 0 2
705 0 2
706 0 2
707 0 2
708 0 2
709 0 2
710 0 2
711 0 2
712 0 2
713 0 2
714 0 3
715 0 3
716 0 3
717 0 3
718 0 3
719 0 3
720 0 3
721 0 3
722 0 3
723 0 3
724 0 3
725 0 3
726 0 3
727 0 2
728 0 2
729 0 2
730 0 2
731 0 2
732 0 2
733 0 2
734 0 2
735 0 2
736 0 2
737 0 2
738 0 2
739 0 2
740 0 2
741 0 2
742 0 2
743 0 2
744 0 2
745 0 2
746 0 2
747 0 2
748 0 2
749 0 2
750 0 2
751 0 2
752 0 2
753 0 2
754 0 2
755 0 2
756 0 2
757 0 2
758 0 2
759 0 2
760 0 2
761 0 2
762 0 2
763 0 2
764 0 2
765 0 2
766 0 2
767 0 2
768 0 2
769 0 2
770 0 2
771 0 2
772 0 2
773 0 2
774 0 2
775 0 3
776 0 3
777 0 3
778 0 3
779 0 3
780 0 3
781 0 3
782 0 3
783 0 3
784 0 3
785 0 3
786 0 3
787 0 3
788 0 3
789 0 3
790 0 3
791 0 3
792 0 3
793 0 3
794 0 3
795 0 3
796 0 3
797 0 3
798 0 3
799 0 3
800 0 3
801 0 3
802 0 3
803 0 3
804 0 3
805 0 3
806 0 3
807 0 3
808 0 3
809 0 3
810 0 3
811 0 3
812 0 3
813 0 3
814 0 3
815 0 3
816 0 3
817 0 3
818 0 3
819 0 4
820 0 4
821 0 4
822 0 4
823 0 4
824 0 4
825 0 4
826 0 4
827 0 4
828 0 4
829 0 4
830 0 4
831 0 4
832 0 4
833 0 4
834 0 4
835 0 4
836 0 4
837 0 4
838 0 4
839 0 4
840 0 4
841 0 4
842 0 4
843 0 4
844 0 4
845 0 4
846 0 4
847 0 4
848 0 4
849 0 4
850 0 4
851 0 4
852 0 4
853 0 4
854 0 4
855 0 4
856 0 4
857 0 4
858 0 4
859 0 4
860 0 4
861 0 4
862 0 4
863 0 4
864 0 4
865 0 4
866 0 4
867 0 4
868 0 4
869 0 4
870 0 4
871 0 4
872 0 4
873 0 4
874 0 4
875 0 4
876 0 4
877 0 4
878 0 4
879 0 4
880 0 4
881 0 4
882 0 4
883 0 4
884 0 4
885 0 4
886 0 4
887 0 4
888 0 4
889 0 4
890 0 4
891 0 4
892 0 4
893 0 4
894 0 4
895 0 4
896 0 4
897 0 4
898 0 4
899 0 4
900 0 4
901 0 4
902 0 4
903 0 4
904 0 4
905 0 4
906 0 4
907 1 4
908 1 4
909 1 4
910 1 4
911 1 4
912 1 4
913 1 4
914 1 4
915 1 4
916 1 4
917 1 4
918 1 4
919 1 4
920 1 4
921 1 4
922 1 4
923 1 4
924 1 4
925 1 4
926 1 4
927 1 4
928 1 4
929 1 4
930 1 4
931 1 4
932 1 4
933 1 4
934 1 4
935 1 4
936 1 4
937 1 4
938 1 4
939 1 4
940 1 4
941 1 4
942 1 4
943 1 4
944 1 4
945 1 4
946 1 4
947 1 4
948 1 4
949 1 4
950 1 4
951 1 4
952 1 4
953 1 4
954 1 4
955 1 4
956 1 4
957 1 4
958 1 3
959 1 3
960 1 3
961 1 3
962 1 3
963 1 4
964 1 4
965 1 4
966 1 4
967 1 4
968 1 4
969 1 4
970 1 4
971 1 4
972 1 4
973 1 4
974 1 4
975 1 4
976 1 4
977 1 4
978 1 4
979 1 4
980 1 4
981 1 4
982 1 4
983 1 4
984 1 4
985 1 4
986 1 4
987 1 4
988 1 4
989 1 4
990 1 4
991 1 4
992 1 4
993 1 4
994 1 4
995 1 4
996 1 4
997 1 4
998 1 4
999 1 4
1000 1 4
1001 1 4
1002 1 4
1003 1 4
1004 1 4
1005 1 4
1006 1 4
1007 1 4
1008 1 4
1009 1 4
1010 1 4
1011 1 4
1012 1 4
1013 1 4
1014 1 4
1015 1 4
1016 1 4
1017 1 4
1018 1 4
1019 1 4
1020 1 4
1021 1 4
1022 1 4
1023 1 4
1024 1 4
1025 1 4
1026 1 4
1027 1 4
1028 1 4
1029 1 4
1030 1 4
1031 1 4
1032 1 4
1033 1 4
1034 1 4
1035 1 4
1036 1 4
1037 1 4
1038 1 4
1039 1 4
1040 1 4
1041 1 4
1042 1 4
1043 1 4
1044 1 4
1045 1 4
1046 1 4
1047 1 4
1048 1 4
1049 1 4
1050 1 4
1051 1 4
1052 1 4
1053 1 4
1054 1 4
1055 1 4
1056 1 4
1057 1 4
1058 1 4
1059 1 4
1060 1 4
1061 1 4
1062 1 4
1063 1 4
1064 1 4
1065 1 4
1066 1 4
1067 1 4
1068 1 4
1069 1 4
1070 1 4
1071 1 4
1072 1 4
1073 1 4
1074 1 4
1075 1 4
1076 1 4
1077 1 4
1078 1 4
1079 1 4
1080 1 4
1081 1 4
1082 1 4
1083 1 4
1084 1 4
1085 1 4
1086 1 4
1087 1 4
1088 1 4
1089 1 4
1090 1 4
1091 1 4
1092 1 4
1093 1 4
1094 1 4
1095 1 4
1096 1 4
1097 1 4
1098 1 4
1099 1 4
1100 1 4
1101 1 4
1102 1 4
1103 1 4
1104 1 4
1105 1 4
1106 1 4
1107 1 4
1108 1 4
1109 1 4
1110 1 4
1111 1 4
1112 1 4
1113 1 4
1114 1 4
1115 1 4
1116 1 4
1117 1 4
1118 1 4
1119 1 4
1120 1 4
1121 1 4
1122 1 4
1123 1 4
1124 1 4
1125 1 4
1126 1 4
1127 1 4
1128 1 4
1129 1 4
1130 1 4
1131 1 4
1132 1 4
1133 1 4
1134 1 4
1135 1 4
1136 1 4
1137 1 4
1138 1 4
1139 1 4
1140 1 4
1141 1 4
1142 1 4
1143 1 4
1144 1 4
1145 1 4
1146 1 4
1147 1 4
1148 1 4
1149 1 4
1150 1 4
1151 1 4
1152 1 4
1153 1 4
1154 1 4
1155 1 4
1156 1 4
1157 1 4
1158 1 4
1159 1 4
1160 1 4
1161 1 4
1162 1 4
1163 1 4
1164 1 4
1165 1 4
1166 1 4
1167 1 4
1168 1 4
1169 1 4
1170 1 4
1171 1 4
1172 1 4
1173 1 4
1174 1 4
1175 1 4
1176 1 4
1177 1 4
1178 1 4
1179 1 4
1180 1 4
1181 1 4
1182 1 4
1183 1 4
1184 1 4
1185 1 4
1186 1 4
1187 1 4
1188 1 4
1189 1 4
1190 1 4
1191 1 4
1192 1 4
1193 1 4
1194 1 4
1195 1 4
1196 1 4
1197 1 4
1198 1 4
1199 1 4
1200 1 4
1201 1 4
1202 1 4
1203 1 4
1204 1 4
1205 1 4
1206 1 4
1207 1 4
1208 1 4
1209 1 4
1210 1 4
1211 1 4
1212 1 4
1213 1 4
1214 1 4
1215 1 4
1216 1 4
1217 1 4
1218 1 4
1219 1 4
1220 1 4
1221 1 4
1222 1 4
1223 1 4
1224 1 4
1225 1 4
1226 1 4
1227 1 4
1228 1 4
1229 1 4
1230 1 4
1231 1 4
1232 1 4
1233 1 4
1234 1 4
1235 1 4
1236 1 4
1237 1 4
1238 1 4
1239 1 4
1240 1 4
1241 1 4
1242 1 4
1243 1 4
1244 1 4
1245 1 4
1246 1 4
1247 1 4
1248 1 4
1249 1 4
1250 1 4
1251 1 4
1252 1 4
1253 1 4
1254 1 4
1255 1 4
1256 1 4
1257 1 4
1258 1 4
1259 1 4
1260 1 4
1261 1 4
1262 1 4
1263 1 4
1264 1 4
1265 1 4
1266 1 4
1267 1 5
1268 1 5
1269 1 5
1270 1 5
1271 1 5
1272 1 5
1273 1 5
1274 1 5
1275 1 5
1276 1 5
1277 1 5
1278 1 5
1279 1 5
1280 1 5
1281 1 5
1282 1 5
1283 1 5
1284 1 5
1285 1 5
1286 1 5
1287 1 5
1288 1 5
1289 1 5
1290 1 5
1291 1 5
1292 2 5
1293 2 5
1294 2 5
1295 2 5
1296 2 5
1297 2 5
1298 2 5
1299 2 5
1300 2 5
1301 2 5
1302 2 5
1303 2 5
1304 2 5
1305 2 5
1306 2 5
1307 2 5
1308 2 5
1309 2 5
1310 2 5
1311 2 5
1312 2 5
1313 2 5
1314 2 5
1315 2 5
1316 2 5
1317 2 5
1318 2 5
1319 2 5
1320 2 5
1321 2 5
1322 2 5
1323 2 5
1324 2 5
1325 2 5
1326 2 5
1327 2 5
1328 2 5
1329 2 5
1330 2 5
1331 2 5
1332 2 5
1333 2 5
1334 2 5
1335 2 5
1336 2 5
1337 2 5
1338 2 5
1339 2 5
1340 2 5
1341 2 5
1342 2 5
1343 2 5
1344 2 5
1345 2 5
1346 2 5
1347 2 5
1348 2 5
1349 2 5
1350 2 6
1351 2 6
1352 2 6
1353 2 6
1354 2 6
1355 2 6
1356 2 6
1357 2 6
1358 2 6
1359 2 6
1360 2 6
1361 2 6
1362 2 6
1363 2 6
1364 2 6
1365 2 6
1366 2 7
1367 2 7
1368 2 7
1369 2 7
1370 2 7
1371 2 7
1372 2 7
1373 2 7
1374 2 7
1375 2 7
1376 2 7
1377 2 7
1378 2 7
1379 2 7
1380 2 7
1381 2 7
1382 2 7
1383 2 7
1384 2 7
1385 2 7
1386 2 7
1387 2 7
1388 2 7
1389 2 7
1390 2 7
1391 2 7
1392 2 7
1393 2 7
1394 2 7
1395 2 7
1396 2 7
1397 2 7
1398 2 7
1399 2 7
1400 2 7
1401 2 7
1402 2 7
1403 2 7
1404 2 7
1405 2 7
1406 2 7
1407 2 7
1408 2 7
1409 2 7
1410 2 7
1411 2 7
1412 2 7
1413 2 7
1414 2 7
1415 2 7
1416 2 7
1417 2 7
1418 2 7
1419 2 7
1420 2 7
1421 2 7
1422 2 8
1423 2 8
1424 2 8
1425 2 8
1426 2 8
1427 2 8
1428 2 8
1429 2 8
1430 2 8
1431 2 8
1432 2 8
1433 2 8
1434 2 8
1435 2 8
1436 2 8
1437 2 8
1438 2 8
1439 2 8
1440 2 8
1441 2 8
1442 2 8
1443 2 8
1444 2 8
1445 2 8
1446 2 8
1447 2 8
1448 2 8
1449 2 8
1450 2 8
1451 2 8
1452 2 8
1453 2 8
1454 2 8
1455 2 8
1456 2 8
1457 2 8
1458 2 8
1459 2 8
1460 2 8
1461 2 8
1462 2 8
1463 2 8
1464 2 8
1465 2 8
1466 2 8
1467 2 8
1468 2 8
1469 2 8
1470 2 8
1471 2 8
1472 2 8
1473 2 8
1474 2 8
1475 2 8
1476 2 8
1477 2 8
1478 2 8
1479 2 8
1480 2 8
1481 2 8
1482 2 8
1483 2 8
1484 2 8
1485 2 8
1486 2 8
1487 2 8
1488 2 8
1489 2 8
1490 2 8
1491 2 8
1492 2 8
1493 2 9
1494 2 9
1495 2 9
1496 2 9
1497 2 9
1498 2 9
1499 2 9
1500 2 9
1501 2 9
1502 2 9
1503 2 9
1504 2 9
1505 2 9
1506 2 9
1507 2 9
1508 2 9
1509 2 9
1510 2 9
1511 2 9
1512 2 9
1513 2 9
1514 2 9
1515 2 9
1516 2 9
1517 2 9
1518 2 9
1519 2 9
1520 2 9
1521 2 9
1522 2 9
1523 2 9
1524 2 9
1525 2 9
1526 2 9
1527 2 9
1528 2 9
1529 2 9
1530 2 9
1531 2 9
1532 2 9
1533 2 9
1534 2 9
1535 2 9
1536 2 9
1537 2 9
1538 2 9
1539 2 9
1540 2 9
1541 2 9
1542 2 9
1543 2 9
1544 2 9
1545 2 9
1546 2 9
1547 2 9
1548 2 9
1549 2 9
1550 2 9
1551 2 9
1552 2 10
1553 2 10
1554 2 9
1555 2 9
1556 2 9
1557 2 9
1558 2 9
1559 2 9
1560 2 9
1561 2 10
1562 2 10
1563 2 10
1564 2 10
1565 2 10
1566 2 10
1567 2 10
1568 2 10
1569 2 10
1570 2 10
1571 2 10
1572 2 10
1573 2 10
1574 2 10
1575 2 10
1576 2 10
1577 2 10
1578 2 10
1579 2 10
1580 2 10
1581 2 10
1582 2 10
1583 2 10
1584 3 10
1585 3 10
1586 3 10
1587 3 10
1588 3 10
1589 3 11
1590 3 11
1591 3 11
1592 3 11
1593 3 11
1594 3 11
1595 3 11
1596 3 11
1597 3 11
1598 3 11
1599 3 11
1600 3 11
1601 3 11
1602 3 10
1603 3 10
1604 3 10
1605 3 10
1606 3 10
1607 3 10
1608 3 10
1609 3 10
1610 3 10
1611 3 10
1612 3 10
1613 3 11
1614 3 11
1615 3 11
1616 3 11
1617 3 11
1618 3 11
1619 3 11
1620 3 11
1621 3 11
1622 3 11
1623 3 11
1624 3 11
1625 3 11
1626 3 11
1627 3 11
1628 3 11
1629 3 11
1630 3 11
1631 3 11
1632 3 11
1633 3 11
1634 3 11
1635 3 11
1636 3 11
1637 3 11
1638 3 11
1639 3 11
1640 3 11
1641 3 11
1642 3 11
1643 3 11
1644 3 11
1645 3 11
1646 3 11
1647 3 11
1648 3 11
1649 3 11
1650 3 11
1651 3 11
1652 3 11
1653 3 11
1654 3 11
1655 3 11
1656 3 11
1657 3 11
1658 3 11
1659 3 11
1660 3 11
1661 3 11
1662 3 11
1663 3 11
1664 3 11
1665 3 11
1666 3 11
1667 3 11
1668 3 11
1669 3 11
1670 3 11
1671 3 11
1672 3 11
1673 3 11
1674 3 11
1675 3 11
1676 3 11
1677 3 11
1678 3 11
1679 3 11
1680 3 11
1681 3 11
1682 3 11
1683 3 11
1684 3 11
1685 3 11
1686 3 11
1687 3 11
1688 3 11
1689 3 11
1690 3 11
1691 3 12
1692 3 12
1693 3 12
1694 3 12
1695 3 12
1696 3 12
1697 3 12
1698 3 12
1699 3 12
1700 3 12
1701 3 12
1702 3 12
1703 3 12
1704 3 12
1705 3 12
1706 3 12
1707 3 12
1708 3 12
1709 3 12
1710 3 12
1711 3 12
1712 3 12
1713 3 12
1714 3 12
1715 3 12
1716 3 12
1717 3 12
1718 3 12
1719 3 12
1720 3 12
1721 3 12
1722 3 12
1723 3 12
1724 3 12
1725 3 12
1726 3 12
1727 3 12
1728 3 12
1729 3 12
1730 3 12
1731 3 12
1732 3 12
1733 3 12
1734 3 12
1735 3 12
1736 3 12
1737 3 12
1738 3 12
1739 3 12
1740 3 12
1741 3 12
1742 3 12
1743 3 12
1744 3 12
1745 3 12
1746 3 12
1747 3 13
1748 3 13
1749 3 13
1750 3 13
1751 3 13
1752 3 13
1753 3 13
1754 3 13
1755 3 13
1756 3 13
1757 3 13
1758 3 13
1759 3 13
1760 3 13
1761 3 13
1762 3 13
1763 3 13
1764 3 13
1765 3 13
1766 3 13
1767 3 13
1768 3 13
1769 3 13
1770 3 13
1771 3 13
1772 3 13
1773 3 13
1774 3 13
1775 3 13
1776 3 13
1777 3 13
1778 3 13
1779 3 13
1780 3 13
1781 3 13
1782 3 13
1783 3 13
1784 3 13
1785 3 14
1786 3 14
1787 3 14
1788 3 14
1789 3 14
1790 3 14
1791 3 14
1792 3 14
1793 3 14
1794 3 14
1795 3 14
1796 3 14
1797 3 14
1798 3 14
1799 3 14
1800 3 14
1801 3 14
1802 3 14
1803 3 14
1804 3 14
1805 3 14
1806 3 14
1807 3 14
1808 3 14
1809 4 14
1810 4 14
1811 4 14
1812 4 14
1813 4 14
1814 4 14
1815 4 14
1816 4 14
1817 4 14
1818 4 14
1819 4 14
1820 4 14
1821 4 14
1822 4 14
1823 4 14
1824 4 14
1825 4 14
1826 4 14
1827 4 14
1828 4 14
1829 4 14
1830 4 14
1831 4 14
1832 4 14
1833 4 14
1834 4 14
1835 4 14
1836 4 14
1837 4 14
1838 4 14
1839 4 14
1840 4 14
1841 4 14
1842 4 14
1843 4 14
1844 4 14
1845 4 14
1846 4 14
1847 4 14
1848 4 14
1849 4 14
1850 4 14
1851 4 14
1852 4 14
1853 4 14
1854 4 14
1855 4 14
1856 4 14
1857 4 14
1858 4 14
1859 4 14
1860 4 15
1861 4 15
1862 4 15
1863 4 15
1864 4 15
1865 4 15
1866 4 15
1867 4 15
1868 4 15
1869 4 15
1870 4 15
1871 4 15
1872 4 15
1873 4 15
1874 4 15
1875 4 15
1876 4 15
1877 4 15
1878 4 15
1879 4 15
1880 4 15
1881 4 15
1882 4 15
1883 4 15
1884 4 15
1885 4 15
1886 4 15
1887 4 15
1888 4 15
1889 4 15
1890 4 15
1891 4 15
1892 4 15
1893 4 16
1894 4 16
1895 4 15
1896 4 16
1897 4 16
1898 4 16
1899 4 16
1900 4 16
1901 4 16
1902 4 16
1903 4 16
1904 4 16
1905 4 16
1906 4 16
1907 4 16
1908 4 16
1909 4 16
1910 4 16
1911 4 16
1912 4 16
1913 4 16
1914 4 16
1915 4 16
1916 4 16
1917 4 16
1918 4 16
1919 4 16
1920 4 16
1921 4 16
1922 4 16
1923 4 16
1924 4 16
1925 4 16
1926 4 16
1927 4 16
1928 4 17
1929 4 16
1930 4 17
1931 4 17
1932 4 17
1933 4 17
1934 4 17
1935 4 17
1936 4 17
1937 4 17
1938 4 17
1939 4 17
1940 4 17
1941 4 17
1942 4 17
1943 4 17
1944 4 17
1945 4 17
1946 4 17
1947 4 17
1948 4 17
1949 4 18
1950 4 18
1951 4 18
1952 4 18
1953 4 18
1954 5 18
1955 5 18
1956 5 18
1957 5 18
1958 5 18
1959 5 18
1960 5 18
1961 5 18
1962 5 18
1963 5 18
1964 5 18
1965 5 18
1966 5 18
1967 5 18
1968 5 18
1969 5 18
1970 5 18
1971 5 18
1972 5 18
1973 5 18
1974 5 18
1975 5 18
1976 5 18
1977 5 18
1978 5 18
1979 5 18
1980 5 18
1981 5 18
1982 5 18
1983 5 18
1984 5 18
1985 5 18
1986 5 18
1987 5 18
1988 5 18
1989 5 18
1990 5 18
1991 5 18
1992 5 18
1993 5 18
1994 5 18
1995 5 18
1996 5 18
1997 5 18
1998 5 18
1999 5 18
2000 5 18
2001 5 18
2002 5 18
2003 5 18
2004 5 18
2005 5 18
2006 5 18
2007 5 18
2008 5 18
2009 5 18
2010 5 18
2011 5 18
2012 5 18
2013 5 18
2014 5 18
2015 5 18
2016 5 18
2017 5 18
2018 5 18
2019 5 18
2020 5 18
2021 5 18
2022 5 18
2023 5 18
2024 5 18
2025 5 18
2026 5 18
2027 5 18
2028 5 18
2029 5 18
2030 5 18
2031 5 18
2032 5 18
2033 5 18
2034 5 18
2035 5 18
2036 5 18
2037 5 18
2038 5 18
2039 5 18
2040 5 18
2041 5 18
2042 5 18
2043 5 18
2044 5 18
2045 5 18
2046 5 18
2047 5 18
2048 5 18
2049 5 18
2050 5 18
2051 5 18
2052 5 18
2053 5 18
2054 5 18
2055 5 18
2056 5 18
2057 5 18
2058 5 19
2059 5 19
2060 5 19
2061 5 19
2062 5 19
2063 5 19
2064 5 19
2065 5 19
2066 5 19
2067 5 19
2068 5 19
2069 5 19
2070 5 19
2071 5 19
2072 5 19
2073 5 19
2074 5 19
2075 5 19
2076 5 19
2077 5 19
2078 5 19
2079 5 19
2080 5 19
2081 5 19
2082 5 20
2083 5 20
2084 5 20
2085 5 20
2086 5 20
2087 5 20
2088 5 20
2089 5 20
2090 5 20
2091 5 20
2092 5 20
2093 5 20
2094 5 20
2095 5 20
2096 5 20
2097 5 20
2098 5 20
2099 5 20
2100 5 20
2101 5 20
2102 5 20
2103 5 20
2104 5 20
2105 5 20
2106 5 20
2107 5 20
2108 5 20
2109 5 20
2110 5 20
2111 5 20
2112 5 20
2113 5 20
2114 5 20
2115 5 20
2116 5 20
2117 5 20
2118 5 20
2119 5 20
2120 5 20
2121 5 20
2122 5 20
2123 6 20
2124 6 20
2125 6 20
2126 6 20
2127 6 20
2128 6 20
2129 6 21
2130 6 21
2131 6 21
2132 6 21
2133 6 21
2134 6 21
2135 6 21
2136 6 21
2137 6 21
2138 6 21
2139 6 21
2140 6 21
2141 6 21
2142 6 21
2143 6 21
2144 6 21
2145 6 21
2146 6 21
2147 6 21
2148 6 21
2149 6 21
2150 6 21
2151 6 21
2152 6 21
2153 6 21
2154 6 21
2155 6 21
2156 6 21
2157 6 22
2158 6 22
2159 6 22
2160 6 22
2161 6 22
2162 6 22
2163 6 22
2164 6 22
2165 6 22
2166 6 22
2167 6 22
2168 6 22
2169 6 22
2170 6 22
2171 6 22
2172 6 22
2173 6 22
2174 6 22
2175 6 22
2176 6 22
2177 6 22
2178 6 22
2179 6 22
2180 6 22
2181 6 22
2182 6 22
2183 6 22
2184 6 22
2185 6 22
2186 6 22
2187 6 22
2188 6 22
2189 6 22
2190 6 22
2191 6 22
2192 6 22
2193 6 22
2194 6 22
2195 6 22
2196 6 22
2197 6 22
2198 6 23
2199 6 22
2200 6 22
2201 6 22
2202 6 23
2203 6 23
2204 6 23
2205 6 23
2206 6 23
2207 6 23
2208 6 23
2209 6 23
2210 6 23
2211 6 23
2212 6 23
2213 6 23
2214 6 23
2215 6 23
2216 6 23
2217 6 23
2218 6 23
2219 6 23
2220 6 23
2221 6 23
2222 6 23
2223 6 23
2224 6 23
2225 6 23
2226 6 23
2227 6 23
2228 6 23
2229 6 23
2230 6 23
2231 6 23
2232 6 23
2233 6 23
2234 6 23
2235 6 23
2236 6 23
2237 6 23
2238 6 23
2239 6 23
2240 6 23
2241 6 23
2242 6 23
2243 6 23
2244 7 23
2245 7 23
2246 7 23
2247 7 23
2248 7 23
2249 7 23
2250 7 23
2251 7 23
2252 7 23
2253 7 23
2254 7 23
2255 7 23
2256 7 23
2257 7 23
2258 7 23
2259 7 23
2260 7 23
2261 7 23
2262 7 23
2263 7 23
2264 7 23
2265 7 23
2266 7 23
2267 7 24
2268 7 24
2269 7 24
2270 7 24
2271 7 24
2272 7 24
2273 7 24
2274 7 24
2275 7 24
2276 7 24
2277 7 24
2278 7 24
2279 7 24
2280 7 24
2281 7 24
2282 7 24
2283 7 24
2284 7 24
2285 7 24
2286 7 24
2287 7 24
2288 7 24
2289 7 24
2290 7 24
2291 7 24
2292 7 24
2293 7 24
2294 7 24
2295 7 24
2296 7 24
2297 7 25
2298 7 25
2299 7 25
2300 7 25
2301 7 25
2302 7 25
2303 7 25
2304 7 25
2305 7 25
2306 7 25
2307 7 25
2308 7 25
2309 7 25
2310 7 25
2311 7 25
2312 7 25
2313 7 25
2314 7 25
2315 7 25
2316 7 25
2317 7 25
2318 7 25
2319 7 25
2320 7 25
2321 7 25
2322 7 25
2323 7 25
2324 7 25
2325 7 25
2326 7 25
2327 7 25
2328 7 25
2329 7 25
2330 7 25
2331 7 25
2332 7 25
2333 7 25
2334 7 25
2335 7 25
2336 7 25
2337 7 25
2338 7 25
2339 7 25
2340 7 25
2341 7 25
2342 7 25
2343 7 25
2344 7 25
2345 7 25
2346 8 25
2347 8 25
2348 8 25
2349 8 25
2350 8 25
2351 8 25
2352 8 25
2353 8 25
2354 8 25
2355 8 25
2356 8 25
2357 8 25
2358 8 25
2359 8 25
2360 8 25
2361 8 25
2362 8 25
2363 8 25
2364 8 25
2365 8 25
2366 8 25
2367 8 25
2368 8 25
2369 8 25
2370 8 25
2371 8 25
2372 8 25
2373 8 25
2374 8 25
2375 8 25
2376 8 25
2377 8 25
2378 8 25
2379 8 25
2380 8 25
2381 8 25
2382 8 25
2383 8 25
2384 8 25
2385 8 25
2386 8 25
2387 8 25
2388 8 25
2389 8 25
2390 8 25
2391 8 26
2392 8 26
2393 8 26
2394 8 26
2395 8 26
2396 8 26
2397 8 26
2398 8 26
2399 8 26
2400 8 26
2401 8 26
2402 8 26
2403 8 26
2404 8 26
2405 8 26
2406 8 26
2407 8 26
2408 8 26
2409 8 26
2410 8 26
2411 8 26
2412 8 26
2413 8 26
2414 8 26
2415 8 26
2416 8 26
2417 8 26
2418 8 26
2419 8 26
2420 8 26
2421 8 26
2422 8 26
2423 8 26
2424 8 26
2425 8 26
2426 8 27
2427 8 27
2428 8 27
2429 8 27
2430 8 27
2431 8 27
2432 8 27
2433 8 27
2434 8 27
2435 8 27
2436 8 27
2437 8 27
2438 9 27
2439 9 27
2440 9 27
2441 9 27
2442 9 27
2443 9 27
2444 9 27
2445 9 27
2446 9 27
2447 9 27
2448 9 27
2449 9 27
2450 9 27
2451 9 27
2452 9 27
2453 9 27
2454 9 27
2455 9 27
2456 9 28
2457 9 28
2458 9 28
2459 9 28
2460 9 28
2461 9 28
2462 9 28
2463 9 28
2464 9 28
2465 9 28
2466 9 28
2467 9 28
2468 9 28
2469 9 28
2470 9 28
2471 9 28
2472 9 28
2473 9 28
2474 9 28
2475 9 28
2476 9 28
2477 9 28
2478 9 28
2479 9 28
2480 9 28
2481 9 28
2482 9 28
2483 9 28
2484 9 28
2485 9 28
2486 9 28
2487 9 28
2488 9 28
2489 9 28
2490 9 28
2491 9 28
2492 9 28
2493 9 28
2494 9 28
2495 9 28
2496 9 28
2497 9 28
2498 9 28
2499 9 28
2500 9 28
2501 10 28
2502 10 28
2503 10 28
2504 10 29
2505 10 29
2506 10 29
2507 10 29
2508 10 29
2509 10 29
2510 10 29
2511 10 29
2512 10 29
2513 10 29
2514 10 29
2515 10 29
2516 10 29
2517 10 29
2518 10 29
2519 10 29
2520 10 29
2521 10 29
2522 10 29
2523 10 29
2524 10 29
2525 10 29
2526 10 29
2527 10 29
2528 10 29
2529 10 29
2530 10 29
2531 10 29
2532 10 29
2533 10 29
2534 10 29
2535 10 29
2536 10 29
2537 10 29
2538 10 29
2539 10 29
2540 10 29
2541 10 29
2542 10 29
2543 10 29
2544 10 29
2545 10 29
2546 10 29
2547 10 29
2548 10 29
2549 10 29
2550 10 29
2551 10 29
2552 10 29
2553 10 29
2554 10 29
2555 10 29
2556 10 29
2557 10 29
2558 10 29
2559 10 29
2560 10 29
2561 10 30
2562 10 30
2563 10 30
2564 10 30
2565 10 30
2566 10 30
2567 10 30
2568 10 30
2569 10 30
2570 10 30
2571 10 30
2572 10 30
2573 10 30
2574 10 30
2575 10 30
2576 10 30
2577 11 30
2578 11 30
2579 11 30
2580 11 30
2581 11 30
2582 11 30
2583 11 30
2584 11 30
2585 11 30
2586 11 30
2587 11 30
2588 11 30
2589 11 30
2590 11 30
2591 11 30
2592 11 30
2593 11 30
2594 11 30
2595 11 30
2596 11 30
2597 11 30
2598 11 30
2599 11 30
2600 11 30
2601 11 30
2602 11 30
2603 11 30
2604 11 30
2605 11 30
2606 11 30
2607 11 30
2608 11 30
2609 11 30
2610 11 30
2611 11 30
2612 11 30
2613 11 30
2614 11 30
2615 11 30
2616 11 30
2617 11 30
2618 11 30
2619 11 30
2620 11 31
2621 11 31
2622 11 31
2623 11 31
2624 11 31
2625 11 31
2626 11 31
2627 11 31
2628 11 31
2629 11 31
2630 11 31
2631 11 31
2632 11 31
2633 11 31
2634 11 31
2635 11 31
2636 11 31
2637 12 31
2638 12 31
2639 12 31
2640 12 31
2641 12 31
2642 12 31
2643 12 31
2644 12 31
2645 12 31
2646 12 31
2647 12 31
2648 12 31
2649 12 31
2650 12 32
2651 12 32
2652 12 32
2653 12 32
2654 12 32
2655 12 32
2656 12 32
2657 12 32
2658 12 32
2659 12 32
2660 12 32
2661 12 32
2662 12 32
2663 12 32
2664 12 32
2665 12 32
2666 12 32
2667 12 32
2668 12 32
2669 12 32
2670 12 32
2671 12 32
2672 12 32
2673 12 32
2674 12 32
2675 12 32
2676 12 32
2677 12 33
2678 12 32
2679 12 32
2680 12 32
2681 12 33
2682 12 33
2683 12 32
2684 12 32
2685 13 32
2686 13 32
2687 13 32
2688 13 32
2689 13 32
2690 13 33
2691 13 33
2692 13 33
2693 13 33
2694 13 33
2695 13 33
2696 13 33
2697 13 33
2698 13 33
2699 13 33
2700 13 33
2701 13 33
2702 13 33
2703 13 33
2704 13 33
2705 13 33
2706 13 33
2707 13 33
2708 13 33
2709 13 33
2710 13 33
2711 13 33
2712 13 33
2713 13 33
2714 13 33
2715 13 33
2716 13 33
2717 13 33
2718 13 33
2719 13 33
2720 13 33
2721 13 33
2722 13 33
2723 13 33
2724 13 33
2725 13 33
2726 13 33
2727 13 33
2728 13 33
2729 13 33
2730 13 33
2731 13 33
2732 13 33
2733 13 33
2734 13 33
2735 13 33
2736 13 33
2737 13 33
2738 13 33
2739 13 33
2740 13 33
2741 13 33
2742 13 33
2743 13 33
2744 13 33
2745 13 33
2746 13 33
2747 13 33
2748 13 33
2749 13 33
2750 13 33
2751 13 33
2752 13 33
2753 13 33
2754 13 33
2755 13 33
2756 13 33
2757 13 33
2758 13 33
2759 13 33
2760 13 33
2761 14 33
2762 14 33
2763 14 33
2764 14 33
2765 14 33
2766 14 33
2767 14 33
2768 14 33
2769 14 33
2770 14 33
2771 14 33
2772 14 33
2773 14 33
2774 14 33
2775 14 33
2776 14 33
2777 14 33
2778 14 33
2779 14 33
2780 14 33
2781 14 33
2782 14 33
2783 14 33
2784 15 33
2785 15 33
2786 15 33
2787 15 33
2788 15 34
2789 15 34
2790 15 34
2791 15 34
2792 15 34
2793 15 34
2794 15 34
2795 15 34
2796 15 34
2797 15 34
2798 15 34
2799 15 34
2800 15 34
2801 15 34
2802 15 34
2803 15 34
2804 15 34
2805 15 34
2806 15 34
2807 15 34
2808 15 34
2809 15 34
2810 15 34
2811 15 34
2812 15 34
2813 15 34
2814 15 35
2815 15 35
2816 15 35
2817 15 35
2818 15 35
2819 15 35
2820 16 35
2821 16 35
2822 16 35
2823 16 35
2824 16 35
2825 16 35
2826 16 35
2827 16 35
2828 16 35
2829 16 35
2830 16 35
2831 16 35
2832 16 35
2833 16 35
2834 16 35
2835 16 35
2836 16 35
2837 16 35
2838 16 35
2839 17 35
2840 17 35
2841 17 35
2842 17 35
2843 17 35
2844 17 35
2845 17 35
2846 17 35
2847 17 35
2848 17 36
2849 17 36
2850 17 36
2851 17 36
2852 17 36
2853 17 36
2854 17 36
2855 17 36
2856 17 36
2857 17 36
2858 17 36
2859 17 36
2860 18 36
2861 18 36
2862 18 36
2863 18 36
2864 18 36
2865 18 36
2866 18 36
2867 18 36
2868 18 36
2869 18 36
2870 18 36
2871 18 36
2872 18 36
2873 18 36
2874 18 36
2875 18 36
2876 18 36
2877 18 36
2878 18 36
2879 18 36
2880 18 36
2881 18 36
2882 18 36
2883 18 36
2884 18 36
2885 18 36
2886 18 36
2887 18 36
2888 18 36
2889 18 36
2890 18 36
2891 18 36
2892 18 37
2893 18 36
2894 19 37
2895 19 37
2896 19 37
2897 19 37
2898 19 37
2899 19 37
2900 19 37
2901 19 37
2902 19 37
2903 19 37
2904 19 37
2905 19 37
2906 19 37
2907 19 37
2908 19 37
2909 19 37
2910 19 37
2911 19 37
2912 19 37
2913 20 37
2914 20 37
2915 20 37
2916 20 37
2917 20 37
2918 20 37
2919 20 37
2920 20 37
2921 20 37
2922 20 37
2923 20 37
2924 20 37
2925 20 37
2926 20 37
2927 20 37
2928 20 37
2929 20 37
2930 20 37
2931 20 37
2932 20 37
2933 20 37
2934 20 37
2935 20 37
2936 21 37
2937 21 37
2938 21 37
2939 21 37
2940 21 37
2941 21 37
2942 21 37
2943 21 37
2944 21 37
2945 21 37
2946 21 37
2947 21 37
2948 22 37
2949 22 37
2950 22 37
2951 22 38
2952 22 38
2953 22 38
2954 22 37
2955 22 37
2956 23 38
2957 23 38
2958 23 38
2959 23 38
2960 23 38
2961 23 38
2962 23 38
2963 23 38
2964 23 38
2965 23 38
2966 24 38
2967 24 38
2968 24 38
2969 24 38
2970 24 38
2971 24 38
2972 24 38
2973 24 38
2974 24 38
2975 24 38
2976 24 38
2977 24 38
2978 25 38
2979 25 38
2980 25 38
2981 25 38
2982 25 38
2983 25 38
2984 25 38
2985 25 38
2986 25 38
2987 25 38
2988 25 38
2989 25 38
2990 25 38
2991 25 38
2992 25 38
2993 25 38
2994 25 38
2995 25 38
2996 25 38
2997 25 38
2998 25 38
2999 25 38
3000 25 38
3001 25 38
3002 25 38
3003 25 38
3004 25 38
3005 25 38
3006 26 38
3007 26 38
3008 26 38
3009 26 38
3010 26 38
3011 26 38
3012 26 38
3013 26 38
3014 26 38
3015 26 38
3016 26 38
3017 26 38
3018 26 38
3019 26 38
3020 26 38
3021 26 38
3022 26 38
3023 26 38
3024 26 38
3025 26 38
3026 26 38
3027 26 38
3028 26 38
3029 26 38
3030 26 38
3031 26 38
3032 27 38
3033 27 38
3034 27 38
3035 27 38
3036 27 38
3037 27 38
3038 27 38
3039 27 38
3040 27 38
3041 27 38
3042 27 38
3043 27 38
3044 27 38
3045 27 38
3046 27 38
3047 27 38
3048 27 37
3049 27 37
3050 27 37
3051 27 37
3052 27 37
3053 27 37
3054 27 37
3055 27 37
3056 27 37
3057 27 37
3058 27 37
3059 27 37
3060 27 37
3061 27 37
3062 27 37
3063 27 37
3064 27 37
3065 28 37
3066 28 37
3067 28 37
3068 28 37
3069 28 37
3070 28 37
3071 29 37
3072 29 37
3073 29 37
3074 29 37
3075 29 37
3076 29 37
3077 29 37
3078 29 37
3079 29 37
3080 29 37
3081 30 37
3082 31 37
3083 31 37
3084 31 37
3085 31 37
3086 31 38
3087 31 38
3088 32 38
3089 32 38
3090 32 38
3091 32 38
3092 33 38
3093 33 38
3094 33 38
3095 33 38
3096 33 38
3097 34 38
3098 34 38
3099 34 38
3100 35 38
3101 35 38
3102 35 38
3103 36 38
3104 36 38
3105 36 38
3106 36 38
3107 36 38
3108 36 38
3109 36 38
3110 37 38
3111 37 38
3112 37 38
3113 37 38
3114 37 38
3115 37 38
3116 37 38
3117 37 38
3118 37 38
3119 37 38
3120 38 38
3121 38 39
3122 38 39
3123 39 39
3124 40 39
3125 41 39
3126 41 39
3127 41 39
3128 41 39
3129 41 39
3130 41 39
3131 41 39
3132 41 39
3133 41 39
3134 41 39
3135 41 39
3136 41 39
3137 41 39
3138 41 39
3139 41 39
3140 41 39
3141 41 39
3142 42 39
3143 42 39
3144 42 39
3145 42 39
3146 43 39
3147 43 39
3148 43 39
3149 44 39
3150 44 39
3151 44 39
3152 44 39
3153 45 39
3154 45 39
3155 45 39
3156 45 39
3157 45 39
3158 45 39
3159 45 39
3160 45 39
3161 46 39
3162 46 39
3163 47 39
3164 47 39
3165 47 39
3166 47 39
3167 47 39
3168 47 39
3169 47 39
3170 47 39
3171 47 39
3172 47 39
3173 47 39
3174 47 39
3175 47 39
3176 47 39
3177 47 39
3178 47 39
3179 47 39
3180 47 39
3181 47 39
3182 47 39
3183 47 38
3184 47 38
3185 47 38
3186 47 38
3187 47 38
3188 47 38
3189 47 38
3190 47 38
3191 47 38
3192 47 38
3193 47 38
3194 47 38
3195 47 38
3196 47 38
3197 47 38
3198 47 38
3199 47 38
3200 47 38
3201 48 38
3202 48 38
3203 48 38
3204 49 38
3205 49 38
3206 49 38
3207 50 38
3208 50 38
3209 50 39
3210 50 39
3211 51 39
3212 51 39
3213 51 39
3214 51 39
3215 51 39
3216 51 39
3217 51 39
3218 52 39
3219 53 39
3220 53 39
3221 53 39
3222 53 39
3223 53 39
3224 53 39
3225 53 39
3226 53 39
3227 54 39
3228 54 39
3229 55 39
3230 55 39
3231 55 39
3232 55 39
3233 56 39
3234 56 39
3235 57 39
3236 57 39
3237 57 39
3238 57 39
3239 57 39
3240 57 39
3241 58 39
3242 59 39
3243 60 39
3244 60 39
3245 60 39
3246 60 39
3247 63 39
3248 63 39
3249 64 39
3250 64 39
3251 65 39
3252 67 39
3253 68 39
3254 68 39
3255 69 39
3256 69 39
3257 71 39
3258 71 39
3259 72 39
3260 72 39
3261 72 40
3262 72 40
3263 73 40
3264 73 40
3265 73 40
3266 74 40
3267 74 40
3268 74 40
3269 74 40
3270 75 40
3271 77 40
3272 78 40
3273 81 40
3274 83 40
3275 83 40
3276 83 40
3277 83 40
3278 83 40
3279 83 40
3280 83 40
3281 83 40
3282 83 40
3283 83 40
3284 84 40
3285 95 40
3286 95 40
3287 95 40
3288 95 40
3289 95 40
3290 95 40
3291 95 40
3292 95 40
3293 95 40
3294 95 40
3295 95 40
3296 95 40
3297 95 40
3298 95 40
3299 95 40
3300 95 40
3301 95 39
3302 95 39
3303 95 39
3304 95 39
3305 95 39
3306 95 39
3307 95 39
3308 95 39
3309 95 39
3310 95 39
3311 95 39
3312 95 39
3313 95 39
3314 95 39
3315 95 39
3316 95 39
3317 95 39
3318 96 39
3319 100 39
