0 0 0
1 0 0
2 0 0
3 0 0
4 0 0
5 0 0
6 0 0
7 0 0
8 0 0
9 0 0
10 0 0
11 0 0
12 0 0
13 0 0
14 0 0
15 0 0
16 0 0
17 0 0
18 0 0
19 0 0
20 0 0
21 0 0
22 0 0
23 0 0
24 0 0
25 0 0
26 0 0
27 0 0
28 0 0
29 0 0
30 0 0
31 0 0
32 0 0
33 0 0
34 0 0
35 0 0
36 0 0
37 0 0
38 0 0
39 0 0
40 0 0
41 0 0
42 0 0
43 0 0
44 0 0
45 0 0
46 0 0
47 0 0
48 0 0
49 0 0
50 0 0
51 0 0
52 0 0
53 0 0
54 0 0
55 0 0
56 0 0
57 0 0
58 0 0
59 0 0
60 0 0
61 0 0
62 0 0
63 0 0
64 0 0
65 0 0
66 0 0
67 0 0
68 0 0
69 0 0
70 0 0
71 0 0
72 0 0
73 0 0
74 0 0
75 0 0
76 0 0
77 0 0
78 0 0
79 0 0
80 0 0
81 0 0
82 0 0
83 0 0
84 0 0
85 0 0
86 0 0
87 0 0
88 0 0
89 0 0
90 0 0
91 0 0
92 0 0
93 0 0
94 0 0
95 0 0
96 0 0
97 0 0
98 0 0
99 0 0
100 0 0
101 0 0
102 0 0
103 0 0
104 0 0
105 0 0
106 0 0
107 0 0
108 0 0
109 0 0
110 0 0
111 0 0
112 0 2
113 0 2
114 0 2
115 0 2
116 0 2
117 0 2
118 0 2
119 0 2
120 0 2
121 0 2
122 0 2
123 0 2
124 0 2
125 0 2
126 0 2
127 0 2
128 0 2
129 0 4
130 0 4
131 0 4
132 0 4
133 0 4
134 0 4
135 0 4
136 0 4
137 0 4
138 0 4
139 0 4
140 0 4
141 0 4
142 0 4
143 0 4
144 0 3
145 0 3
146 0 3
147 0 3
148 0 3
149 0 3
150 0 3
151 0 3
152 0 3
153 0 3
154 0 3
155 0 3
156 0 3
157 0 5
158 0 5
159 0 5
160 0 5
161 0 5
162 0 5
163 0 5
164 0 5
165 0 5
166 0 5
167 0 5
168 0 5
169 0 5
170 0 4
171 0 4
172 0 4
173 0 4
174 0 4
175 0 4
176 0 4
177 0 4
178 0 4
179 0 4
180 0 4
181 0 4
182 0 4
183 0 4
184 0 4
185 0 4
186 0 4
187 0 4
188 0 4
189 0 4
190 0 4
191 0 4
192 0 4
193 0 4
194 0 4
195 0 4
196 0 4
197 0 4
198 0 4
199 0 4
200 0 4
201 0 4
202 0 4
203 0 4
204 0 4
205 0 4
206 0 4
207 0 4
208 0 4
209 0 4
210 0 4
211 0 4
212 0 4
213 0 4
214 0 4
215 0 4
216 0 4
217 0 4
218 0 4
219 0 4
220 0 4
221 0 4
222 0 4
223 0 4
224 0 4
225 0 4
226 0 3
227 0 3
228 0 3
229 0 3
230 0 3
231 0 3
232 0 3
233 0 3
234 0 3
235 0 3
236 0 3
237 0 3
238 0 3
239 0 3
240 0 3
241 0 3
242 0 3
243 0 3
244 0 3
245 0 3
246 0 3
247 0 3
248 0 3
249 0 3
250 0 3
251 0 3
252 0 3
253 0 3
254 0 3
255 0 3
256 0 3
257 0 3
258 0 3
259 0 3
260 0 3
261 0 3
262 0 3
263 0 3
264 0 3
265 0 3
266 0 3
267 0 3
268 0 3
269 0 3
270 0 3
271 0 3
272 0 3
273 0 3
274 0 3
275 0 3
276 0 3
277 0 3
278 0 3
279 0 3
280 0 3
281 0 3
282 0 3
283 0 3
284 0 3
285 0 3
286 0 3
287 0 3
288 0 3
289 0 2
290 0 3
291 0 3
292 0 3
293 0 3
294 0 3
295 0 3
296 0 3
297 0 3
298 0 3
299 0 3
300 0 3
301 0 3
302 0 3
303 0 3
304 0 3
305 0 3
306 0 3
307 0 3
308 0 3
309 0 3
310 0 3
311 0 3
312 0 3
313 0 3
314 0 3
315 0 3
316 0 3
317 0 3
318 0 3
319 0 3
320 0 3
321 0 4
322 0 4
323 0 4
324 0 4
325 0 4
326 0 4
327 0 4
328 0 4
329 0 4
330 0 4
331 0 4
332 0 4
333 0 4
334 0 4
335 0 4
336 0 4
337 0 4
338 0 4
339 0 4
340 0 4
341 0 4
342 0 4
343 0 4
344 0 4
345 0 4
346 0 4
347 0 4
348 0 4
349 0 4
350 0 3
351 0 3
352 0 3
353 0 3
354 0 3
355 0 3
356 0 3
357 0 3
358 0 3
359 0 3
360 0 3
361 0 3
362 0 3
363 0 3
364 0 3
365 0 3
366 0 3
367 0 3
368 0 3
369 0 3
370 0 3
371 0 3
372 0 3
373 0 3
374 0 3
375 0 3
376 0 3
377 0 3
378 0 3
379 0 3
380 0 3
381 0 3
382 0 3
383 0 3
384 0 3
385 0 3
386 0 3
387 0 3
388 0 3
389 0 3
390 0 3
391 0 3
392 0 3
393 0 3
394 0 3
395 0 3
396 0 3
397 0 4
398 0 4
399 0 4
400 0 4
401 0 4
402 0 4
403 0 4
404 0 4
405 0 4
406 0 4
407 0 4
408 0 4
409 0 4
410 0 4
411 0 4
412 0 4
413 0 4
414 0 4
415 0 4
416 0 4
417 0 4
418 0 4
419 0 3
420 0 3
421 0 3
422 0 3
423 0 3
424 0 3
425 0 3
426 0 3
427 0 3
428 0 3
429 0 3
430 0 3
431 0 3
432 0 3
433 0 3
434 0 3
435 0 3
436 0 3
437 0 3
438 0 3
439 0 3
440 0 3
441 0 3
442 0 3
443 0 3
444 0 3
445 0 3
446 0 3
447 0 3
448 0 3
449 0 3
450 0 3
451 0 3
452 0 3
453 0 3
454 0 3
455 0 3
456 0 3
457 0 3
458 0 3
459 0 3
460 0 3
461 0 3
462 0 3
463 0 3
464 0 3
465 0 3
466 0 3
467 0 3
468 0 3
469 0 3
470 0 3
471 0 3
472 0 3
473 0 3
474 0 3
475 0 3
476 0 3
477 0 3
478 0 3
479 0 3
480 0 3
481 0 3
482 0 3
483 0 3
484 0 3
485 0 3
486 0 3
487 0 3
488 0 3
489 0 3
490 0 3
491 0 3
492 0 3
493 0 3
494 0 3
495 0 3
496 0 4
497 0 4
498 0 4
499 0 4
500 0 4
501 0 4
502 0 4
503 0 4
504 0 4
505 0 4
506 0 4
507 0 4
508 0 4
509 0 4
510 0 4
511 0 4
512 0 4
513 0 4
514 0 4
515 0 4
516 0 4
517 0 4
518 0 4
519 0 4
520 0 4
521 0 4
522 0 4
523 0 4
524 0 4
525 0 4
526 0 4
527 0 4
528 0 4
529 0 4
530 0 4
531 0 4
532 0 4
533 0 4
534 0 4
535 0 4
536 0 4
537 0 4
538 0 4
539 0 4
540 0 4
541 0 4
542 0 4
543 0 4
544 0 4
545 0 4
546 0 4
547 0 4
548 0 4
549 0 4
550 0 4
551 0 4
552 0 4
553 0 4
554 0 4
555 0 4
556 0 4
557 0 4
558 0 4
559 0 4
560 0 4
561 0 4
562 0 4
563 0 4
564 0 4
565 0 4
566 0 4
567 0 4
568 0 4
569 0 4
570 0 4
571 0 4
572 0 4
573 0 4
574 0 4
575 0 4
576 0 4
577 0 4
578 0 4
579 0 4
580 0 4
581 0 4
582 0 4
583 0 4
584 0 4
585 0 4
586 0 4
587 0 4
588 0 4
589 0 4
590 0 4
591 0 4
592 0 4
593 0 4
594 0 4
595 0 4
596 0 4
597 0 4
598 0 4
599 0 4
600 0 4
601 0 4
602 0 4
603 0 4
604 0 4
605 0 4
606 0 4
607 0 4
608 0 4
609 0 4
610 0 4
611 0 4
612 0 4
613 0 4
614 0 4
615 0 4
616 0 4
617 0 4
618 0 4
619 0 4
620 0 4
621 0 4
622 0 4
623 0 4
624 0 4
625 0 4
626 0 4
627 0 4
628 0 3
629 0 3
630 0 3
631 0 3
632 0 3
633 0 3
634 0 3
635 0 3
636 0 3
637 0 3
638 0 3
639 0 4
640 0 4
641 0 4
642 0 4
643 0 4
644 0 4
645 0 4
646 0 4
647 0 4
648 0 4
649 0 4
650 0 4
651 0 4
652 0 4
653 0 4
654 0 4
655 0 4
656 0 4
657 0 4
658 0 4
659 0 4
660 0 4
661 0 4
662 0 4
663 0 4
664 0 4
665 0 4
666 0 4
667 0 4
668 0 4
669 0 4
670 0 4
671 0 4
672 0 4
673 0 4
674 0 4
675 0 4
676 0 4
677 0 4
678 0 4
679 0 4
680 0 4
681 0 4
682 0 4
683 0 4
684 0 4
685 0 4
686 0 4
687 0 4
688 0 4
689 0 4
690 0 4
691 0 4
692 0 4
693 0 4
694 0 4
695 0 4
696 0 3
697 0 3
698 0 3
699 0 3
700 0 3
701 0 3
702 0 3
703 0 4
704 0 4
705 0 4
706 0 4
707 0 4
708 0 4
709 0 4
710 0 4
711 0 4
712 0 4
713 0 4
714 0 4
715 0 4
716 0 4
717 0 4
718 0 4
719 0 4
720 0 4
721 0 4
722 0 4
723 0 4
724 0 4
725 0 4
726 0 4
727 0 4
728 0 4
729 0 4
730 0 4
731 0 4
732 0 4
733 0 4
734 0 4
735 0 4
736 0 4
737 0 4
738 0 4
739 0 4
740 0 4
741 0 4
742 0 4
743 0 4
744 0 4
745 0 4
746 0 4
747 0 4
748 0 4
749 0 4
750 0 4
751 0 4
752 0 4
753 0 4
754 0 4
755 0 4
756 0 4
757 0 4
758 0 4
759 0 4
760 0 4
761 0 4
762 0 4
763 0 4
764 0 4
765 0 4
766 0 4
767 0 4
768 0 4
769 0 4
770 0 4
771 0 4
772 0 4
773 0 4
774 0 4
775 0 4
776 0 4
777 0 4
778 0 4
779 0 4
780 0 4
781 0 4
782 0 4
783 0 4
784 0 4
785 0 4
786 0 4
787 0 4
788 0 4
789 0 4
790 0 4
791 0 4
792 0 4
793 0 4
794 0 4
795 0 5
796 0 5
797 0 5
798 0 5
799 0 5
800 0 5
801 0 5
802 0 5
803 0 5
804 0 5
805 0 5
806 0 5
807 0 5
808 0 5
809 0 5
810 0 5
811 0 5
812 0 5
813 0 5
814 0 5
815 0 5
816 0 5
817 0 5
818 0 5
819 0 5
820 0 5
821 0 5
822 0 5
823 0 5
824 0 5
825 0 5
826 0 5
827 0 5
828 0 5
829 0 5
830 0 5
831 0 5
832 0 6
833 0 6
834 0 6
835 0 6
836 0 6
837 0 6
838 0 6
839 0 6
840 0 6
841 0 6
842 0 6
843 0 6
844 0 6
845 0 6
846 0 6
847 0 6
848 0 6
849 0 6
850 0 6
851 0 6
852 0 6
853 0 6
854 0 6
855 0 6
856 0 6
857 0 6
858 0 6
859 0 6
860 0 6
861 0 6
862 0 6
863 0 6
864 0 5
865 0 5
866 0 5
867 0 5
868 0 5
869 0 5
870 0 5
871 0 5
872 0 5
873 0 5
874 0 5
875 0 5
876 0 5
877 0 5
878 0 5
879 0 5
880 0 5
881 0 5
882 0 5
883 0 5
884 0 5
885 0 6
886 0 6
887 0 6
888 0 6
889 0 6
890 0 6
891 0 6
892 0 6
893 0 6
894 0 6
895 0 6
896 0 6
897 0 6
898 0 6
899 0 6
900 0 6
901 0 6
902 0 6
903 0 6
904 0 6
905 0 6
906 0 6
907 1 6
908 1 6
909 1 6
910 1 6
911 1 6
912 1 6
913 1 6
914 1 6
915 1 6
916 1 6
917 1 6
918 1 6
919 1 6
920 1 6
921 1 6
922 1 6
923 1 6
924 1 6
925 1 6
926 1 6
927 1 6
928 1 6
929 1 6
930 1 6
931 1 6
932 1 6
933 1 6
934 1 6
935 1 6
936 1 6
937 1 6
938 1 6
939 1 6
940 1 6
941 1 6
942 1 6
943 1 6
944 1 6
945 1 6
946 1 6
947 1 6
948 1 6
949 1 6
950 1 6
951 1 6
952 1 6
953 1 6
954 1 6
955 1 6
956 1 6
957 1 6
958 1 6
959 1 6
960 1 6
961 1 6
962 1 6
963 1 6
964 1 6
965 1 6
966 1 6
967 1 6
968 1 6
969 1 6
970 1 6
971 1 6
972 1 6
973 1 6
974 1 6
975 1 6
976 1 6
977 1 6
978 1 6
979 1 6
980 1 6
981 1 6
982 1 6
983 1 6
984 1 6
985 1 6
986 1 6
987 1 6
988 1 6
989 1 6
990 1 6
991 1 6
992 1 6
993 1 6
994 1 6
995 1 6
996 1 6
997 1 6
998 1 6
999 1 6
1000 1 6
1001 1 6
1002 1 6
1003 1 6
1004 1 6
1005 1 6
1006 1 6
1007 1 6
1008 1 6
1009 1 6
1010 1 6
1011 1 6
1012 1 6
1013 1 6
1014 1 6
1015 1 6
1016 1 6
1017 1 6
1018 1 6
1019 1 6
1020 1 6
1021 1 6
1022 1 6
1023 1 6
1024 1 6
1025 1 6
1026 1 6
1027 1 6
1028 1 6
1029 1 6
1030 1 6
1031 1 6
1032 1 6
1033 1 6
1034 1 6
1035 1 6
1036 1 6
1037 1 6
1038 1 6
1039 1 6
1040 1 6
1041 1 6
1042 1 6
1043 1 6
1044 1 6
1045 1 6
1046 1 6
1047 1 6
1048 1 6
1049 1 6
1050 1 6
1051 1 6
1052 1 6
1053 1 6
1054 1 6
1055 1 6
1056 1 6
1057 1 6
1058 1 6
1059 1 6
1060 1 6
1061 1 6
1062 1 6
1063 1 6
1064 1 6
1065 1 6
1066 1 6
1067 1 6
1068 1 6
1069 1 6
1070 1 6
1071 1 6
1072 1 6
1073 1 6
1074 1 6
1075 1 6
1076 1 6
1077 1 6
1078 1 6
1079 1 6
1080 1 6
1081 1 6
1082 1 6
1083 1 6
1084 1 6
1085 1 6
1086 1 6
1087 1 6
1088 1 6
1089 1 6
1090 1 6
1091 1 6
1092 1 6
1093 1 6
1094 1 6
1095 1 6
1096 1 6
1097 1 6
1098 1 6
1099 1 6
1100 1 6
1101 1 6
1102 1 6
1103 1 6
1104 1 6
1105 1 6
1106 1 6
1107 1 6
1108 1 6
1109 1 6
1110 1 6
1111 1 6
1112 1 6
1113 1 6
1114 1 6
1115 1 6
1116 1 6
1117 1 6
1118 1 6
1119 1 6
1120 1 6
1121 1 6
1122 1 6
1123 1 6
1124 1 6
1125 1 6
1126 1 6
1127 1 6
1128 1 6
1129 1 6
1130 1 6
1131 1 6
1132 1 6
1133 1 6
1134 1 6
1135 1 6
1136 1 6
1137 1 6
1138 1 6
1139 1 6
1140 1 6
1141 1 6
1142 1 6
1143 1 6
1144 1 6
1145 1 6
1146 1 6
1147 1 6
1148 1 6
1149 1 6
1150 1 6
1151 1 6
1152 1 6
1153 1 7
1154 1 7
1155 1 7
1156 1 7
1157 1 7
1158 1 7
1159 1 7
1160 1 7
1161 1 7
1162 1 7
1163 1 7
1164 1 7
1165 1 7
1166 1 7
1167 1 7
1168 1 7
1169 1 7
1170 1 7
1171 1 7
1172 1 7
1173 1 7
1174 1 7
1175 1 7
1176 1 7
1177 1 7
1178 1 7
1179 1 7
1180 1 7
1181 1 7
1182 1 7
1183 1 7
1184 1 7
1185 1 7
1186 1 7
1187 1 7
1188 1 7
1189 1 7
1190 1 7
1191 1 7
1192 1 7
1193 1 7
1194 1 7
1195 1 7
1196 1 7
1197 1 7
1198 1 7
1199 1 7
1200 1 7
1201 1 7
1202 1 7
1203 1 7
1204 1 7
1205 1 7
1206 1 7
1207 1 7
1208 1 7
1209 1 7
1210 1 7
1211 1 7
1212 1 7
1213 1 7
1214 1 7
1215 1 7
1216 1 7
1217 1 7
1218 1 7
1219 1 7
1220 1 7
1221 1 7
1222 1 7
1223 1 7
1224 1 7
1225 1 7
1226 1 7
1227 1 7
1228 1 7
1229 1 7
1230 1 7
1231 1 7
1232 1 7
1233 1 7
1234 1 7
1235 1 7
1236 1 8
1237 1 8
1238 1 8
1239 1 8
1240 1 8
1241 1 8
1242 1 8
1243 1 8
1244 1 8
1245 1 8
1246 1 8
1247 1 8
1248 1 8
1249 1 8
1250 1 8
1251 1 8
1252 1 8
1253 1 8
1254 1 8
1255 1 8
1256 1 8
1257 1 8
1258 1 8
1259 1 8
1260 1 8
1261 1 8
1262 1 8
1263 1 8
1264 1 8
1265 1 8
1266 1 8
1267 1 8
1268 1 8
1269 1 8
1270 1 8
1271 1 8
1272 1 8
1273 1 8
1274 1 8
1275 1 8
1276 1 8
1277 1 8
1278 1 8
1279 1 8
1280 1 8
1281 1 8
1282 1 8
1283 1 8
1284 1 8
1285 1 8
1286 1 8
1287 1 8
1288 1 8
1289 1 8
1290 1 8
1291 1 8
1292 2 8
1293 2 8
1294 2 8
1295 2 8
1296 2 8
1297 2 8
1298 2 8
1299 2 8
1300 2 8
1301 2 8
1302 2 8
1303 2 8
1304 2 8
1305 2 8
1306 2 8
1307 2 8
1308 2 8
1309 2 8
1310 2 8
1311 2 8
1312 2 8
1313 2 8
1314 2 8
1315 2 8
1316 2 8
1317 2 8
1318 2 8
1319 2 8
1320 2 8
1321 2 8
1322 2 8
1323 2 8
1324 2 8
1325 2 8
1326 2 8
1327 2 8
1328 2 8
1329 2 8
1330 2 8
1331 2 8
1332 2 8
1333 2 8
1334 2 8
1335 2 8
1336 2 8
1337 2 8
1338 2 8
1339 2 8
1340 2 8
1341 2 8
1342 2 8
1343 2 8
1344 2 8
1345 2 8
1346 2 8
1347 2 8
1348 2 8
1349 2 8
1350 2 8
1351 2 9
1352 2 9
1353 2 9
1354 2 9
1355 2 9
1356 2 9
1357 2 9
1358 2 9
1359 2 9
1360 2 9
1361 2 9
1362 2 9
1363 2 9
1364 2 9
1365 2 9
1366 2 9
1367 2 9
1368 2 9
1369 2 9
1370 2 9
1371 2 9
1372 2 9
1373 2 9
1374 2 9
1375 2 9
1376 2 10
1377 2 10
1378 2 10
1379 2 10
1380 2 10
1381 2 10
1382 2 10
1383 2 10
1384 2 10
1385 2 10
1386 2 10
1387 2 10
1388 2 10
1389 2 10
1390 2 10
1391 2 10
1392 2 10
1393 2 10
1394 2 10
1395 2 10
1396 2 10
1397 2 10
1398 2 10
1399 2 10
1400 2 10
1401 2 10
1402 2 10
1403 2 10
1404 2 10
1405 2 10
1406 2 10
1407 2 10
1408 2 10
1409 2 10
1410 2 10
1411 2 10
1412 2 10
1413 2 10
1414 2 10
1415 2 10
1416 2 10
1417 2 10
1418 2 10
1419 2 10
1420 2 10
1421 2 10
1422 2 10
1423 2 10
1424 2 10
1425 2 10
1426 2 10
1427 2 10
1428 2 10
1429 2 10
1430 2 10
1431 2 10
1432 2 10
1433 2 10
1434 2 10
1435 2 10
1436 2 10
1437 2 10
1438 2 10
1439 2 10
1440 2 10
1441 2 10
1442 2 10
1443 2 10
1444 2 10
1445 2 10
1446 2 10
1447 2 10
1448 2 10
1449 2 10
1450 2 10
1451 2 10
1452 2 10
1453 2 10
1454 2 10
1455 2 10
1456 2 10
1457 2 10
1458 2 10
1459 2 10
1460 2 10
1461 2 10
1462 2 10
1463 2 10
1464 2 10
1465 2 10
1466 2 10
1467 2 10
1468 2 10
1469 2 10
1470 2 10
1471 2 10
1472 2 10
1473 2 10
1474 2 10
1475 2 10
1476 2 10
1477 2 10
1478 2 10
1479 2 11
1480 2 11
1481 2 11
1482 2 11
1483 2 11
1484 2 11
1485 2 11
1486 2 11
1487 2 11
1488 2 11
1489 2 11
1490 2 11
1491 2 11
1492 2 11
1493 2 11
1494 2 11
1495 2 11
1496 2 11
1497 2 11
1498 2 11
1499 2 11
1500 2 11
1501 2 11
1502 2 11
1503 2 11
1504 2 11
1505 2 11
1506 2 11
1507 2 11
1508 2 11
1509 2 11
1510 2 11
1511 2 11
1512 2 11
1513 2 11
1514 2 11
1515 2 11
1516 2 11
1517 2 11
1518 2 11
1519 2 11
1520 2 11
1521 2 11
1522 2 11
1523 2 11
1524 2 11
1525 2 11
1526 2 11
1527 2 11
1528 2 11
1529 2 11
1530 2 11
1531 2 11
1532 2 11
1533 2 11
1534 2 11
1535 2 11
1536 2 11
1537 2 11
1538 2 11
1539 2 11
1540 2 11
1541 2 11
1542 2 11
1543 2 11
1544 2 11
1545 2 11
1546 2 11
1547 2 11
1548 2 11
1549 2 11
1550 2 11
1551 2 11
1552 2 11
1553 2 11
1554 2 11
1555 2 11
1556 2 11
1557 2 11
1558 2 11
1559 2 11
1560 2 11
1561 2 11
1562 2 11
1563 2 11
1564 2 11
1565 2 11
1566 2 11
1567 2 11
1568 2 12
1569 2 12
1570 2 12
1571 2 12
1572 2 12
1573 2 12
1574 2 12
1575 2 12
1576 2 12
1577 2 12
1578 2 12
1579 2 12
1580 2 12
1581 2 12
1582 2 12
1583 2 12
1584 3 12
1585 3 12
1586 3 12
1587 3 12
1588 3 12
1589 3 12
1590 3 12
1591 3 12
1592 3 12
1593 3 12
1594 3 12
1595 3 12
1596 3 12
1597 3 12
1598 3 12
1599 3 12
1600 3 12
1601 3 12
1602 3 12
1603 3 12
1604 3 12
1605 3 12
1606 3 12
1607 3 12
1608 3 12
1609 3 12
1610 3 12
1611 3 12
1612 3 12
1613 3 12
1614 3 12
1615 3 12
1616 3 12
1617 3 12
1618 3 12
1619 3 12
1620 3 12
1621 3 12
1622 3 12
1623 3 12
1624 3 12
1625 3 12
1626 3 12
1627 3 12
1628 3 12
1629 3 12
1630 3 12
1631 3 12
1632 3 12
1633 3 12
1634 3 12
1635 3 12
1636 3 12
1637 3 12
1638 3 12
1639 3 12
1640 3 12
1641 3 12
1642 3 12
1643 3 12
1644 3 12
1645 3 12
1646 3 12
1647 3 12
1648 3 12
1649 3 12
1650 3 12
1651 3 12
1652 3 12
1653 3 12
1654 3 12
1655 3 12
1656 3 12
1657 3 12
1658 3 12
1659 3 12
1660 3 12
1661 3 12
1662 3 12
1663 3 12
1664 3 12
1665 3 12
1666 3 12
1667 3 12
1668 3 12
1669 3 12
1670 3 12
1671 3 12
1672 3 12
1673 3 12
1674 3 12
1675 3 12
1676 3 12
1677 3 12
1678 3 12
1679 3 12
1680 3 12
1681 3 12
1682 3 12
1683 3 12
1684 3 12
1685 3 12
1686 3 12
1687 3 13
1688 3 13
1689 3 13
1690 3 13
1691 3 13
1692 3 13
1693 3 13
1694 3 13
1695 3 13
1696 3 13
1697 3 13
1698 3 13
1699 3 13
1700 3 13
1701 3 13
1702 3 13
1703 3 13
1704 3 13
1705 3 13
1706 3 13
1707 3 13
1708 3 13
1709 3 13
1710 3 13
1711 3 13
1712 3 13
1713 3 13
1714 3 13
1715 3 13
1716 3 13
1717 3 13
1718 3 13
1719 3 13
1720 3 13
1721 3 13
1722 3 13
1723 3 13
1724 3 13
1725 3 13
1726 3 13
1727 3 13
1728 3 13
1729 3 13
1730 3 13
1731 3 13
1732 3 13
1733 3 13
1734 3 13
1735 3 13
1736 3 13
1737 3 13
1738 3 13
1739 3 13
1740 3 13
1741 3 13
1742 3 13
1743 3 13
1744 3 13
1745 3 13
1746 3 13
1747 3 13
1748 3 13
1749 3 13
1750 3 13
1751 3 13
1752 3 13
1753 3 13
1754 3 13
1755 3 13
1756 3 13
1757 3 13
1758 3 13
1759 3 14
1760 3 14
1761 3 14
1762 3 14
1763 3 14
1764 3 14
1765 3 14
1766 3 14
1767 3 14
1768 3 14
1769 3 14
1770 3 14
1771 3 14
1772 3 14
1773 3 14
1774 3 14
1775 3 14
1776 3 14
1777 3 14
1778 3 14
1779 3 14
1780 3 14
1781 3 14
1782 3 14
1783 3 14
1784 3 14
1785 3 14
1786 3 14
1787 3 14
1788 3 14
1789 3 14
1790 3 14
1791 3 14
1792 3 14
1793 3 14
1794 3 14
1795 3 14
1796 3 14
1797 3 14
1798 3 14
1799 3 14
1800 3 14
1801 3 14
1802 3 14
1803 3 14
1804 3 14
1805 3 14
1806 3 14
1807 3 14
1808 3 14
1809 4 14
1810 4 14
1811 4 14
1812 4 14
1813 4 14
1814 4 14
1815 4 14
1816 4 14
1817 4 15
1818 4 15
1819 4 15
1820 4 15
1821 4 15
1822 4 15
1823 4 15
1824 4 15
1825 4 15
1826 4 15
1827 4 15
1828 4 15
1829 4 15
1830 4 15
1831 4 15
1832 4 15
1833 4 15
1834 4 15
1835 4 15
1836 4 15
1837 4 15
1838 4 15
1839 4 15
1840 4 15
1841 4 15
1842 4 15
1843 4 15
1844 4 15
1845 4 15
1846 4 15
1847 4 15
1848 4 15
1849 4 15
1850 4 15
1851 4 15
1852 4 15
1853 4 15
1854 4 15
1855 4 15
1856 4 15
1857 4 15
1858 4 15
1859 4 15
1860 4 15
1861 4 15
1862 4 15
1863 4 15
1864 4 15
1865 4 15
1866 4 15
1867 4 15
1868 4 15
1869 4 15
1870 4 15
1871 4 15
1872 4 15
1873 4 15
1874 4 15
1875 4 15
1876 4 15
1877 4 15
1878 4 15
1879 4 15
1880 4 15
1881 4 15
1882 4 15
1883 4 15
1884 4 15
1885 4 15
1886 4 15
1887 4 15
1888 4 15
1889 4 15
1890 4 15
1891 4 15
1892 4 15
1893 4 15
1894 4 15
1895 4 15
1896 4 15
1897 4 15
1898 4 15
1899 4 15
1900 4 15
1901 4 15
1902 4 15
1903 4 15
1904 4 15
1905 4 15
1906 4 15
1907 4 15
1908 4 15
1909 4 15
1910 4 15
1911 4 15
1912 4 15
1913 4 15
1914 4 15
1915 4 15
1916 4 15
1917 4 15
1918 4 15
1919 4 16
1920 4 16
1921 4 16
1922 4 16
1923 4 16
1924 4 16
1925 4 16
1926 4 16
1927 4 16
1928 4 16
1929 4 16
1930 4 16
1931 4 16
1932 4 16
1933 4 16
1934 4 16
1935 4 16
1936 4 16
1937 4 16
1938 4 16
1939 4 16
1940 4 16
1941 4 16
1942 4 16
1943 4 16
1944 4 16
1945 4 16
1946 4 17
1947 4 17
1948 4 17
1949 4 17
1950 4 17
1951 4 17
1952 4 17
1953 4 17
1954 5 17
1955 5 17
1956 5 17
1957 5 17
1958 5 17
1959 5 17
1960 5 17
1961 5 17
1962 5 17
1963 5 18
1964 5 18
1965 5 18
1966 5 18
1967 5 18
1968 5 18
1969 5 18
1970 5 18
1971 5 18
1972 5 18
1973 5 18
1974 5 18
1975 5 18
1976 5 18
1977 5 18
1978 5 18
1979 5 17
1980 5 17
1981 5 17
1982 5 17
1983 5 17
1984 5 18
1985 5 18
1986 5 18
1987 5 18
1988 5 18
1989 5 18
1990 5 18
1991 5 18
1992 5 18
1993 5 18
1994 5 18
1995 5 18
1996 5 18
1997 5 18
1998 5 18
1999 5 18
2000 5 18
2001 5 18
2002 5 18
2003 5 18
2004 5 18
2005 5 17
2006 5 17
2007 5 17
2008 5 17
2009 5 17
2010 5 17
2011 5 17
2012 5 17
2013 5 17
2014 5 17
2015 5 17
2016 5 17
2017 5 17
2018 5 18
2019 5 18
2020 5 18
2021 5 18
2022 5 18
2023 5 18
2024 5 18
2025 5 18
2026 5 18
2027 5 18
2028 5 18
2029 5 18
2030 5 18
2031 5 18
2032 5 18
2033 5 18
2034 5 18
2035 5 18
2036 5 18
2037 5 18
2038 5 18
2039 5 18
2040 5 18
2041 5 18
2042 5 18
2043 5 18
2044 5 18
2045 5 18
2046 5 18
2047 5 18
2048 5 18
2049 5 18
2050 5 18
2051 5 18
2052 5 18
2053 5 18
2054 5 18
2055 5 18
2056 5 18
2057 5 18
2058 5 19
2059 5 19
2060 5 19
2061 5 19
2062 5 19
2063 5 19
2064 5 19
2065 5 19
2066 5 19
2067 5 19
2068 5 19
2069 5 19
2070 5 19
2071 5 19
2072 5 19
2073 5 19
2074 5 19
2075 5 19
2076 5 19
2077 5 19
2078 5 19
2079 5 19
2080 5 19
2081 5 19
2082 5 19
2083 5 19
2084 5 19
2085 5 19
2086 5 19
2087 5 19
2088 5 19
2089 5 19
2090 5 19
2091 5 19
2092 5 19
2093 5 19
2094 5 19
2095 5 19
2096 5 19
2097 5 19
2098 5 19
2099 5 19
2100 5 19
2101 5 19
2102 5 19
2103 5 19
2104 5 19
2105 5 20
2106 5 20
2107 5 20
2108 5 20
2109 5 20
2110 5 20
2111 5 20
2112 5 20
2113 5 20
2114 5 20
2115 5 20
2116 5 20
2117 5 20
2118 5 20
2119 5 20
2120 5 20
2121 5 20
2122 5 20
2123 6 20
2124 6 20
2125 6 20
2126 6 20
2127 6 20
2128 6 20
2129 6 20
2130 6 20
2131 6 20
2132 6 20
2133 6 20
2134 6 20
2135 6 20
2136 6 20
2137 6 20
2138 6 20
2139 6 20
2140 6 21
2141 6 21
2142 6 20
2143 6 21
2144 6 21
2145 6 21
2146 6 21
2147 6 21
2148 6 21
2149 6 21
2150 6 21
2151 6 21
2152 6 21
2153 6 21
2154 6 21
2155 6 21
2156 6 21
2157 6 21
2158 6 21
2159 6 21
2160 6 21
2161 6 21
2162 6 21
2163 6 21
2164 6 22
2165 6 22
2166 6 22
2167 6 22
2168 6 22
2169 6 22
2170 6 22
2171 6 22
2172 6 22
2173 6 22
2174 6 22
2175 6 22
2176 6 22
2177 6 22
2178 6 22
2179 6 22
2180 6 22
2181 6 22
2182 6 22
2183 6 22
2184 6 22
2185 6 22
2186 6 22
2187 6 22
2188 6 22
2189 6 22
2190 6 22
2191 6 22
2192 6 22
2193 6 22
2194 6 22
2195 6 22
2196 6 22
2197 6 22
2198 6 22
2199 6 22
2200 6 22
2201 6 22
2202 6 22
2203 6 22
2204 6 22
2205 6 22
2206 6 22
2207 6 22
2208 6 22
2209 6 22
2210 6 22
2211 6 22
2212 6 22
2213 6 22
2214 6 22
2215 6 22
2216 6 22
2217 6 22
2218 6 22
2219 6 22
2220 6 22
2221 6 22
2222 6 22
2223 6 23
2224 6 23
2225 6 23
2226 6 23
2227 6 23
2228 6 23
2229 6 23
2230 6 23
2231 6 23
2232 6 23
2233 6 23
2234 6 23
2235 6 23
2236 6 23
2237 6 23
2238 6 23
2239 6 23
2240 6 23
2241 6 23
2242 6 23
2243 6 23
2244 7 23
2245 7 23
2246 7 23
2247 7 22
2248 7 22
2249 7 22
2250 7 23
2251 7 23
2252 7 23
2253 7 23
2254 7 23
2255 7 23
2256 7 23
2257 7 23
2258 7 23
2259 7 23
2260 7 23
2261 7 23
2262 7 23
2263 7 23
2264 7 23
2265 7 23
2266 7 23
2267 7 23
2268 7 23
2269 7 23
2270 7 23
2271 7 23
2272 7 23
2273 7 23
2274 7 23
2275 7 23
2276 7 23
2277 7 23
2278 7 23
2279 7 24
2280 7 24
2281 7 24
2282 7 24
2283 7 24
2284 7 24
2285 7 24
2286 7 24
2287 7 24
2288 7 24
2289 7 24
2290 7 24
2291 7 24
2292 7 24
2293 7 24
2294 7 24
2295 7 24
2296 7 24
2297 7 24
2298 7 24
2299 7 24
2300 7 24
2301 7 24
2302 7 24
2303 7 24
2304 7 24
2305 7 24
2306 7 24
2307 7 24
2308 7 24
2309 7 24
2310 7 24
2311 7 24
2312 7 24
2313 7 24
2314 7 24
2315 7 24
2316 7 24
2317 7 24
2318 7 24
2319 7 24
2320 7 24
2321 7 24
2322 7 24
2323 7 24
2324 7 24
2325 7 24
2326 7 24
2327 7 24
2328 7 24
2329 7 24
2330 7 24
2331 7 24
2332 7 24
2333 7 24
2334 7 24
2335 7 24
2336 7 24
2337 7 24
2338 7 24
2339 7 24
2340 7 24
2341 7 24
2342 7 24
2343 7 24
2344 7 24
2345 7 24
2346 8 24
2347 8 24
2348 8 24
2349 8 24
2350 8 24
2351 8 24
2352 8 24
2353 8 24
2354 8 25
2355 8 25
2356 8 25
2357 8 25
2358 8 25
2359 8 25
2360 8 25
2361 8 25
2362 8 25
2363 8 25
2364 8 25
2365 8 25
2366 8 25
2367 8 25
2368 8 25
2369 8 25
2370 8 25
2371 8 25
2372 8 25
2373 8 25
2374 8 25
2375 8 25
2376 8 25
2377 8 25
2378 8 24
2379 8 24
2380 8 24
2381 8 24
2382 8 24
2383 8 25
2384 8 25
2385 8 25
2386 8 25
2387 8 25
2388 8 25
2389 8 25
2390 8 25
2391 8 25
2392 8 25
2393 8 25
2394 8 25
2395 8 25
2396 8 25
2397 8 25
2398 8 25
2399 8 25
2400 8 25
2401 8 25
2402 8 25
2403 8 25
2404 8 25
2405 8 25
2406 8 25
2407 8 25
2408 8 25
2409 8 25
2410 8 25
2411 8 25
2412 8 25
2413 8 25
2414 8 25
2415 8 25
2416 8 25
2417 8 25
2418 8 25
2419 8 25
2420 8 25
2421 8 25
2422 8 25
2423 8 26
2424 8 26
2425 8 26
2426 8 26
2427 8 26
2428 8 26
2429 8 26
2430 8 26
2431 8 26
2432 8 26
2433 8 26
2434 8 26
2435 8 26
2436 8 26
2437 8 26
2438 9 26
2439 9 26
2440 9 26
2441 9 26
2442 9 26
2443 9 26
2444 9 26
2445 9 26
2446 9 26
2447 9 26
2448 9 26
2449 9 26
2450 9 26
2451 9 26
2452 9 26
2453 9 26
2454 9 26
2455 9 26
2456 9 26
2457 9 26
2458 9 26
2459 9 26
2460 9 26
2461 9 26
2462 9 26
2463 9 26
2464 9 26
2465 9 26
2466 9 26
2467 9 26
2468 9 26
2469 9 26
2470 9 26
2471 9 26
2472 9 26
2473 9 26
2474 9 26
2475 9 26
2476 9 26
2477 9 26
2478 9 26
2479 9 26
2480 9 26
2481 9 26
2482 9 26
2483 9 26
2484 9 26
2485 9 26
2486 9 26
2487 9 26
2488 9 26
2489 9 26
2490 9 26
2491 9 26
2492 9 26
2493 9 26
2494 9 26
2495 9 27
2496 9 27
2497 9 27
2498 9 27
2499 9 27
2500 9 27
2501 10 27
2502 10 27
2503 10 27
2504 10 27
2505 10 27
2506 10 27
2507 10 27
2508 10 27
2509 10 27
2510 10 27
2511 10 27
2512 10 27
2513 10 27
2514 10 27
2515 10 27
2516 10 27
2517 10 27
2518 10 27
2519 10 27
2520 10 27
2521 10 27
2522 10 27
2523 10 27
2524 10 27
2525 10 27
2526 10 27
2527 10 27
2528 10 27
2529 10 27
2530 10 27
2531 10 27
2532 10 27
2533 10 27
2534 10 27
2535 10 27
2536 10 27
2537 10 28
2538 10 28
2539 10 28
2540 10 28
2541 10 28
2542 10 28
2543 10 28
2544 10 28
2545 10 28
2546 10 28
2547 10 28
2548 10 28
2549 10 28
2550 10 28
2551 10 28
2552 10 28
2553 10 28
2554 10 28
2555 10 28
2556 10 28
2557 10 28
2558 10 28
2559 10 28
2560 10 28
2561 10 28
2562 10 28
2563 10 28
2564 10 28
2565 10 28
2566 10 28
2567 10 28
2568 10 28
2569 10 28
2570 10 28
2571 10 28
2572 10 28
2573 10 28
2574 10 28
2575 10 28
2576 10 28
2577 11 28
2578 11 28
2579 11 28
2580 11 28
2581 11 28
2582 11 28
2583 11 28
2584 11 29
2585 11 29
2586 11 29
2587 11 29
2588 11 29
2589 11 29
2590 11 29
2591 11 29
2592 11 29
2593 11 29
2594 11 29
2595 11 29
2596 11 29
2597 11 29
2598 11 29
2599 11 29
2600 11 29
2601 11 29
2602 11 29
2603 11 29
2604 11 29
2605 11 29
2606 11 29
2607 11 29
2608 11 29
2609 11 29
2610 11 29
2611 11 29
2612 11 29
2613 11 29
2614 11 29
2615 11 29
2616 11 29
2617 11 29
2618 11 29
2619 11 29
2620 11 29
2621 11 29
2622 11 29
2623 11 29
2624 11 29
2625 11 29
2626 11 29
2627 11 29
2628 11 29
2629 11 29
2630 11 29
2631 11 29
2632 11 29
2633 11 29
2634 11 29
2635 11 29
2636 11 29
2637 12 29
2638 12 29
2639 12 29
2640 12 29
2641 12 29
2642 12 30
2643 12 30
2644 12 30
2645 12 30
2646 12 30
2647 12 30
2648 12 30
2649 12 30
2650 12 30
2651 12 30
2652 12 30
2653 12 30
2654 12 30
2655 12 30
2656 12 30
2657 12 30
2658 12 30
2659 12 30
2660 12 30
2661 12 30
2662 12 30
2663 12 30
2664 12 30
2665 12 30
2666 12 30
2667 12 30
2668 12 30
2669 12 30
2670 12 30
2671 12 30
2672 12 31
2673 12 30
2674 12 30
2675 12 30
2676 12 31
2677 12 31
2678 12 31
2679 12 31
2680 12 31
2681 12 31
2682 12 31
2683 12 31
2684 12 31
2685 13 31
2686 13 31
2687 13 31
2688 13 31
2689 13 31
2690 13 31
2691 13 31
2692 13 31
2693 13 31
2694 13 31
2695 13 31
2696 13 31
2697 13 31
2698 13 31
2699 13 31
2700 13 31
2701 13 31
2702 13 31
2703 13 31
2704 13 31
2705 13 31
2706 13 31
2707 13 31
2708 13 31
2709 13 31
2710 13 31
2711 13 31
2712 13 31
2713 13 31
2714 13 31
2715 13 31
2716 13 31
2717 13 31
2718 13 31
2719 13 31
2720 13 31
2721 13 31
2722 13 31
2723 13 31
2724 13 31
2725 13 31
2726 13 31
2727 13 31
2728 13 31
2729 13 31
2730 13 31
2731 13 31
2732 13 31
2733 13 31
2734 13 31
2735 13 31
2736 13 31
2737 13 31
2738 13 31
2739 13 31
2740 13 31
2741 13 31
2742 13 31
2743 13 31
2744 13 31
2745 13 31
2746 13 31
2747 13 31
2748 13 31
2749 13 31
2750 13 31
2751 13 31
2752 13 31
2753 13 31
2754 13 31
2755 13 31
2756 13 31
2757 13 31
2758 13 31
2759 13 31
2760 13 31
2761 14 31
2762 14 31
2763 14 31
2764 14 31
2765 14 31
2766 14 31
2767 14 31
2768 14 31
2769 14 31
2770 14 31
2771 14 31
2772 14 31
2773 14 31
2774 14 31
2775 14 31
2776 14 31
2777 14 31
2778 14 31
2779 14 31
2780 14 31
2781 14 31
2782 14 31
2783 14 31
2784 15 31
2785 15 31
2786 15 31
2787 15 31
2788 15 31
2789 15 31
2790 15 31
2791 15 31
2792 15 31
2793 15 31
2794 15 31
2795 15 31
2796 15 31
2797 15 32
2798 15 32
2799 15 32
2800 15 32
2801 15 32
2802 15 32
2803 15 32
2804 15 32
2805 15 31
2806 15 31
2807 15 31
2808 15 31
2809 15 31
2810 15 31
2811 15 31
2812 15 31
2813 15 31
2814 15 31
2815 15 31
2816 15 31
2817 15 31
2818 15 31
2819 15 31
2820 16 31
2821 16 31
2822 16 31
2823 16 31
2824 16 31
2825 16 31
2826 16 32
2827 16 32
2828 16 32
2829 16 32
2830 16 32
2831 16 32
2832 16 32
2833 16 32
2834 16 32
2835 16 32
2836 16 32
2837 16 32
2838 16 32
2839 17 32
2840 17 32
2841 17 32
2842 17 32
2843 17 32
2844 17 32
2845 17 32
2846 17 32
2847 17 32
2848 17 32
2849 17 32
2850 17 32
2851 17 32
2852 17 32
2853 17 32
2854 17 32
2855 17 32
2856 17 32
2857 17 32
2858 17 32
2859 17 32
2860 18 32
2861 18 32
2862 18 32
2863 18 32
2864 18 32
2865 18 32
2866 18 33
2867 18 33
2868 18 33
2869 18 33
2870 18 33
2871 18 33
2872 18 33
2873 18 33
2874 18 33
2875 18 33
2876 18 33
2877 18 33
2878 18 33
2879 18 33
2880 18 33
2881 18 33
2882 18 33
2883 18 33
2884 18 33
2885 18 33
2886 18 33
2887 18 33
2888 18 33
2889 18 33
2890 18 33
2891 18 33
2892 18 33
2893 18 33
2894 19 33
2895 19 33
2896 19 33
2897 19 33
2898 19 33
2899 19 33
2900 19 33
2901 19 33
2902 19 33
2903 19 33
2904 19 33
2905 19 33
2906 19 33
2907 19 33
2908 19 33
2909 19 33
2910 19 33
2911 19 33
2912 19 33
2913 20 33
2914 20 33
2915 20 33
2916 20 33
2917 20 33
2918 20 34
2919 20 34
2920 20 34
2921 20 34
2922 20 34
2923 20 34
2924 20 34
2925 20 34
2926 20 34
2927 20 34
2928 20 34
2929 20 34
2930 20 34
2931 20 34
2932 20 34
2933 20 34
2934 20 34
2935 20 34
2936 21 34
2937 21 34
2938 21 34
2939 21 34
2940 21 34
2941 21 34
2942 21 34
2943 21 34
2944 21 34
2945 21 34
2946 21 34
2947 21 34
2948 22 34
2949 22 34
2950 22 34
2951 22 34
2952 22 34
2953 22 34
2954 22 34
2955 22 34
2956 23 35
2957 23 35
2958 23 35
2959 23 35
2960 23 35
2961 23 35
2962 23 35
2963 23 35
2964 23 35
2965 23 35
2966 24 35
2967 24 35
2968 24 35
2969 24 35
2970 24 35
2971 24 35
2972 24 35
2973 24 35
2974 24 35
2975 24 35
2976 24 35
2977 24 35
2978 25 35
2979 25 35
2980 25 35
2981 25 35
2982 25 35
2983 25 35
2984 25 35
2985 25 35
2986 25 35
2987 25 35
2988 25 35
2989 25 35
2990 25 35
2991 25 35
2992 25 35
2993 25 35
2994 25 35
2995 25 35
2996 25 35
2997 25 35
2998 25 35
2999 25 35
3000 25 35
3001 25 35
3002 25 35
3003 25 35
3004 25 35
3005 25 35
3006 26 35
3007 26 35
3008 26 35
3009 26 35
3010 26 35
3011 26 35
3012 26 35
3013 26 35
3014 26 35
3015 26 35
3016 26 35
3017 26 35
3018 26 35
3019 26 35
3020 26 35
3021 26 35
3022 26 35
3023 26 35
3024 26 35
3025 26 35
3026 26 35
3027 26 35
3028 26 35
3029 26 35
3030 26 35
3031 26 35
3032 27 35
3033 27 35
3034 27 35
3035 27 35
3036 27 35
3037 27 35
3038 27 35
3039 27 35
3040 27 35
3041 27 35
3042 27 35
3043 27 35
3044 27 35
3045 27 35
3046 27 35
3047 27 35
3048 27 35
3049 27 35
3050 27 35
3051 27 35
3052 27 35
3053 27 35
3054 27 35
3055 27 35
3056 27 35
3057 27 35
3058 27 35
3059 27 35
3060 27 35
3061 27 35
3062 27 35
3063 27 35
3064 27 35
3065 28 35
3066 28 35
3067 28 35
3068 28 35
3069 28 36
3070 28 36
3071 29 36
3072 29 36
3073 29 36
3074 29 36
3075 29 36
3076 29 36
3077 29 36
3078 29 36
3079 29 36
3080 29 36
3081 30 36
3082 31 36
3083 31 36
3084 31 36
3085 31 36
3086 31 36
3087 31 36
3088 32 36
3089 32 36
3090 32 36
3091 32 36
3092 33 36
3093 33 36
3094 33 36
3095 33 36
3096 33 36
3097 34 36
3098 34 36
3099 34 37
3100 35 37
3101 35 37
3102 35 37
3103 36 37
3104 36 37
3105 36 37
3106 36 37
3107 36 37
3108 36 37
3109 36 37
3110 37 37
3111 37 37
3112 37 37
3113 37 37
3114 37 37
3115 37 37
3116 37 37
3117 37 37
3118 37 37
3119 37 37
3120 38 37
3121 38 37
3122 38 37
3123 39 37
3124 40 37
3125 41 37
3126 41 37
3127 41 37
3128 41 37
3129 41 37
3130 41 37
3131 41 37
3132 41 37
3133 41 37
3134 41 38
3135 41 38
3136 41 38
3137 41 38
3138 41 38
3139 41 38
3140 41 38
3141 41 38
3142 42 38
3143 42 38
3144 42 38
3145 42 38
3146 43 38
3147 43 38
3148 43 38
3149 44 38
3150 44 38
3151 44 38
3152 44 38
3153 45 38
3154 45 38
3155 45 38
3156 45 38
3157 45 38
3158 45 38
3159 45 38
3160 45 38
3161 46 38
3162 46 38
3163 47 38
3164 47 39
3165 47 39
3166 47 39
3167 47 39
3168 47 39
3169 47 39
3170 47 39
3171 47 39
3172 47 39
3173 47 39
3174 47 39
3175 47 39
3176 47 39
3177 47 39
3178 47 39
3179 47 39
3180 47 39
3181 47 39
3182 47 39
3183 47 39
3184 47 39
3185 47 39
3186 47 39
3187 47 39
3188 47 39
3189 47 39
3190 47 39
3191 47 39
3192 47 40
3193 47 40
3194 47 40
3195 47 40
3196 47 40
3197 47 40
3198 47 40
3199 47 40
3200 47 40
3201 48 40
3202 48 40
3203 48 40
3204 49 40
3205 49 40
3206 49 40
3207 50 40
3208 50 40
3209 50 40
3210 50 40
3211 51 40
3212 51 40
3213 51 40
3214 51 40
3215 51 40
3216 51 40
3217 51 40
3218 52 40
3219 53 40
3220 53 40
3221 53 40
3222 53 40
3223 53 40
3224 53 40
3225 53 40
3226 53 40
3227 54 40
3228 54 40
3229 55 41
3230 55 41
3231 55 41
3232 55 41
3233 56 41
3234 56 41
3235 57 41
3236 57 41
3237 57 41
3238 57 41
3239 57 41
3240 57 41
3241 58 41
3242 59 41
3243 60 41
3244 60 41
3245 60 41
3246 60 41
3247 63 41
3248 63 41
3249 64 41
3250 64 41
3251 65 41
3252 67 41
3253 68 41
3254 68 41
3255 69 41
3256 69 41
3257 71 41
3258 71 41
3259 72 41
3260 72 41
3261 72 41
3262 72 41
3263 73 41
3264 73 41
3265 73 42
3266 74 42
3267 74 42
3268 74 42
3269 74 42
3270 75 42
3271 77 42
3272 78 42
3273 81 42
3274 83 42
3275 83 42
3276 83 42
3277 83 42
3278 83 42
3279 83 42
3280 83 42
3281 83 42
3282 83 42
3283 83 42
3284 84 42
3285 95 42
3286 95 42
3287 95 42
3288 95 42
3289 95 42
3290 95 42
3291 95 42
3292 95 42
3293 95 42
3294 95 42
3295 95 42
3296 95 42
3297 95 42
3298 95 42
3299 95 42
3300 95 42
3301 95 42
3302 95 42
3303 95 42
3304 95 42
3305 95 43
3306 95 43
3307 95 43
3308 95 43
3309 95 43
3310 95 43
3311 95 43
3312 95 43
3313 95 43
3314 95 43
3315 95 43
3316 95 43
3317 95 43
3318 96 43
3319 100 43
