0 0 0
1 0 0
2 0 0
3 0 0
4 0 0
5 0 0
6 0 0
7 0 0
8 0 0
9 0 0
10 0 0
11 0 0
12 0 0
13 0 0
14 0 0
15 0 0
16 0 0
17 0 0
18 0 0
19 0 0
20 0 0
21 0 0
22 0 0
23 0 0
24 0 0
25 0 0
26 0 0
27 0 0
28 0 0
29 0 0
30 0 0
31 0 0
32 0 0
33 0 0
34 0 0
35 0 0
36 0 0
37 0 0
38 0 0
39 0 0
40 0 0
41 0 0
42 0 0
43 0 0
44 0 0
45 0 0
46 0 0
47 0 0
48 0 0
49 0 0
50 0 0
51 0 0
52 0 0
53 0 0
54 0 0
55 0 0
56 0 0
57 0 0
58 0 0
59 0 0
60 0 0
61 0 0
62 0 0
63 0 0
64 0 0
65 0 0
66 0 0
67 0 0
68 0 0
69 0 0
70 0 0
71 0 0
72 0 0
73 0 0
74 0 0
75 0 0
76 0 0
77 0 0
78 0 0
79 0 0
80 0 0
81 0 0
82 0 0
83 0 0
84 0 0
85 0 0
86 0 0
87 0 0
88 0 0
89 0 0
90 0 0
91 0 0
92 0 0
93 0 0
94 0 0
95 0 0
96 0 0
97 0 0
98 0 0
99 0 0
100 0 0
101 0 0
102 0 0
103 0 0
104 0 0
105 0 0
106 0 0
107 0 0
108 0 0
109 0 0
110 0 0
111 0 0
112 0 0
113 0 0
114 0 0
115 0 0
116 0 0
117 0 0
118 0 0
119 0 0
120 0 0
121 0 0
122 0 0
123 0 0
124 0 0
125 0 0
126 0 0
127 0 0
128 0 0
129 0 0
130 0 0
131 0 0
132 0 0
133 0 0
134 0 0
135 0 0
136 0 0
137 0 0
138 0 0
139 0 0
140 0 0
141 0 0
142 0 0
143 0 0
144 0 0
145 0 0
146 0 0
147 0 0
148 0 0
149 0 0
150 0 0
151 0 0
152 0 0
153 0 0
154 0 0
155 0 0
156 0 0
157 0 0
158 0 0
159 0 0
160 0 0
161 0 0
162 0 0
163 0 0
164 0 0
165 0 0
166 0 0
167 0 0
168 0 0
169 0 0
170 0 0
171 0 0
172 0 0
173 0 0
174 0 0
175 0 0
176 0 0
177 0 0
178 0 0
179 0 0
180 0 0
181 0 0
182 0 0
183 0 0
184 0 0
185 0 0
186 0 0
187 0 0
188 0 0
189 0 0
190 0 0
191 0 0
192 0 0
193 0 0
194 0 0
195 0 0
196 0 0
197 0 0
198 0 0
199 0 0
200 0 0
201 0 0
202 0 0
203 0 0
204 0 0
205 0 0
206 0 0
207 0 0
208 0 0
209 0 0
210 0 0
211 0 0
212 0 0
213 0 0
214 0 0
215 0 0
216 0 0
217 0 0
218 0 0
219 0 0
220 0 0
221 0 0
222 0 0
223 0 0
224 0 0
225 0 0
226 0 0
227 0 0
228 0 0
229 0 0
230 0 0
231 0 0
232 0 0
233 0 0
234 0 0
235 0 0
236 0 0
237 0 0
238 0 0
239 0 0
240 0 0
241 0 0
242 0 0
243 0 0
244 0 0
245 0 0
246 0 0
247 0 0
248 0 0
249 0 0
250 0 0
251 0 0
252 0 0
253 0 0
254 0 0
255 0 0
256 0 0
257 0 0
258 0 0
259 0 0
260 0 0
261 0 0
262 0 0
263 0 0
264 0 0
265 0 0
266 0 0
267 0 0
268 0 0
269 0 0
270 0 0
271 0 0
272 0 0
273 0 0
274 0 0
275 0 0
276 0 0
277 0 0
278 0 0
279 0 0
280 0 0
281 0 0
282 0 0
283 0 0
284 0 0
285 0 0
286 0 0
287 0 0
288 0 0
289 0 0
290 0 0
291 0 0
292 0 0
293 0 0
294 0 0
295 0 0
296 0 0
297 0 0
298 0 0
299 0 0
300 0 0
301 0 0
302 0 0
303 0 0
304 0 0
305 0 0
306 0 0
307 0 0
308 0 0
309 0 0
310 0 0
311 0 0
312 0 0
313 0 0
314 0 0
315 0 0
316 0 0
317 0 0
318 0 0
319 0 0
320 0 0
321 0 0
322 0 0
323 0 0
324 0 0
325 0 0
326 0 0
327 0 0
328 0 0
329 0 0
330 0 0
331 0 0
332 0 0
333 0 0
334 0 0
335 0 0
336 0 0
337 0 0
338 0 0
339 0 0
340 0 0
341 0 0
342 0 0
343 0 0
344 0 0
345 0 0
346 0 0
347 0 0
348 0 0
349 0 0
350 0 0
351 0 0
352 0 0
353 0 0
354 0 0
355 0 0
356 0 0
357 0 0
358 0 0
359 0 0
360 0 0
361 0 0
362 0 0
363 0 0
364 0 0
365 0 0
366 0 0
367 0 0
368 0 0
369 0 0
370 0 0
371 0 0
372 0 0
373 0 0
374 0 0
375 0 0
376 0 0
377 0 0
378 0 0
379 0 0
380 0 0
381 0 0
382 0 0
383 0 0
384 0 0
385 0 0
386 0 0
387 0 0
388 0 0
389 0 0
390 0 0
391 0 0
392 0 0
393 0 0
394 0 0
395 0 0
396 0 0
397 0 0
398 0 0
399 0 0
400 0 0
401 0 0
402 0 0
403 0 0
404 0 0
405 0 0
406 0 0
407 0 0
408 0 0
409 0 0
410 0 0
411 0 0
412 0 0
413 0 0
414 0 0
415 0 0
416 0 0
417 0 0
418 0 0
419 0 0
420 0 0
421 0 1
422 0 1
423 0 1
424 0 1
425 0 1
426 0 1
427 0 1
428 0 1
429 0 1
430 0 1
431 0 1
432 0 1
433 0 1
434 0 1
435 0 1
436 0 1
437 0 1
438 0 1
439 0 1
440 0 1
441 0 1
442 0 1
443 0 1
444 0 1
445 0 1
446 0 1
447 0 1
448 0 1
449 0 1
450 0 1
451 0 1
452 0 1
453 0 1
454 0 1
455 0 1
456 0 1
457 0 1
458 0 1
459 0 1
460 0 1
461 0 1
462 0 1
463 0 1
464 0 1
465 0 1
466 0 1
467 0 1
468 0 1
469 0 1
470 0 1
471 0 1
472 0 1
473 0 1
474 0 1
475 0 1
476 0 1
477 0 1
478 0 1
479 0 1
480 0 1
481 0 1
482 0 1
483 0 1
484 0 1
485 0 1
486 0 1
487 0 1
488 0 1
489 0 1
490 0 1
491 0 1
492 0 1
493 0 2
494 0 2
495 0 2
496 0 2
497 0 2
498 0 2
499 0 2
500 0 2
501 0 2
502 0 2
503 0 2
504 0 2
505 0 2
506 0 2
507 0 2
508 0 2
509 0 2
510 0 2
511 0 2
512 0 2
513 0 2
514 0 2
515 0 2
516 0 2
517 0 2
518 0 2
519 0 2
520 0 2
521 0 2
522 0 2
523 0 2
524 0 2
525 0 2
526 0 2
527 0 2
528 0 2
529 0 2
530 0 2
531 0 2
532 0 2
533 0 3
534 0 3
535 0 3
536 0 3
537 0 2
538 0 2
539 0 2
540 0 2
541 0 2
542 0 2
543 0 2
544 0 2
545 0 2
546 0 2
547 0 2
548 0 2
549 0 2
550 0 2
551 0 2
552 0 2
553 0 2
554 0 2
555 0 2
556 0 2
557 0 2
558 0 2
559 0 2
560 0 2
561 0 2
562 0 2
563 0 2
564 0 2
565 0 2
566 0 2
567 0 2
568 0 2
569 0 2
570 0 2
571 0 2
572 0 2
573 0 2
574 0 2
575 0 2
576 0 2
577 0 2
578 0 2
579 0 2
580 0 2
581 0 3
582 0 3
583 0 3
584 0 3
585 0 3
586 0 3
587 0 3
588 0 3
589 0 3
590 0 3
591 0 3
592 0 3
593 0 3
594 0 3
595 0 3
596 0 3
597 0 3
598 0 3
599 0 3
600 0 3
601 0 3
602 0 3
603 0 3
604 0 3
605 0 3
606 0 3
607 0 3
608 0 3
609 0 3
610 0 3
611 0 3
612 0 3
613 0 3
614 0 3
615 0 3
616 0 3
617 0 3
618 0 3
619 0 3
620 0 3
621 0 3
622 0 3
623 0 3
624 0 3
625 0 3
626 0 3
627 0 3
628 0 3
629 0 3
630 0 3
631 0 3
632 0 3
633 0 3
634 0 3
635 0 3
636 0 3
637 0 3
638 0 3
639 0 3
640 0 3
641 0 3
642 0 3
643 0 3
644 0 3
645 0 3
646 0 3
647 0 3
648 0 3
649 0 3
650 0 3
651 0 3
652 0 3
653 0 3
654 0 3
655 0 3
656 0 3
657 0 3
658 0 3
659 0 3
660 0 3
661 0 3
662 0 3
663 0 3
664 0 3
665 0 3
666 0 3
667 0 3
668 0 3
669 0 3
670 0 3
671 0 3
672 0 3
673 0 3
674 0 3
675 0 3
676 0 3
677 0 3
678 0 3
679 0 3
680 0 3
681 0 3
682 0 3
683 0 3
684 0 3
685 0 3
686 0 3
687 0 3
688 0 3
689 0 3
690 0 3
691 0 3
692 0 3
693 0 3
694 0 3
695 0 3
696 0 3
697 0 3
698 0 3
699 0 3
700 0 3
701 0 3
702 0 3
703 0 3
704 0 3
705 0 3
706 0 3
707 0 3
708 0 3
709 0 3
710 0 3
711 0 3
712 0 3
713 0 3
714 0 3
715 0 3
716 0 3
717 0 3
718 0 3
719 0 3
720 0 3
721 0 3
722 0 3
723 0 3
724 0 3
725 0 3
726 0 3
727 0 3
728 0 3
729 0 3
730 0 3
731 0 3
732 0 3
733 0 3
734 0 3
735 0 3
736 0 3
737 0 3
738 0 3
739 0 3
740 0 3
741 0 3
742 0 3
743 0 3
744 0 3
745 0 3
746 0 3
747 0 3
748 0 3
749 0 3
750 0 3
751 0 3
752 0 3
753 0 3
754 0 3
755 0 3
756 0 3
757 0 3
758 0 3
759 0 3
760 0 3
761 0 3
762 0 3
763 0 3
764 0 3
765 0 3
766 0 3
767 0 3
768 0 3
769 0 3
770 0 3
771 0 3
772 0 3
773 0 3
774 0 3
775 0 3
776 0 3
777 0 3
778 0 4
779 0 4
780 0 4
781 0 4
782 0 4
783 0 4
784 0 4
785 0 4
786 0 4
787 0 4
788 0 4
789 0 4
790 0 4
791 0 4
792 0 4
793 0 4
794 0 4
795 0 4
796 0 4
797 0 4
798 0 4
799 0 4
800 0 4
801 0 4
802 0 4
803 0 4
804 0 4
805 0 4
806 0 4
807 0 4
808 0 4
809 0 4
810 0 4
811 0 4
812 0 4
813 0 4
814 0 4
815 0 4
816 0 4
817 0 4
818 0 4
819 0 4
820 0 4
821 0 4
822 0 4
823 0 4
824 0 4
825 0 4
826 0 4
827 0 4
828 0 4
829 0 4
830 0 4
831 0 4
832 0 5
833 0 5
834 0 5
835 0 5
836 0 5
837 0 5
838 0 5
839 0 5
840 0 5
841 0 5
842 0 5
843 0 5
844 0 5
845 0 5
846 0 5
847 0 5
848 0 5
849 0 5
850 0 5
851 0 5
852 0 5
853 0 5
854 0 5
855 0 5
856 0 5
857 0 5
858 0 5
859 0 5
860 0 5
861 0 5
862 0 5
863 0 5
864 0 5
865 0 5
866 0 5
867 0 5
868 0 5
869 0 5
870 0 5
871 0 5
872 0 5
873 0 5
874 0 4
875 0 4
876 0 4
877 0 4
878 0 4
879 0 4
880 0 4
881 0 4
882 0 4
883 0 4
884 0 4
885 0 4
886 0 4
887 0 4
888 0 4
889 0 4
890 0 4
891 0 4
892 0 4
893 0 4
894 0 4
895 0 4
896 0 4
897 0 4
898 0 4
899 0 4
900 0 4
901 0 4
902 0 4
903 0 4
904 0 4
905 0 4
906 0 4
907 1 4
908 1 4
909 1 4
910 1 4
911 1 4
912 1 4
913 1 4
914 1 4
915 1 4
916 1 4
917 1 4
918 1 4
919 1 4
920 1 4
921 1 4
922 1 4
923 1 4
924 1 4
925 1 4
926 1 4
927 1 4
928 1 4
929 1 4
930 1 4
931 1 4
932 1 4
933 1 4
934 1 4
935 1 4
936 1 4
937 1 4
938 1 4
939 1 4
940 1 4
941 1 4
942 1 4
943 1 4
944 1 4
945 1 4
946 1 4
947 1 4
948 1 4
949 1 4
950 1 4
951 1 4
952 1 4
953 1 4
954 1 4
955 1 4
956 1 4
957 1 4
958 1 4
959 1 4
960 1 4
961 1 4
962 1 4
963 1 5
964 1 5
965 1 5
966 1 5
967 1 5
968 1 5
969 1 5
970 1 5
971 1 5
972 1 5
973 1 5
974 1 5
975 1 5
976 1 5
977 1 5
978 1 5
979 1 5
980 1 5
981 1 5
982 1 5
983 1 5
984 1 5
985 1 5
986 1 5
987 1 5
988 1 5
989 1 5
990 1 5
991 1 5
992 1 5
993 1 5
994 1 5
995 1 5
996 1 5
997 1 5
998 1 5
999 1 5
1000 1 5
1001 1 5
1002 1 5
1003 1 5
1004 1 5
1005 1 5
1006 1 5
1007 1 5
1008 1 5
1009 1 5
1010 1 5
1011 1 5
1012 1 5
1013 1 5
1014 1 5
1015 1 5
1016 1 5
1017 1 5
1018 1 5
1019 1 5
1020 1 5
1021 1 5
1022 1 5
1023 1 4
1024 1 4
1025 1 4
1026 1 4
1027 1 4
1028 1 4
1029 1 4
1030 1 4
1031 1 4
1032 1 4
1033 1 4
1034 1 4
1035 1 4
1036 1 4
1037 1 4
1038 1 4
1039 1 4
1040 1 4
1041 1 4
1042 1 4
1043 1 4
1044 1 4
1045 1 4
1046 1 4
1047 1 4
1048 1 4
1049 1 4
1050 1 4
1051 1 4
1052 1 4
1053 1 4
1054 1 4
1055 1 4
1056 1 4
1057 1 4
1058 1 4
1059 1 4
1060 1 4
1061 1 4
1062 1 4
1063 1 4
1064 1 4
1065 1 4
1066 1 4
1067 1 5
1068 1 4
1069 1 4
1070 1 4
1071 1 4
1072 1 4
1073 1 4
1074 1 4
1075 1 4
1076 1 4
1077 1 4
1078 1 4
1079 1 4
1080 1 4
1081 1 4
1082 1 4
1083 1 4
1084 1 4
1085 1 4
1086 1 4
1087 1 4
1088 1 4
1089 1 4
1090 1 4
1091 1 4
1092 1 4
1093 1 4
1094 1 4
1095 1 4
1096 1 4
1097 1 4
1098 1 4
1099 1 4
1100 1 4
1101 1 4
1102 1 4
1103 1 4
1104 1 4
1105 1 4
1106 1 4
1107 1 4
1108 1 4
1109 1 4
1110 1 4
1111 1 4
1112 1 4
1113 1 4
1114 1 4
1115 1 4
1116 1 4
1117 1 4
1118 1 4
1119 1 4
1120 1 4
1121 1 4
1122 1 4
1123 1 4
1124 1 4
1125 1 4
1126 1 4
1127 1 4
1128 1 4
1129 1 4
1130 1 4
1131 1 4
1132 1 4
1133 1 4
1134 1 4
1135 1 4
1136 1 4
1137 1 4
1138 1 4
1139 1 4
1140 1 4
1141 1 4
1142 1 4
1143 1 4
1144 1 4
1145 1 4
1146 1 4
1147 1 4
1148 1 4
1149 1 4
1150 1 4
1151 1 4
1152 1 4
1153 1 4
1154 1 4
1155 1 4
1156 1 4
1157 1 4
1158 1 4
1159 1 4
1160 1 4
1161 1 4
1162 1 4
1163 1 4
1164 1 4
1165 1 4
1166 1 4
1167 1 4
1168 1 4
1169 1 4
1170 1 4
1171 1 4
1172 1 4
1173 1 4
1174 1 4
1175 1 4
1176 1 4
1177 1 4
1178 1 4
1179 1 4
1180 1 4
1181 1 4
1182 1 4
1183 1 4
1184 1 4
1185 1 4
1186 1 4
1187 1 4
1188 1 4
1189 1 4
1190 1 4
1191 1 4
1192 1 4
1193 1 4
1194 1 4
1195 1 4
1196 1 4
1197 1 4
1198 1 4
1199 1 4
1200 1 4
1201 1 4
1202 1 4
1203 1 4
1204 1 4
1205 1 4
1206 1 4
1207 1 4
1208 1 4
1209 1 4
1210 1 4
1211 1 4
1212 1 4
1213 1 4
1214 1 4
1215 1 4
1216 1 4
1217 1 4
1218 1 4
1219 1 4
1220 1 4
1221 1 4
1222 1 4
1223 1 4
1224 1 4
1225 1 4
1226 1 4
1227 1 4
1228 1 4
1229 1 4
1230 1 4
1231 1 4
1232 1 4
1233 1 4
1234 1 4
1235 1 4
1236 1 4
1237 1 4
1238 1 4
1239 1 4
1240 1 4
1241 1 4
1242 1 4
1243 1 4
1244 1 4
1245 1 4
1246 1 4
1247 1 4
1248 1 4
1249 1 4
1250 1 4
1251 1 4
1252 1 4
1253 1 4
1254 1 4
1255 1 4
1256 1 4
1257 1 4
1258 1 4
1259 1 4
1260 1 4
1261 1 4
1262 1 4
1263 1 4
1264 1 4
1265 1 4
1266 1 4
1267 1 5
1268 1 5
1269 1 5
1270 1 5
1271 1 5
1272 1 5
1273 1 5
1274 1 5
1275 1 5
1276 1 5
1277 1 5
1278 1 5
1279 1 5
1280 1 5
1281 1 5
1282 1 5
1283 1 5
1284 1 5
1285 1 5
1286 1 5
1287 1 5
1288 1 5
1289 1 5
1290 1 5
1291 1 5
1292 2 5
1293 2 5
1294 2 5
1295 2 5
1296 2 5
1297 2 5
1298 2 5
1299 2 5
1300 2 5
1301 2 5
1302 2 5
1303 2 5
1304 2 5
1305 2 5
1306 2 5
1307 2 5
1308 2 5
1309 2 5
1310 2 5
1311 2 5
1312 2 5
1313 2 5
1314 2 5
1315 2 5
1316 2 5
1317 2 5
1318 2 5
1319 2 5
1320 2 5
1321 2 5
1322 2 5
1323 2 5
1324 2 5
1325 2 5
1326 2 5
1327 2 5
1328 2 5
1329 2 5
1330 2 5
1331 2 5
1332 2 5
1333 2 5
1334 2 5
1335 2 5
1336 2 5
1337 2 5
1338 2 5
1339 2 5
1340 2 5
1341 2 5
1342 2 5
1343 2 5
1344 2 5
1345 2 5
1346 2 5
1347 2 5
1348 2 5
1349 2 5
1350 2 5
1351 2 5
1352 2 5
1353 2 5
1354 2 5
1355 2 5
1356 2 5
1357 2 5
1358 2 5
1359 2 5
1360 2 5
1361 2 5
1362 2 5
1363 2 5
1364 2 5
1365 2 5
1366 2 5
1367 2 5
1368 2 5
1369 2 5
1370 2 5
1371 2 5
1372 2 5
1373 2 5
1374 2 5
1375 2 5
1376 2 5
1377 2 6
1378 2 6
1379 2 6
1380 2 6
1381 2 6
1382 2 6
1383 2 6
1384 2 6
1385 2 6
1386 2 6
1387 2 6
1388 2 6
1389 2 6
1390 2 6
1391 2 6
1392 2 6
1393 2 6
1394 2 6
1395 2 6
1396 2 6
1397 2 6
1398 2 6
1399 2 6
1400 2 6
1401 2 6
1402 2 6
1403 2 6
1404 2 6
1405 2 6
1406 2 6
1407 2 6
1408 2 6
1409 2 6
1410 2 6
1411 2 6
1412 2 6
1413 2 6
1414 2 6
1415 2 6
1416 2 6
1417 2 6
1418 2 6
1419 2 6
1420 2 6
1421 2 6
1422 2 6
1423 2 6
1424 2 6
1425 2 6
1426 2 6
1427 2 6
1428 2 6
1429 2 6
1430 2 6
1431 2 6
1432 2 6
1433 2 6
1434 2 6
1435 2 6
1436 2 6
1437 2 6
1438 2 6
1439 2 6
1440 2 6
1441 2 6
1442 2 6
1443 2 6
1444 2 6
1445 2 6
1446 2 6
1447 2 6
1448 2 6
1449 2 6
1450 2 6
1451 2 7
1452 2 7
1453 2 7
1454 2 7
1455 2 7
1456 2 7
1457 2 7
1458 2 7
1459 2 7
1460 2 7
1461 2 7
1462 2 7
1463 2 7
1464 2 7
1465 2 7
1466 2 7
1467 2 7
1468 2 7
1469 2 7
1470 2 7
1471 2 7
1472 2 7
1473 2 7
1474 2 7
1475 2 7
1476 2 7
1477 2 7
1478 2 7
1479 2 7
1480 2 7
1481 2 7
1482 2 7
1483 2 7
1484 2 7
1485 2 7
1486 2 7
1487 2 7
1488 2 7
1489 2 7
1490 2 7
1491 2 7
1492 2 7
1493 2 7
1494 2 7
1495 2 7
1496 2 7
1497 2 7
1498 2 7
1499 2 7
1500 2 7
1501 2 7
1502 2 7
1503 2 7
1504 2 7
1505 2 7
1506 2 7
1507 2 7
1508 2 7
1509 2 7
1510 2 7
1511 2 6
1512 2 6
1513 2 6
1514 2 6
1515 2 6
1516 2 6
1517 2 6
1518 2 6
1519 2 6
1520 2 6
1521 2 6
1522 2 6
1523 2 6
1524 2 6
1525 2 6
1526 2 6
1527 2 7
1528 2 7
1529 2 7
1530 2 6
1531 2 7
1532 2 7
1533 2 7
1534 2 7
1535 2 7
1536 2 7
1537 2 7
1538 2 7
1539 2 7
1540 2 7
1541 2 7
1542 2 7
1543 2 7
1544 2 7
1545 2 7
1546 2 7
1547 2 7
1548 2 7
1549 2 7
1550 2 7
1551 2 7
1552 2 7
1553 2 7
1554 2 7
1555 2 7
1556 2 7
1557 2 7
1558 2 7
1559 2 7
1560 2 7
1561 2 7
1562 2 7
1563 2 7
1564 2 7
1565 2 7
1566 2 7
1567 2 7
1568 2 7
1569 2 7
1570 2 7
1571 2 7
1572 2 7
1573 2 7
1574 2 7
1575 2 7
1576 2 7
1577 2 7
1578 2 7
1579 2 7
1580 2 7
1581 2 7
1582 2 7
1583 2 7
1584 3 7
1585 3 7
1586 3 7
1587 3 7
1588 3 7
1589 3 7
1590 3 7
1591 3 7
1592 3 7
1593 3 7
1594 3 7
1595 3 7
1596 3 7
1597 3 7
1598 3 7
1599 3 7
1600 3 7
1601 3 7
1602 3 7
1603 3 7
1604 3 7
1605 3 7
1606 3 7
1607 3 7
1608 3 7
1609 3 7
1610 3 7
1611 3 7
1612 3 7
1613 3 7
1614 3 7
1615 3 7
1616 3 7
1617 3 7
1618 3 7
1619 3 7
1620 3 7
1621 3 7
1622 3 7
1623 3 7
1624 3 7
1625 3 7
1626 3 7
1627 3 7
1628 3 7
1629 3 7
1630 3 7
1631 3 7
1632 3 7
1633 3 7
1634 3 7
1635 3 7
1636 3 7
1637 3 7
1638 3 7
1639 3 7
1640 3 7
1641 3 7
1642 3 7
1643 3 7
1644 3 7
1645 3 7
1646 3 7
1647 3 7
1648 3 7
1649 3 7
1650 3 7
1651 3 7
1652 3 7
1653 3 7
1654 3 7
1655 3 7
1656 3 7
1657 3 8
1658 3 7
1659 3 7
1660 3 7
1661 3 7
1662 3 7
1663 3 7
1664 3 7
1665 3 7
1666 3 7
1667 3 7
1668 3 7
1669 3 7
1670 3 7
1671 3 7
1672 3 7
1673 3 7
1674 3 7
1675 3 7
1676 3 7
1677 3 7
1678 3 7
1679 3 7
1680 3 7
1681 3 7
1682 3 7
1683 3 7
1684 3 7
1685 3 7
1686 3 7
1687 3 8
1688 3 8
1689 3 8
1690 3 8
1691 3 8
1692 3 8
1693 3 8
1694 3 8
1695 3 8
1696 3 8
1697 3 8
1698 3 8
1699 3 8
1700 3 8
1701 3 8
1702 3 8
1703 3 8
1704 3 8
1705 3 8
1706 3 8
1707 3 8
1708 3 8
1709 3 8
1710 3 8
1711 3 8
1712 3 8
1713 3 8
1714 3 8
1715 3 8
1716 3 8
1717 3 8
1718 3 8
1719 3 8
1720 3 8
1721 3 8
1722 3 8
1723 3 8
1724 3 8
1725 3 8
1726 3 8
1727 3 8
1728 3 8
1729 3 8
1730 3 8
1731 3 8
1732 3 8
1733 3 8
1734 3 8
1735 3 8
1736 3 8
1737 3 8
1738 3 9
1739 3 9
1740 3 9
1741 3 9
1742 3 9
1743 3 9
1744 3 9
1745 3 9
1746 3 9
1747 3 9
1748 3 9
1749 3 9
1750 3 9
1751 3 9
1752 3 9
1753 3 9
1754 3 9
1755 3 9
1756 3 9
1757 3 9
1758 3 9
1759 3 9
1760 3 9
1761 3 9
1762 3 9
1763 3 9
1764 3 9
1765 3 9
1766 3 9
1767 3 9
1768 3 9
1769 3 9
1770 3 9
1771 3 9
1772 3 9
1773 3 9
1774 3 9
1775 3 9
1776 3 9
1777 3 9
1778 3 9
1779 3 9
1780 3 9
1781 3 9
1782 3 9
1783 3 9
1784 3 9
1785 3 9
1786 3 9
1787 3 9
1788 3 9
1789 3 9
1790 3 9
1791 3 9
1792 3 9
1793 3 9
1794 3 9
1795 3 9
1796 3 9
1797 3 9
1798 3 9
1799 3 9
1800 3 9
1801 3 9
1802 3 9
1803 3 9
1804 3 9
1805 3 9
1806 3 9
1807 3 9
1808 3 9
1809 4 9
1810 4 9
1811 4 9
1812 4 9
1813 4 9
1814 4 9
1815 4 9
1816 4 10
1817 4 10
1818 4 10
1819 4 10
1820 4 10
1821 4 10
1822 4 9
1823 4 10
1824 4 10
1825 4 10
1826 4 10
1827 4 10
1828 4 10
1829 4 10
1830 4 10
1831 4 10
1832 4 10
1833 4 10
1834 4 10
1835 4 9
1836 4 9
1837 4 9
1838 4 9
1839 4 9
1840 4 9
1841 4 9
1842 4 9
1843 4 9
1844 4 9
1845 4 9
1846 4 9
1847 4 9
1848 4 9
1849 4 9
1850 4 9
1851 4 9
1852 4 9
1853 4 9
1854 4 9
1855 4 9
1856 4 9
1857 4 9
1858 4 9
1859 4 9
1860 4 10
1861 4 10
1862 4 10
1863 4 10
1864 4 10
1865 4 10
1866 4 10
1867 4 10
1868 4 10
1869 4 10
1870 4 10
1871 4 10
1872 4 10
1873 4 10
1874 4 10
1875 4 10
1876 4 10
1877 4 10
1878 4 10
1879 4 10
1880 4 10
1881 4 10
1882 4 10
1883 4 10
1884 4 10
1885 4 10
1886 4 10
1887 4 10
1888 4 10
1889 4 10
1890 4 10
1891 4 10
1892 4 10
1893 4 10
1894 4 10
1895 4 10
1896 4 10
1897 4 10
1898 4 10
1899 4 10
1900 4 10
1901 4 10
1902 4 10
1903 4 10
1904 4 10
1905 4 10
1906 4 11
1907 4 11
1908 4 11
1909 4 11
1910 4 11
1911 4 11
1912 4 11
1913 4 11
1914 4 11
1915 4 11
1916 4 11
1917 4 11
1918 4 11
1919 4 11
1920 4 11
1921 4 11
1922 4 11
1923 4 11
1924 4 11
1925 4 11
1926 4 11
1927 4 11
1928 4 11
1929 4 11
1930 4 11
1931 4 11
1932 4 11
1933 4 11
1934 4 11
1935 4 11
1936 4 11
1937 4 11
1938 4 11
1939 4 11
1940 4 11
1941 4 11
1942 4 11
1943 4 11
1944 4 12
1945 4 12
1946 4 12
1947 4 12
1948 4 12
1949 4 12
1950 4 12
1951 4 12
1952 4 12
1953 4 12
1954 5 12
1955 5 12
1956 5 12
1957 5 12
1958 5 12
1959 5 12
1960 5 12
1961 5 12
1962 5 12
1963 5 13
1964 5 13
1965 5 13
1966 5 13
1967 5 13
1968 5 13
1969 5 13
1970 5 13
1971 5 13
1972 5 13
1973 5 13
1974 5 13
1975 5 13
1976 5 13
1977 5 13
1978 5 13
1979 5 13
1980 5 13
1981 5 13
1982 5 13
1983 5 13
1984 5 12
1985 5 13
1986 5 13
1987 5 13
1988 5 13
1989 5 13
1990 5 13
1991 5 13
1992 5 13
1993 5 13
1994 5 13
1995 5 13
1996 5 13
1997 5 13
1998 5 13
1999 5 13
2000 5 13
2001 5 13
2002 5 13
2003 5 13
2004 5 13
2005 5 13
2006 5 13
2007 5 13
2008 5 13
2009 5 13
2010 5 13
2011 5 13
2012 5 12
2013 5 12
2014 5 12
2015 5 12
2016 5 12
2017 5 13
2018 5 13
2019 5 13
2020 5 13
2021 5 13
2022 5 13
2023 5 13
2024 5 13
2025 5 13
2026 5 13
2027 5 13
2028 5 13
2029 5 13
2030 5 13
2031 5 13
2032 5 13
2033 5 13
2034 5 13
2035 5 13
2036 5 13
2037 5 13
2038 5 13
2039 5 13
2040 5 13
2041 5 13
2042 5 13
2043 5 13
2044 5 13
2045 5 13
2046 5 13
2047 5 13
2048 5 13
2049 5 13
2050 5 13
2051 5 14
2052 5 14
2053 5 14
2054 5 14
2055 5 14
2056 5 14
2057 5 14
2058 5 14
2059 5 14
2060 5 14
2061 5 14
2062 5 14
2063 5 14
2064 5 14
2065 5 14
2066 5 14
2067 5 14
2068 5 14
2069 5 14
2070 5 14
2071 5 14
2072 5 14
2073 5 14
2074 5 14
2075 5 14
2076 5 14
2077 5 14
2078 5 14
2079 5 14
2080 5 14
2081 5 14
2082 5 14
2083 5 14
2084 5 14
2085 5 14
2086 5 14
2087 5 14
2088 5 15
2089 5 15
2090 5 15
2091 5 15
2092 5 15
2093 5 15
2094 5 15
2095 5 15
2096 5 15
2097 5 15
2098 5 15
2099 5 15
2100 5 15
2101 5 15
2102 5 15
2103 5 15
2104 5 15
2105 5 15
2106 5 15
2107 5 15
2108 5 15
2109 5 15
2110 5 15
2111 5 15
2112 5 15
2113 5 15
2114 5 15
2115 5 15
2116 5 15
2117 5 15
2118 5 15
2119 5 15
2120 5 15
2121 5 15
2122 5 15
2123 6 15
2124 6 15
2125 6 15
2126 6 15
2127 6 16
2128 6 16
2129 6 16
2130 6 16
2131 6 16
2132 6 16
2133 6 16
2134 6 16
2135 6 16
2136 6 16
2137 6 16
2138 6 16
2139 6 16
2140 6 16
2141 6 16
2142 6 16
2143 6 16
2144 6 16
2145 6 16
2146 6 16
2147 6 16
2148 6 16
2149 6 16
2150 6 16
2151 6 17
2152 6 17
2153 6 17
2154 6 17
2155 6 17
2156 6 17
2157 6 17
2158 6 17
2159 6 17
2160 6 17
2161 6 17
2162 6 17
2163 6 17
2164 6 17
2165 6 17
2166 6 17
2167 6 17
2168 6 17
2169 6 17
2170 6 17
2171 6 17
2172 6 17
2173 6 17
2174 6 17
2175 6 17
2176 6 17
2177 6 17
2178 6 17
2179 6 17
2180 6 17
2181 6 17
2182 6 17
2183 6 17
2184 6 17
2185 6 17
2186 6 17
2187 6 17
2188 6 18
2189 6 18
2190 6 18
2191 6 18
2192 6 18
2193 6 18
2194 6 18
2195 6 18
2196 6 18
2197 6 18
2198 6 18
2199 6 18
2200 6 18
2201 6 18
2202 6 18
2203 6 18
2204 6 18
2205 6 18
2206 6 18
2207 6 18
2208 6 18
2209 6 18
2210 6 18
2211 6 18
2212 6 18
2213 6 18
2214 6 18
2215 6 18
2216 6 18
2217 6 18
2218 6 18
2219 6 18
2220 6 18
2221 6 18
2222 6 18
2223 6 18
2224 6 18
2225 6 18
2226 6 19
2227 6 19
2228 6 19
2229 6 19
2230 6 19
2231 6 19
2232 6 19
2233 6 19
2234 6 19
2235 6 19
2236 6 19
2237 6 19
2238 6 19
2239 6 19
2240 6 19
2241 6 19
2242 6 19
2243 6 19
2244 7 19
2245 7 19
2246 7 19
2247 7 18
2248 7 18
2249 7 18
2250 7 19
2251 7 19
2252 7 19
2253 7 19
2254 7 19
2255 7 19
2256 7 19
2257 7 19
2258 7 19
2259 7 19
2260 7 19
2261 7 19
2262 7 19
2263 7 19
2264 7 19
2265 7 19
2266 7 19
2267 7 19
2268 7 19
2269 7 19
2270 7 19
2271 7 19
2272 7 19
2273 7 19
2274 7 19
2275 7 19
2276 7 19
2277 7 19
2278 7 19
2279 7 20
2280 7 20
2281 7 20
2282 7 20
2283 7 20
2284 7 20
2285 7 20
2286 7 20
2287 7 20
2288 7 20
2289 7 20
2290 7 20
2291 7 20
2292 7 20
2293 7 20
2294 7 20
2295 7 20
2296 7 20
2297 7 20
2298 7 20
2299 7 20
2300 7 20
2301 7 20
2302 7 20
2303 7 20
2304 7 20
2305 7 21
2306 7 21
2307 7 21
2308 7 21
2309 7 21
2310 7 21
2311 7 21
2312 7 21
2313 7 21
2314 7 21
2315 7 21
2316 7 21
2317 7 21
2318 7 21
2319 7 21
2320 7 21
2321 7 21
2322 7 21
2323 7 21
2324 7 21
2325 7 21
2326 7 21
2327 7 21
2328 7 21
2329 7 21
2330 7 21
2331 7 21
2332 7 21
2333 7 21
2334 7 21
2335 7 21
2336 7 21
2337 7 21
2338 7 21
2339 7 21
2340 7 21
2341 7 21
2342 7 21
2343 7 21
2344 7 21
2345 7 21
2346 8 21
2347 8 21
2348 8 21
2349 8 21
2350 8 21
2351 8 21
2352 8 21
2353 8 21
2354 8 21
2355 8 21
2356 8 21
2357 8 21
2358 8 21
2359 8 21
2360 8 22
2361 8 21
2362 8 21
2363 8 22
2364 8 22
2365 8 22
2366 8 22
2367 8 22
2368 8 22
2369 8 22
2370 8 22
2371 8 22
2372 8 22
2373 8 22
2374 8 22
2375 8 22
2376 8 22
2377 8 22
2378 8 21
2379 8 21
2380 8 21
2381 8 21
2382 8 22
2383 8 22
2384 8 22
2385 8 22
2386 8 22
2387 8 22
2388 8 22
2389 8 22
2390 8 22
2391 8 22
2392 8 22
2393 8 22
2394 8 22
2395 8 22
2396 8 22
2397 8 22
2398 8 22
2399 8 22
2400 8 22
2401 8 22
2402 8 22
2403 8 22
2404 8 22
2405 8 23
2406 8 23
2407 8 23
2408 8 23
2409 8 23
2410 8 23
2411 8 23
2412 8 23
2413 8 23
2414 8 23
2415 8 23
2416 8 23
2417 8 23
2418 8 23
2419 8 23
2420 8 23
2421 8 23
2422 8 23
2423 8 23
2424 8 23
2425 8 23
2426 8 23
2427 8 23
2428 8 23
2429 8 23
2430 8 23
2431 8 23
2432 8 23
2433 8 24
2434 8 24
2435 8 24
2436 8 24
2437 8 24
2438 9 24
2439 9 24
2440 9 24
2441 9 24
2442 9 24
2443 9 24
2444 9 24
2445 9 24
2446 9 24
2447 9 24
2448 9 24
2449 9 24
2450 9 24
2451 9 24
2452 9 24
2453 9 24
2454 9 24
2455 9 24
2456 9 24
2457 9 25
2458 9 25
2459 9 25
2460 9 25
2461 9 25
2462 9 25
2463 9 25
2464 9 25
2465 9 25
2466 9 25
2467 9 25
2468 9 25
2469 9 25
2470 9 25
2471 9 25
2472 9 25
2473 9 25
2474 9 25
2475 9 25
2476 9 25
2477 9 25
2478 9 25
2479 9 25
2480 9 25
2481 9 25
2482 9 25
2483 9 25
2484 9 25
2485 9 25
2486 9 25
2487 9 25
2488 9 25
2489 9 25
2490 9 25
2491 9 25
2492 9 25
2493 9 25
2494 9 25
2495 9 25
2496 9 25
2497 9 25
2498 9 25
2499 9 26
2500 9 26
2501 10 26
2502 10 26
2503 10 26
2504 10 26
2505 10 26
2506 10 26
2507 10 26
2508 10 26
2509 10 26
2510 10 26
2511 10 26
2512 10 26
2513 10 26
2514 10 26
2515 10 26
2516 10 26
2517 10 26
2518 10 26
2519 10 26
2520 10 26
2521 10 26
2522 10 26
2523 10 26
2524 10 26
2525 10 26
2526 10 26
2527 10 26
2528 10 26
2529 10 26
2530 10 26
2531 10 26
2532 10 27
2533 10 27
2534 10 27
2535 10 27
2536 10 27
2537 10 27
2538 10 27
2539 10 27
2540 10 27
2541 10 27
2542 10 27
2543 10 27
2544 10 27
2545 10 27
2546 10 27
2547 10 27
2548 10 27
2549 10 27
2550 10 27
2551 10 27
2552 10 27
2553 10 27
2554 10 27
2555 10 27
2556 10 27
2557 10 27
2558 10 27
2559 10 27
2560 10 27
2561 10 27
2562 10 27
2563 10 27
2564 10 27
2565 10 27
2566 10 27
2567 10 28
2568 10 28
2569 10 28
2570 10 28
2571 10 28
2572 10 28
2573 10 28
2574 10 28
2575 10 28
2576 10 28
2577 11 28
2578 11 28
2579 11 28
2580 11 28
2581 11 28
2582 11 28
2583 11 28
2584 11 28
2585 11 28
2586 11 28
2587 11 28
2588 11 28
2589 11 28
2590 11 28
2591 11 28
2592 11 28
2593 11 28
2594 11 28
2595 11 28
2596 11 28
2597 11 28
2598 11 28
2599 11 28
2600 11 28
2601 11 28
2602 11 28
2603 11 28
2604 11 28
2605 11 28
2606 11 28
2607 11 28
2608 11 28
2609 11 28
2610 11 28
2611 11 28
2612 11 28
2613 11 28
2614 11 28
2615 11 28
2616 11 28
2617 11 28
2618 11 28
2619 11 28
2620 11 28
2621 11 28
2622 11 29
2623 11 29
2624 11 29
2625 11 29
2626 11 29
2627 11 29
2628 11 29
2629 11 29
2630 11 29
2631 11 29
2632 11 29
2633 11 29
2634 11 29
2635 11 29
2636 11 29
2637 12 29
2638 12 29
2639 12 29
2640 12 29
2641 12 29
2642 12 29
2643 12 29
2644 12 30
2645 12 30
2646 12 30
2647 12 30
2648 12 30
2649 12 30
2650 12 30
2651 12 30
2652 12 30
2653 12 30
2654 12 30
2655 12 30
2656 12 30
2657 12 30
2658 12 30
2659 12 30
2660 12 30
2661 12 30
2662 12 30
2663 12 30
2664 12 30
2665 12 30
2666 12 30
2667 12 30
2668 12 30
2669 12 30
2670 12 30
2671 12 31
2672 12 31
2673 12 31
2674 12 31
2675 12 31
2676 12 31
2677 12 31
2678 12 31
2679 12 31
2680 12 31
2681 12 31
2682 12 31
2683 12 31
2684 12 31
2685 13 31
2686 13 31
2687 13 31
2688 13 31
2689 13 31
2690 13 31
2691 13 31
2692 13 31
2693 13 31
2694 13 31
2695 13 31
2696 13 31
2697 13 31
2698 13 31
2699 13 31
2700 13 31
2701 13 31
2702 13 31
2703 13 31
2704 13 31
2705 13 31
2706 13 31
2707 13 31
2708 13 31
2709 13 31
2710 13 31
2711 13 31
2712 13 31
2713 13 31
2714 13 31
2715 13 31
2716 13 31
2717 13 31
2718 13 31
2719 13 31
2720 13 31
2721 13 31
2722 13 31
2723 13 31
2724 13 31
2725 13 31
2726 13 31
2727 13 31
2728 13 31
2729 13 31
2730 13 31
2731 13 31
2732 13 31
2733 13 31
2734 13 31
2735 13 31
2736 13 31
2737 13 31
2738 13 31
2739 13 31
2740 13 32
2741 13 32
2742 13 32
2743 13 31
2744 13 31
2745 13 31
2746 13 31
2747 13 31
2748 13 31
2749 13 31
2750 13 32
2751 13 32
2752 13 32
2753 13 32
2754 13 32
2755 13 32
2756 13 32
2757 13 32
2758 13 32
2759 13 32
2760 13 32
2761 14 32
2762 14 32
2763 14 32
2764 14 32
2765 14 32
2766 14 32
2767 14 32
2768 14 32
2769 14 32
2770 14 32
2771 14 32
2772 14 32
2773 14 32
2774 14 32
2775 14 32
2776 14 32
2777 14 32
2778 14 32
2779 14 32
2780 14 32
2781 14 32
2782 14 32
2783 14 32
2784 15 32
2785 15 32
2786 15 32
2787 15 32
2788 15 32
2789 15 33
2790 15 33
2791 15 33
2792 15 33
2793 15 33
2794 15 33
2795 15 33
2796 15 33
2797 15 33
2798 15 33
2799 15 33
2800 15 33
2801 15 33
2802 15 33
2803 15 33
2804 15 33
2805 15 33
2806 15 33
2807 15 33
2808 15 33
2809 15 33
2810 15 33
2811 15 34
2812 15 34
2813 15 34
2814 15 34
2815 15 34
2816 15 34
2817 15 34
2818 15 34
2819 15 34
2820 16 34
2821 16 34
2822 16 34
2823 16 34
2824 16 34
2825 16 34
2826 16 34
2827 16 34
2828 16 34
2829 16 34
2830 16 34
2831 16 34
2832 16 34
2833 16 34
2834 16 34
2835 16 34
2836 16 34
2837 16 34
2838 16 34
2839 17 34
2840 17 34
2841 17 34
2842 17 34
2843 17 35
2844 17 35
2845 17 35
2846 17 35
2847 17 35
2848 17 35
2849 17 35
2850 17 35
2851 17 35
2852 17 35
2853 17 35
2854 17 35
2855 17 35
2856 17 35
2857 17 35
2858 17 35
2859 17 35
2860 18 35
2861 18 35
2862 18 35
2863 18 35
2864 18 35
2865 18 35
2866 18 35
2867 18 35
2868 18 35
2869 18 35
2870 18 35
2871 18 35
2872 18 35
2873 18 35
2874 18 35
2875 18 36
2876 18 36
2877 18 36
2878 18 36
2879 18 36
2880 18 36
2881 18 36
2882 18 36
2883 18 36
2884 18 36
2885 18 36
2886 18 36
2887 18 36
2888 18 36
2889 18 36
2890 18 36
2891 18 36
2892 18 36
2893 18 36
2894 19 36
2895 19 36
2896 19 36
2897 19 36
2898 19 36
2899 19 36
2900 19 36
2901 19 36
2902 19 36
2903 19 36
2904 19 36
2905 19 36
2906 19 36
2907 19 36
2908 19 36
2909 19 36
2910 19 36
2911 19 36
2912 19 36
2913 20 36
2914 20 36
2915 20 36
2916 20 36
2917 20 36
2918 20 37
2919 20 37
2920 20 37
2921 20 37
2922 20 37
2923 20 37
2924 20 37
2925 20 37
2926 20 37
2927 20 37
2928 20 37
2929 20 37
2930 20 37
2931 20 37
2932 20 37
2933 20 37
2934 20 37
2935 20 37
2936 21 37
2937 21 37
2938 21 37
2939 21 37
2940 21 37
2941 21 37
2942 21 37
2943 21 37
2944 21 37
2945 21 37
2946 21 37
2947 21 37
2948 22 37
2949 22 37
2950 22 37
2951 22 38
2952 22 38
2953 22 38
2954 22 38
2955 22 38
2956 23 38
2957 23 38
2958 23 38
2959 23 38
2960 23 38
2961 23 38
2962 23 38
2963 23 38
2964 23 38
2965 23 38
2966 24 38
2967 24 38
2968 24 38
2969 24 38
2970 24 38
2971 24 38
2972 24 38
2973 24 38
2974 24 38
2975 24 38
2976 24 38
2977 24 38
2978 25 38
2979 25 38
2980 25 38
2981 25 38
2982 25 38
2983 25 38
2984 25 38
2985 25 38
2986 25 38
2987 25 39
2988 25 39
2989 25 39
2990 25 39
2991 25 39
2992 25 39
2993 25 39
2994 25 39
2995 25 39
2996 25 39
2997 25 39
2998 25 39
2999 25 39
3000 25 39
3001 25 39
3002 25 39
3003 25 39
3004 25 39
3005 25 39
3006 26 39
3007 26 39
3008 26 39
3009 26 39
3010 26 39
3011 26 39
3012 26 40
3013 26 40
3014 26 40
3015 26 40
3016 26 40
3017 26 40
3018 26 40
3019 26 40
3020 26 40
3021 26 40
3022 26 40
3023 26 40
3024 26 40
3025 26 40
3026 26 40
3027 26 40
3028 26 40
3029 26 40
3030 26 40
3031 26 40
3032 27 40
3033 27 40
3034 27 40
3035 27 40
3036 27 40
3037 27 40
3038 27 40
3039 27 41
3040 27 41
3041 27 41
3042 27 41
3043 27 41
3044 27 41
3045 27 41
3046 27 41
3047 27 41
3048 27 41
3049 27 41
3050 27 41
3051 27 41
3052 27 41
3053 27 41
3054 27 41
3055 27 41
3056 27 41
3057 27 41
3058 27 41
3059 27 41
3060 27 41
3061 27 41
3062 27 41
3063 27 41
3064 27 41
3065 28 41
3066 28 42
3067 28 42
3068 28 42
3069 28 42
3070 28 42
3071 29 42
3072 29 42
3073 29 42
3074 29 42
3075 29 42
3076 29 42
3077 29 42
3078 29 42
3079 29 42
3080 29 42
3081 30 42
3082 31 42
3083 31 42
3084 31 42
3085 31 42
3086 31 42
3087 31 42
3088 32 42
3089 32 42
3090 32 42
3091 32 42
3092 33 42
3093 33 42
3094 33 42
3095 33 42
3096 33 42
3097 34 43
3098 34 43
3099 34 43
3100 35 43
3101 35 43
3102 35 43
3103 36 43
3104 36 43
3105 36 43
3106 36 43
3107 36 43
3108 36 43
3109 36 43
3110 37 43
3111 37 43
3112 37 43
3113 37 43
3114 37 43
3115 37 43
3116 37 43
3117 37 43
3118 37 43
3119 37 43
3120 38 43
3121 38 43
3122 38 43
3123 39 43
3124 40 43
3125 41 43
3126 41 43
3127 41 43
3128 41 43
3129 41 43
3130 41 43
3131 41 43
3132 41 43
3133 41 43
3134 41 44
3135 41 44
3136 41 44
3137 41 44
3138 41 44
3139 41 44
3140 41 44
3141 41 44
3142 42 44
3143 42 44
3144 42 44
3145 42 44
3146 43 44
3147 43 44
3148 43 44
3149 44 44
3150 44 44
3151 44 44
3152 44 44
3153 45 44
3154 45 44
3155 45 44
3156 45 44
3157 45 44
3158 45 44
3159 45 44
3160 45 44
3161 46 44
3162 46 44
3163 47 44
3164 47 44
3165 47 44
3166 47 44
3167 47 45
3168 47 45
3169 47 45
3170 47 45
3171 47 45
3172 47 45
3173 47 45
3174 47 45
3175 47 45
3176 47 45
3177 47 45
3178 47 45
3179 47 45
3180 47 45
3181 47 45
3182 47 45
3183 47 45
3184 47 45
3185 47 45
3186 47 45
3187 47 45
3188 47 45
3189 47 45
3190 47 45
3191 47 45
3192 47 45
3193 47 45
3194 47 45
3195 47 45
3196 47 45
3197 47 45
3198 47 46
3199 47 46
3200 47 46
3201 48 46
3202 48 46
3203 48 46
3204 49 46
3205 49 46
3206 49 46
3207 50 46
3208 50 46
3209 50 46
3210 50 46
3211 51 46
3212 51 46
3213 51 46
3214 51 46
3215 51 46
3216 51 46
3217 51 46
3218 52 46
3219 53 46
3220 53 46
3221 53 46
3222 53 46
3223 53 46
3224 53 46
3225 53 46
3226 53 46
3227 54 46
3228 54 46
3229 55 46
3230 55 46
3231 55 46
3232 55 46
3233 56 46
3234 56 46
3235 57 46
3236 57 46
3237 57 46
3238 57 46
3239 57 47
3240 57 47
3241 58 47
3242 59 47
3243 60 47
3244 60 47
3245 60 47
3246 60 47
3247 63 47
3248 63 47
3249 64 47
3250 64 47
3251 65 47
3252 67 47
3253 68 47
3254 68 47
3255 69 47
3256 69 47
3257 71 47
3258 71 47
3259 72 47
3260 72 47
3261 72 47
3262 72 47
3263 73 47
3264 73 47
3265 73 47
3266 74 47
3267 74 47
3268 74 47
3269 74 47
3270 75 47
3271 77 47
3272 78 47
3273 81 47
3274 83 47
3275 83 47
3276 83 47
3277 83 47
3278 83 47
3279 83 47
3280 83 47
3281 83 47
3282 83 47
3283 83 47
3284 84 47
3285 95 47
3286 95 47
3287 95 48
3288 95 48
3289 95 48
3290 95 48
3291 95 48
3292 95 48
3293 95 48
3294 95 48
3295 95 48
3296 95 48
3297 95 48
3298 95 48
3299 95 48
3300 95 48
3301 95 48
3302 95 48
3303 95 48
3304 95 48
3305 95 48
3306 95 48
3307 95 48
3308 95 48
3309 95 48
3310 95 48
3311 95 48
3312 95 48
3313 95 48
3314 95 48
3315 95 48
3316 95 48
3317 95 48
3318 96 48
3319 100 48
