0 0 0
1 0 0
2 0 0
3 0 0
4 0 0
5 0 0
6 0 0
7 0 0
8 0 0
9 0 0
10 0 0
11 0 0
12 0 0
13 0 0
14 0 0
15 0 0
16 0 0
17 0 0
18 0 0
19 0 0
20 0 0
21 0 0
22 0 0
23 0 0
24 0 0
25 0 0
26 0 0
27 0 0
28 0 0
29 0 0
30 0 0
31 0 0
32 0 0
33 0 0
34 0 0
35 0 0
36 0 0
37 0 0
38 0 0
39 0 0
40 0 0
41 0 0
42 0 0
43 0 0
44 0 0
45 0 0
46 0 0
47 0 0
48 0 0
49 0 0
50 0 0
51 0 0
52 0 0
53 0 0
54 0 0
55 0 0
56 0 0
57 0 0
58 0 0
59 0 0
60 0 0
61 0 0
62 0 0
63 0 0
64 0 0
65 0 0
66 0 0
67 0 0
68 0 0
69 0 0
70 0 0
71 0 0
72 0 0
73 0 0
74 0 0
75 0 0
76 0 0
77 0 0
78 0 0
79 0 0
80 0 0
81 0 0
82 0 0
83 0 0
84 0 0
85 0 0
86 0 0
87 0 0
88 0 0
89 0 0
90 0 0
91 0 0
92 0 0
93 0 0
94 0 0
95 0 0
96 0 0
97 0 0
98 0 0
99 0 0
100 0 0
101 0 0
102 0 0
103 0 0
104 0 0
105 0 0
106 0 0
107 0 0
108 0 0
109 0 0
110 0 0
111 0 0
112 0 0
113 0 0
114 0 0
115 0 0
116 0 0
117 0 0
118 0 0
119 0 0
120 0 0
121 0 0
122 0 0
123 0 0
124 0 0
125 0 0
126 0 0
127 0 0
128 0 0
129 0 0
130 0 0
131 0 0
132 0 0
133 0 0
134 0 0
135 0 0
136 0 0
137 0 0
138 0 0
139 0 0
140 0 0
141 0 0
142 0 0
143 0 0
144 0 0
145 0 0
146 0 0
147 0 0
148 0 0
149 0 0
150 0 0
151 0 0
152 0 0
153 0 0
154 0 0
155 0 0
156 0 0
157 0 0
158 0 0
159 0 0
160 0 0
161 0 0
162 0 0
163 0 0
164 0 0
165 0 0
166 0 0
167 0 0
168 0 0
169 0 0
170 0 0
171 0 0
172 0 0
173 0 0
174 0 0
175 0 0
176 0 0
177 0 0
178 0 0
179 0 0
180 0 0
181 0 0
182 0 0
183 0 0
184 0 0
185 0 0
186 0 0
187 0 0
188 0 0
189 0 0
190 0 0
191 0 0
192 0 0
193 0 0
194 0 0
195 0 0
196 0 0
197 0 0
198 0 0
199 0 0
200 0 0
201 0 0
202 0 0
203 0 0
204 0 0
205 0 0
206 0 0
207 0 0
208 0 0
209 0 0
210 0 0
211 0 0
212 0 0
213 0 0
214 0 0
215 0 0
216 0 0
217 0 0
218 0 0
219 0 0
220 0 0
221 0 0
222 0 0
223 0 0
224 0 0
225 0 0
226 0 0
227 0 0
228 0 0
229 0 0
230 0 0
231 0 0
232 0 0
233 0 0
234 0 0
235 0 0
236 0 0
237 0 0
238 0 0
239 0 0
240 0 0
241 0 0
242 0 0
243 0 0
244 0 0
245 0 0
246 0 0
247 0 0
248 0 0
249 0 0
250 0 0
251 0 0
252 0 0
253 0 0
254 0 0
255 0 0
256 0 0
257 0 0
258 0 0
259 0 0
260 0 0
261 0 0
262 0 0
263 0 0
264 0 0
265 0 0
266 0 0
267 0 0
268 0 0
269 0 0
270 0 0
271 0 0
272 0 0
273 0 0
274 0 0
275 0 0
276 0 0
277 0 0
278 0 0
279 0 0
280 0 0
281 0 0
282 0 0
283 0 0
284 0 0
285 0 0
286 0 0
287 0 0
288 0 0
289 0 0
290 0 0
291 0 0
292 0 0
293 0 0
294 0 0
295 0 0
296 0 0
297 0 0
298 0 0
299 0 0
300 0 0
301 0 0
302 0 0
303 0 0
304 0 0
305 0 0
306 0 0
307 0 0
308 0 0
309 0 0
310 0 0
311 0 0
312 0 0
313 0 0
314 0 0
315 0 0
316 0 0
317 0 0
318 0 0
319 0 0
320 0 0
321 0 0
322 0 0
323 0 0
324 0 0
325 0 0
326 0 0
327 0 0
328 0 0
329 0 0
330 0 0
331 0 0
332 0 0
333 0 0
334 0 0
335 0 0
336 0 0
337 0 0
338 0 0
339 0 0
340 0 0
341 0 0
342 0 0
343 0 0
344 0 0
345 0 0
346 0 0
347 0 0
348 0 0
349 0 0
350 0 0
351 0 0
352 0 0
353 0 0
354 0 0
355 0 0
356 0 0
357 0 0
358 0 0
359 0 0
360 0 0
361 0 0
362 0 0
363 0 0
364 0 0
365 0 0
366 0 0
367 0 0
368 0 0
369 0 0
370 0 0
371 0 0
372 0 0
373 0 0
374 0 0
375 0 0
376 0 0
377 0 0
378 0 0
379 0 0
380 0 0
381 0 0
382 0 0
383 0 0
384 0 0
385 0 0
386 0 0
387 0 0
388 0 0
389 0 0
390 0 0
391 0 0
392 0 0
393 0 0
394 0 0
395 0 0
396 0 0
397 0 1
398 0 1
399 0 1
400 0 1
401 0 1
402 0 1
403 0 1
404 0 1
405 0 1
406 0 1
407 0 1
408 0 1
409 0 1
410 0 1
411 0 1
412 0 1
413 0 1
414 0 1
415 0 1
416 0 1
417 0 1
418 0 1
419 0 1
420 0 1
421 0 1
422 0 1
423 0 1
424 0 1
425 0 1
426 0 1
427 0 1
428 0 1
429 0 1
430 0 1
431 0 1
432 0 1
433 0 1
434 0 1
435 0 1
436 0 1
437 0 1
438 0 1
439 0 1
440 0 1
441 0 1
442 0 1
443 0 1
444 0 1
445 0 1
446 0 1
447 0 1
448 0 1
449 0 1
450 0 1
451 0 1
452 0 1
453 0 1
454 0 1
455 0 1
456 0 1
457 0 1
458 0 1
459 0 1
460 0 1
461 0 1
462 0 1
463 0 1
464 0 1
465 0 1
466 0 1
467 0 1
468 0 1
469 0 1
470 0 1
471 0 1
472 0 1
473 0 1
474 0 1
475 0 1
476 0 1
477 0 1
478 0 1
479 0 1
480 0 1
481 0 1
482 0 1
483 0 1
484 0 1
485 0 1
486 0 1
487 0 1
488 0 1
489 0 1
490 0 1
491 0 1
492 0 1
493 0 1
494 0 1
495 0 1
496 0 1
497 0 1
498 0 1
499 0 1
500 0 1
501 0 1
502 0 1
503 0 1
504 0 1
505 0 1
506 0 1
507 0 1
508 0 1
509 0 1
510 0 1
511 0 1
512 0 1
513 0 1
514 0 1
515 0 1
516 0 1
517 0 1
518 0 1
519 0 1
520 0 1
521 0 1
522 0 1
523 0 1
524 0 1
525 0 1
526 0 1
527 0 1
528 0 1
529 0 1
530 0 1
531 0 1
532 0 1
533 0 1
534 0 1
535 0 1
536 0 1
537 0 1
538 0 1
539 0 1
540 0 1
541 0 1
542 0 1
543 0 1
544 0 1
545 0 1
546 0 1
547 0 1
548 0 1
549 0 1
550 0 1
551 0 1
552 0 1
553 0 1
554 0 1
555 0 1
556 0 1
557 0 1
558 0 1
559 0 1
560 0 1
561 0 1
562 0 1
563 0 1
564 0 1
565 0 1
566 0 1
567 0 1
568 0 1
569 0 1
570 0 1
571 0 1
572 0 1
573 0 1
574 0 1
575 0 1
576 0 1
577 0 1
578 0 1
579 0 1
580 0 1
581 0 1
582 0 1
583 0 1
584 0 1
585 0 1
586 0 1
587 0 1
588 0 1
589 0 1
590 0 1
591 0 1
592 0 1
593 0 1
594 0 1
595 0 1
596 0 1
597 0 1
598 0 1
599 0 1
600 0 1
601 0 1
602 0 1
603 0 1
604 0 1
605 0 1
606 0 1
607 0 1
608 0 1
609 0 1
610 0 1
611 0 1
612 0 1
613 0 1
614 0 1
615 0 1
616 0 1
617 0 1
618 0 1
619 0 1
620 0 1
621 0 1
622 0 1
623 0 1
624 0 1
625 0 1
626 0 1
627 0 1
628 0 1
629 0 1
630 0 1
631 0 1
632 0 1
633 0 1
634 0 1
635 0 1
636 0 1
637 0 1
638 0 1
639 0 2
640 0 2
641 0 2
642 0 2
643 0 2
644 0 2
645 0 2
646 0 2
647 0 2
648 0 2
649 0 2
650 0 2
651 0 2
652 0 2
653 0 2
654 0 2
655 0 2
656 0 2
657 0 2
658 0 2
659 0 2
660 0 2
661 0 2
662 0 2
663 0 2
664 0 2
665 0 2
666 0 2
667 0 2
668 0 2
669 0 2
670 0 2
671 0 2
672 0 2
673 0 2
674 0 2
675 0 2
676 0 2
677 0 2
678 0 2
679 0 2
680 0 2
681 0 2
682 0 2
683 0 2
684 0 2
685 0 2
686 0 2
687 0 2
688 0 2
689 0 2
690 0 2
691 0 2
692 0 2
693 0 2
694 0 2
695 0 2
696 0 1
697 0 1
698 0 1
699 0 1
700 0 1
701 0 1
702 0 1
703 0 1
704 0 1
705 0 1
706 0 1
707 0 1
708 0 1
709 0 1
710 0 1
711 0 1
712 0 1
713 0 1
714 0 1
715 0 1
716 0 1
717 0 1
718 0 1
719 0 1
720 0 1
721 0 1
722 0 1
723 0 1
724 0 1
725 0 1
726 0 1
727 0 1
728 0 1
729 0 1
730 0 1
731 0 1
732 0 1
733 0 1
734 0 1
735 0 1
736 0 1
737 0 1
738 0 1
739 0 1
740 0 1
741 0 1
742 0 1
743 0 1
744 0 1
745 0 1
746 0 1
747 0 1
748 0 1
749 0 1
750 0 1
751 0 1
752 0 1
753 0 1
754 0 1
755 0 1
756 0 1
757 0 1
758 0 1
759 0 1
760 0 1
761 0 1
762 0 1
763 0 1
764 0 1
765 0 1
766 0 1
767 0 1
768 0 1
769 0 1
770 0 1
771 0 1
772 0 1
773 0 1
774 0 1
775 0 2
776 0 2
777 0 2
778 0 2
779 0 2
780 0 2
781 0 2
782 0 2
783 0 2
784 0 2
785 0 2
786 0 2
787 0 2
788 0 2
789 0 2
790 0 2
791 0 2
792 0 2
793 0 2
794 0 2
795 0 2
796 0 2
797 0 2
798 0 2
799 0 2
800 0 2
801 0 2
802 0 2
803 0 2
804 0 2
805 0 2
806 0 2
807 0 2
808 0 2
809 0 2
810 0 2
811 0 2
812 0 2
813 0 2
814 0 2
815 0 2
816 0 2
817 0 2
818 0 2
819 0 3
820 0 3
821 0 3
822 0 3
823 0 3
824 0 3
825 0 3
826 0 3
827 0 3
828 0 2
829 0 2
830 0 2
831 0 2
832 0 2
833 0 2
834 0 2
835 0 2
836 0 2
837 0 2
838 0 2
839 0 2
840 0 2
841 0 2
842 0 2
843 0 2
844 0 2
845 0 2
846 0 2
847 0 2
848 0 2
849 0 2
850 0 2
851 0 2
852 0 2
853 0 2
854 0 2
855 0 2
856 0 2
857 0 2
858 0 2
859 0 2
860 0 2
861 0 2
862 0 2
863 0 2
864 0 2
865 0 2
866 0 2
867 0 2
868 0 2
869 0 2
870 0 2
871 0 2
872 0 2
873 0 2
874 0 2
875 0 2
876 0 2
877 0 2
878 0 2
879 0 2
880 0 2
881 0 2
882 0 2
883 0 2
884 0 2
885 0 2
886 0 2
887 0 2
888 0 2
889 0 2
890 0 2
891 0 2
892 0 2
893 0 2
894 0 2
895 0 2
896 0 2
897 0 2
898 0 2
899 0 2
900 0 2
901 0 2
902 0 2
903 0 2
904 0 2
905 0 2
906 0 2
907 1 2
908 1 2
909 1 2
910 1 2
911 1 2
912 1 2
913 1 2
914 1 2
915 1 2
916 1 2
917 1 2
918 1 2
919 1 2
920 1 2
921 1 2
922 1 2
923 1 2
924 1 2
925 1 2
926 1 2
927 1 2
928 1 2
929 1 2
930 1 2
931 1 2
932 1 2
933 1 2
934 1 2
935 1 2
936 1 2
937 1 2
938 1 2
939 1 2
940 1 2
941 1 2
942 1 2
943 1 2
944 1 2
945 1 2
946 1 2
947 1 2
948 1 2
949 1 2
950 1 2
951 1 2
952 1 2
953 1 2
954 1 2
955 1 2
956 1 2
957 1 2
958 1 2
959 1 2
960 1 3
961 1 3
962 1 3
963 1 3
964 1 3
965 1 3
966 1 3
967 1 3
968 1 3
969 1 3
970 1 3
971 1 3
972 1 3
973 1 3
974 1 3
975 1 3
976 1 3
977 1 3
978 1 3
979 1 3
980 1 3
981 1 3
982 1 3
983 1 3
984 1 3
985 1 3
986 1 3
987 1 3
988 1 3
989 1 3
990 1 3
991 1 3
992 1 3
993 1 3
994 1 3
995 1 3
996 1 3
997 1 3
998 1 3
999 1 3
1000 1 3
1001 1 3
1002 1 3
1003 1 3
1004 1 3
1005 1 3
1006 1 3
1007 1 3
1008 1 3
1009 1 3
1010 1 3
1011 1 3
1012 1 3
1013 1 3
1014 1 3
1015 1 3
1016 1 3
1017 1 3
1018 1 3
1019 1 3
1020 1 3
1021 1 3
1022 1 3
1023 1 3
1024 1 3
1025 1 3
1026 1 3
1027 1 3
1028 1 3
1029 1 3
1030 1 3
1031 1 3
1032 1 3
1033 1 3
1034 1 3
1035 1 3
1036 1 3
1037 1 3
1038 1 3
1039 1 3
1040 1 3
1041 1 3
1042 1 3
1043 1 3
1044 1 3
1045 1 3
1046 1 3
1047 1 3
1048 1 3
1049 1 3
1050 1 3
1051 1 3
1052 1 3
1053 1 3
1054 1 3
1055 1 3
1056 1 3
1057 1 3
1058 1 3
1059 1 3
1060 1 3
1061 1 3
1062 1 3
1063 1 3
1064 1 3
1065 1 3
1066 1 3
1067 1 3
1068 1 3
1069 1 3
1070 1 3
1071 1 3
1072 1 3
1073 1 3
1074 1 3
1075 1 3
1076 1 3
1077 1 3
1078 1 3
1079 1 3
1080 1 3
1081 1 3
1082 1 3
1083 1 3
1084 1 3
1085 1 3
1086 1 3
1087 1 3
1088 1 3
1089 1 3
1090 1 3
1091 1 3
1092 1 3
1093 1 3
1094 1 3
1095 1 3
1096 1 3
1097 1 3
1098 1 3
1099 1 3
1100 1 3
1101 1 3
1102 1 3
1103 1 3
1104 1 3
1105 1 3
1106 1 3
1107 1 3
1108 1 3
1109 1 3
1110 1 3
1111 1 3
1112 1 3
1113 1 3
1114 1 3
1115 1 3
1116 1 3
1117 1 3
1118 1 3
1119 1 3
1120 1 3
1121 1 3
1122 1 3
1123 1 3
1124 1 3
1125 1 3
1126 1 3
1127 1 3
1128 1 3
1129 1 3
1130 1 3
1131 1 3
1132 1 3
1133 1 3
1134 1 3
1135 1 3
1136 1 3
1137 1 3
1138 1 3
1139 1 3
1140 1 3
1141 1 3
1142 1 3
1143 1 3
1144 1 3
1145 1 3
1146 1 3
1147 1 3
1148 1 3
1149 1 3
1150 1 3
1151 1 3
1152 1 3
1153 1 3
1154 1 3
1155 1 3
1156 1 3
1157 1 3
1158 1 3
1159 1 3
1160 1 3
1161 1 3
1162 1 3
1163 1 3
1164 1 3
1165 1 3
1166 1 3
1167 1 3
1168 1 3
1169 1 3
1170 1 3
1171 1 3
1172 1 3
1173 1 3
1174 1 3
1175 1 3
1176 1 3
1177 1 3
1178 1 3
1179 1 3
1180 1 3
1181 1 3
1182 1 3
1183 1 3
1184 1 3
1185 1 3
1186 1 3
1187 1 3
1188 1 3
1189 1 3
1190 1 3
1191 1 3
1192 1 3
1193 1 3
1194 1 3
1195 1 3
1196 1 3
1197 1 3
1198 1 3
1199 1 3
1200 1 3
1201 1 3
1202 1 3
1203 1 3
1204 1 3
1205 1 3
1206 1 3
1207 1 3
1208 1 3
1209 1 3
1210 1 3
1211 1 3
1212 1 3
1213 1 3
1214 1 3
1215 1 3
1216 1 3
1217 1 3
1218 1 3
1219 1 3
1220 1 3
1221 1 3
1222 1 3
1223 1 3
1224 1 3
1225 1 3
1226 1 3
1227 1 3
1228 1 3
1229 1 3
1230 1 3
1231 1 3
1232 1 3
1233 1 3
1234 1 3
1235 1 3
1236 1 3
1237 1 3
1238 1 3
1239 1 3
1240 1 3
1241 1 3
1242 1 3
1243 1 3
1244 1 3
1245 1 3
1246 1 3
1247 1 3
1248 1 3
1249 1 3
1250 1 3
1251 1 3
1252 1 3
1253 1 3
1254 1 3
1255 1 3
1256 1 3
1257 1 3
1258 1 3
1259 1 3
1260 1 3
1261 1 3
1262 1 3
1263 1 3
1264 1 3
1265 1 3
1266 1 3
1267 1 3
1268 1 4
1269 1 4
1270 1 4
1271 1 4
1272 1 4
1273 1 4
1274 1 4
1275 1 4
1276 1 4
1277 1 4
1278 1 4
1279 1 4
1280 1 4
1281 1 4
1282 1 4
1283 1 4
1284 1 4
1285 1 4
1286 1 4
1287 1 4
1288 1 4
1289 1 4
1290 1 4
1291 1 4
1292 2 4
1293 2 4
1294 2 4
1295 2 4
1296 2 4
1297 2 4
1298 2 4
1299 2 4
1300 2 4
1301 2 4
1302 2 4
1303 2 4
1304 2 4
1305 2 4
1306 2 4
1307 2 4
1308 2 4
1309 2 4
1310 2 4
1311 2 4
1312 2 4
1313 2 4
1314 2 4
1315 2 4
1316 2 4
1317 2 4
1318 2 4
1319 2 4
1320 2 4
1321 2 4
1322 2 4
1323 2 4
1324 2 4
1325 2 4
1326 2 4
1327 2 4
1328 2 4
1329 2 4
1330 2 4
1331 2 4
1332 2 4
1333 2 4
1334 2 4
1335 2 4
1336 2 4
1337 2 4
1338 2 4
1339 2 4
1340 2 4
1341 2 4
1342 2 4
1343 2 4
1344 2 4
1345 2 4
1346 2 4
1347 2 4
1348 2 4
1349 2 4
1350 2 4
1351 2 4
1352 2 4
1353 2 4
1354 2 4
1355 2 4
1356 2 4
1357 2 4
1358 2 4
1359 2 4
1360 2 4
1361 2 4
1362 2 4
1363 2 4
1364 2 4
1365 2 4
1366 2 5
1367 2 5
1368 2 5
1369 2 5
1370 2 5
1371 2 5
1372 2 5
1373 2 5
1374 2 5
1375 2 5
1376 2 5
1377 2 5
1378 2 5
1379 2 5
1380 2 5
1381 2 5
1382 2 5
1383 2 5
1384 2 5
1385 2 5
1386 2 5
1387 2 5
1388 2 5
1389 2 5
1390 2 5
1391 2 5
1392 2 5
1393 2 5
1394 2 5
1395 2 5
1396 2 5
1397 2 5
1398 2 5
1399 2 5
1400 2 5
1401 2 5
1402 2 5
1403 2 5
1404 2 5
1405 2 5
1406 2 5
1407 2 5
1408 2 5
1409 2 5
1410 2 6
1411 2 5
1412 2 5
1413 2 5
1414 2 6
1415 2 6
1416 2 6
1417 2 6
1418 2 6
1419 2 6
1420 2 6
1421 2 6
1422 2 6
1423 2 6
1424 2 6
1425 2 6
1426 2 6
1427 2 6
1428 2 6
1429 2 6
1430 2 6
1431 2 6
1432 2 6
1433 2 6
1434 2 6
1435 2 6
1436 2 6
1437 2 6
1438 2 6
1439 2 6
1440 2 6
1441 2 6
1442 2 6
1443 2 6
1444 2 6
1445 2 6
1446 2 6
1447 2 6
1448 2 6
1449 2 6
1450 2 6
1451 2 6
1452 2 6
1453 2 6
1454 2 6
1455 2 6
1456 2 6
1457 2 6
1458 2 6
1459 2 6
1460 2 6
1461 2 6
1462 2 6
1463 2 6
1464 2 6
1465 2 6
1466 2 6
1467 2 6
1468 2 6
1469 2 6
1470 2 6
1471 2 7
1472 2 7
1473 2 7
1474 2 7
1475 2 7
1476 2 7
1477 2 7
1478 2 7
1479 2 7
1480 2 7
1481 2 7
1482 2 7
1483 2 7
1484 2 7
1485 2 7
1486 2 7
1487 2 7
1488 2 7
1489 2 7
1490 2 7
1491 2 7
1492 2 7
1493 2 7
1494 2 7
1495 2 7
1496 2 7
1497 2 7
1498 2 7
1499 2 7
1500 2 7
1501 2 7
1502 2 7
1503 2 7
1504 2 7
1505 2 7
1506 2 7
1507 2 7
1508 2 7
1509 2 7
1510 2 7
1511 2 7
1512 2 7
1513 2 7
1514 2 7
1515 2 7
1516 2 7
1517 2 7
1518 2 7
1519 2 7
1520 2 7
1521 2 7
1522 2 7
1523 2 7
1524 2 7
1525 2 7
1526 2 7
1527 2 7
1528 2 7
1529 2 7
1530 2 7
1531 2 8
1532 2 8
1533 2 8
1534 2 8
1535 2 8
1536 2 8
1537 2 8
1538 2 8
1539 2 8
1540 2 8
1541 2 8
1542 2 8
1543 2 8
1544 2 8
1545 2 8
1546 2 8
1547 2 8
1548 2 8
1549 2 8
1550 2 8
1551 2 8
1552 2 8
1553 2 8
1554 2 8
1555 2 8
1556 2 8
1557 2 8
1558 2 8
1559 2 8
1560 2 8
1561 2 8
1562 2 8
1563 2 8
1564 2 8
1565 2 8
1566 2 8
1567 2 8
1568 2 8
1569 2 8
1570 2 8
1571 2 8
1572 2 8
1573 2 8
1574 2 8
1575 2 8
1576 2 8
1577 2 8
1578 2 8
1579 2 8
1580 2 8
1581 2 8
1582 2 8
1583 2 8
1584 3 8
1585 3 8
1586 3 8
1587 3 9
1588 3 9
1589 3 9
1590 3 9
1591 3 9
1592 3 9
1593 3 9
1594 3 9
1595 3 9
1596 3 9
1597 3 9
1598 3 9
1599 3 9
1600 3 9
1601 3 9
1602 3 9
1603 3 9
1604 3 9
1605 3 9
1606 3 9
1607 3 9
1608 3 9
1609 3 9
1610 3 9
1611 3 9
1612 3 9
1613 3 9
1614 3 9
1615 3 9
1616 3 9
1617 3 9
1618 3 9
1619 3 9
1620 3 9
1621 3 9
1622 3 9
1623 3 9
1624 3 9
1625 3 9
1626 3 9
1627 3 9
1628 3 9
1629 3 9
1630 3 9
1631 3 9
1632 3 9
1633 3 9
1634 3 9
1635 3 9
1636 3 9
1637 3 9
1638 3 9
1639 3 9
1640 3 9
1641 3 9
1642 3 9
1643 3 9
1644 3 9
1645 3 9
1646 3 9
1647 3 9
1648 3 9
1649 3 9
1650 3 9
1651 3 9
1652 3 9
1653 3 9
1654 3 9
1655 3 9
1656 3 9
1657 3 9
1658 3 9
1659 3 9
1660 3 9
1661 3 9
1662 3 9
1663 3 9
1664 3 9
1665 3 9
1666 3 9
1667 3 9
1668 3 9
1669 3 9
1670 3 9
1671 3 9
1672 3 9
1673 3 9
1674 3 9
1675 3 9
1676 3 9
1677 3 9
1678 3 9
1679 3 9
1680 3 9
1681 3 9
1682 3 9
1683 3 9
1684 3 9
1685 3 9
1686 3 9
1687 3 9
1688 3 9
1689 3 9
1690 3 9
1691 3 9
1692 3 9
1693 3 9
1694 3 9
1695 3 9
1696 3 9
1697 3 9
1698 3 9
1699 3 9
1700 3 9
1701 3 9
1702 3 10
1703 3 10
1704 3 10
1705 3 10
1706 3 10
1707 3 10
1708 3 10
1709 3 10
1710 3 10
1711 3 10
1712 3 10
1713 3 10
1714 3 10
1715 3 10
1716 3 10
1717 3 10
1718 3 10
1719 3 10
1720 3 10
1721 3 10
1722 3 10
1723 3 10
1724 3 10
1725 3 10
1726 3 10
1727 3 10
1728 3 10
1729 3 10
1730 3 10
1731 3 10
1732 3 10
1733 3 10
1734 3 10
1735 3 10
1736 3 11
1737 3 11
1738 3 11
1739 3 11
1740 3 11
1741 3 11
1742 3 11
1743 3 11
1744 3 11
1745 3 11
1746 3 11
1747 3 11
1748 3 11
1749 3 11
1750 3 11
1751 3 11
1752 3 11
1753 3 11
1754 3 11
1755 3 11
1756 3 11
1757 3 11
1758 3 11
1759 3 12
1760 3 12
1761 3 12
1762 3 12
1763 3 12
1764 3 12
1765 3 12
1766 3 12
1767 3 12
1768 3 12
1769 3 12
1770 3 12
1771 3 12
1772 3 12
1773 3 12
1774 3 12
1775 3 12
1776 3 12
1777 3 12
1778 3 12
1779 3 12
1780 3 12
1781 3 12
1782 3 12
1783 3 12
1784 3 12
1785 3 12
1786 3 12
1787 3 12
1788 3 12
1789 3 12
1790 3 12
1791 3 12
1792 3 12
1793 3 12
1794 3 12
1795 3 12
1796 3 12
1797 3 12
1798 3 12
1799 3 12
1800 3 12
1801 3 12
1802 3 12
1803 3 12
1804 3 12
1805 3 12
1806 3 12
1807 3 13
1808 3 13
1809 4 13
1810 4 13
1811 4 13
1812 4 13
1813 4 13
1814 4 13
1815 4 13
1816 4 13
1817 4 13
1818 4 13
1819 4 13
1820 4 13
1821 4 13
1822 4 13
1823 4 13
1824 4 13
1825 4 13
1826 4 13
1827 4 13
1828 4 13
1829 4 13
1830 4 13
1831 4 13
1832 4 13
1833 4 13
1834 4 13
1835 4 13
1836 4 13
1837 4 13
1838 4 13
1839 4 13
1840 4 13
1841 4 13
1842 4 13
1843 4 13
1844 4 13
1845 4 13
1846 4 13
1847 4 13
1848 4 13
1849 4 13
1850 4 13
1851 4 13
1852 4 13
1853 4 13
1854 4 13
1855 4 13
1856 4 13
1857 4 13
1858 4 13
1859 4 13
1860 4 13
1861 4 14
1862 4 14
1863 4 14
1864 4 14
1865 4 14
1866 4 14
1867 4 14
1868 4 14
1869 4 14
1870 4 14
1871 4 14
1872 4 14
1873 4 14
1874 4 14
1875 4 14
1876 4 14
1877 4 14
1878 4 14
1879 4 14
1880 4 14
1881 4 14
1882 4 14
1883 4 14
1884 4 14
1885 4 14
1886 4 14
1887 4 14
1888 4 14
1889 4 14
1890 4 14
1891 4 14
1892 4 14
1893 4 15
1894 4 15
1895 4 15
1896 4 15
1897 4 15
1898 4 15
1899 4 15
1900 4 15
1901 4 15
1902 4 15
1903 4 15
1904 4 15
1905 4 15
1906 4 15
1907 4 15
1908 4 15
1909 4 15
1910 4 15
1911 4 15
1912 4 15
1913 4 15
1914 4 15
1915 4 15
1916 4 15
1917 4 15
1918 4 15
1919 4 15
1920 4 15
1921 4 15
1922 4 16
1923 4 16
1924 4 15
1925 4 15
1926 4 16
1927 4 16
1928 4 16
1929 4 16
1930 4 16
1931 4 16
1932 4 16
1933 4 16
1934 4 16
1935 4 16
1936 4 16
1937 4 16
1938 4 16
1939 4 16
1940 4 16
1941 4 16
1942 4 16
1943 4 16
1944 4 16
1945 4 16
1946 4 16
1947 4 16
1948 4 17
1949 4 17
1950 4 17
1951 4 17
1952 4 17
1953 4 17
1954 5 17
1955 5 17
1956 5 17
1957 5 17
1958 5 17
1959 5 17
1960 5 17
1961 5 17
1962 5 17
1963 5 17
1964 5 17
1965 5 17
1966 5 17
1967 5 17
1968 5 17
1969 5 17
1970 5 17
1971 5 17
1972 5 17
1973 5 17
1974 5 17
1975 5 17
1976 5 17
1977 5 17
1978 5 17
1979 5 17
1980 5 17
1981 5 17
1982 5 17
1983 5 17
1984 5 17
1985 5 17
1986 5 17
1987 5 17
1988 5 17
1989 5 17
1990 5 17
1991 5 17
1992 5 17
1993 5 17
1994 5 17
1995 5 17
1996 5 17
1997 5 17
1998 5 17
1999 5 17
2000 5 17
2001 5 17
2002 5 17
2003 5 17
2004 5 17
2005 5 17
2006 5 17
2007 5 17
2008 5 17
2009 5 17
2010 5 17
2011 5 17
2012 5 17
2013 5 17
2014 5 17
2015 5 17
2016 5 17
2017 5 17
2018 5 17
2019 5 17
2020 5 17
2021 5 17
2022 5 17
2023 5 17
2024 5 17
2025 5 17
2026 5 17
2027 5 17
2028 5 17
2029 5 17
2030 5 17
2031 5 17
2032 5 17
2033 5 17
2034 5 17
2035 5 17
2036 5 17
2037 5 17
2038 5 17
2039 5 18
2040 5 18
2041 5 18
2042 5 18
2043 5 18
2044 5 18
2045 5 18
2046 5 18
2047 5 18
2048 5 18
2049 5 18
2050 5 18
2051 5 18
2052 5 18
2053 5 18
2054 5 18
2055 5 18
2056 5 18
2057 5 18
2058 5 18
2059 5 18
2060 5 18
2061 5 18
2062 5 18
2063 5 18
2064 5 18
2065 5 18
2066 5 19
2067 5 19
2068 5 19
2069 5 19
2070 5 19
2071 5 19
2072 5 19
2073 5 19
2074 5 19
2075 5 19
2076 5 19
2077 5 19
2078 5 19
2079 5 19
2080 5 19
2081 5 19
2082 5 19
2083 5 19
2084 5 19
2085 5 19
2086 5 19
2087 5 19
2088 5 19
2089 5 19
2090 5 19
2091 5 19
2092 5 19
2093 5 19
2094 5 19
2095 5 19
2096 5 19
2097 5 19
2098 5 20
2099 5 20
2100 5 20
2101 5 20
2102 5 20
2103 5 20
2104 5 20
2105 5 20
2106 5 20
2107 5 20
2108 5 20
2109 5 20
2110 5 20
2111 5 20
2112 5 20
2113 5 20
2114 5 20
2115 5 20
2116 5 20
2117 5 20
2118 5 20
2119 5 20
2120 5 20
2121 5 20
2122 5 20
2123 6 20
2124 6 20
2125 6 20
2126 6 20
2127 6 20
2128 6 20
2129 6 20
2130 6 20
2131 6 20
2132 6 20
2133 6 20
2134 6 20
2135 6 21
2136 6 21
2137 6 21
2138 6 21
2139 6 21
2140 6 21
2141 6 21
2142 6 21
2143 6 21
2144 6 21
2145 6 21
2146 6 21
2147 6 21
2148 6 21
2149 6 21
2150 6 21
2151 6 21
2152 6 21
2153 6 21
2154 6 21
2155 6 21
2156 6 21
2157 6 21
2158 6 21
2159 6 21
2160 6 22
2161 6 22
2162 6 22
2163 6 22
2164 6 22
2165 6 22
2166 6 22
2167 6 22
2168 6 22
2169 6 22
2170 6 22
2171 6 22
2172 6 22
2173 6 22
2174 6 22
2175 6 22
2176 6 22
2177 6 22
2178 6 22
2179 6 22
2180 6 22
2181 6 22
2182 6 22
2183 6 22
2184 6 22
2185 6 22
2186 6 22
2187 6 22
2188 6 22
2189 6 22
2190 6 22
2191 6 23
2192 6 23
2193 6 23
2194 6 23
2195 6 23
2196 6 23
2197 6 23
2198 6 23
2199 6 23
2200 6 23
2201 6 23
2202 6 23
2203 6 23
2204 6 23
2205 6 23
2206 6 23
2207 6 23
2208 6 23
2209 6 23
2210 6 23
2211 6 23
2212 6 23
2213 6 23
2214 6 23
2215 6 23
2216 6 23
2217 6 23
2218 6 23
2219 6 23
2220 6 23
2221 6 23
2222 6 23
2223 6 23
2224 6 23
2225 6 23
2226 6 24
2227 6 24
2228 6 24
2229 6 24
2230 6 24
2231 6 24
2232 6 24
2233 6 24
2234 6 24
2235 6 24
2236 6 23
2237 6 23
2238 6 24
2239 6 24
2240 6 23
2241 6 23
2242 6 23
2243 6 23
2244 7 23
2245 7 23
2246 7 23
2247 7 23
2248 7 23
2249 7 23
2250 7 23
2251 7 23
2252 7 23
2253 7 24
2254 7 24
2255 7 24
2256 7 24
2257 7 24
2258 7 24
2259 7 24
2260 7 24
2261 7 24
2262 7 24
2263 7 24
2264 7 24
2265 7 24
2266 7 24
2267 7 24
2268 7 24
2269 7 24
2270 7 24
2271 7 24
2272 7 24
2273 7 24
2274 7 24
2275 7 24
2276 7 24
2277 7 24
2278 7 24
2279 7 24
2280 7 24
2281 7 25
2282 7 25
2283 7 25
2284 7 25
2285 7 25
2286 7 25
2287 7 25
2288 7 25
2289 7 25
2290 7 25
2291 7 25
2292 7 25
2293 7 25
2294 7 25
2295 7 25
2296 7 25
2297 7 25
2298 7 25
2299 7 25
2300 7 25
2301 7 25
2302 7 25
2303 7 25
2304 7 25
2305 7 25
2306 7 25
2307 7 25
2308 7 25
2309 7 25
2310 7 25
2311 7 25
2312 7 25
2313 7 25
2314 7 25
2315 7 25
2316 7 26
2317 7 26
2318 7 26
2319 7 26
2320 7 26
2321 7 26
2322 7 26
2323 7 26
2324 7 26
2325 7 26
2326 7 26
2327 7 26
2328 7 26
2329 7 26
2330 7 26
2331 7 26
2332 7 26
2333 7 26
2334 7 26
2335 7 26
2336 7 26
2337 7 26
2338 7 26
2339 7 26
2340 7 26
2341 7 26
2342 7 26
2343 7 26
2344 7 26
2345 7 26
2346 8 26
2347 8 26
2348 8 26
2349 8 26
2350 8 26
2351 8 26
2352 8 26
2353 8 26
2354 8 26
2355 8 26
2356 8 26
2357 8 26
2358 8 26
2359 8 26
2360 8 26
2361 8 26
2362 8 26
2363 8 26
2364 8 26
2365 8 26
2366 8 26
2367 8 26
2368 8 26
2369 8 26
2370 8 26
2371 8 26
2372 8 26
2373 8 26
2374 8 26
2375 8 26
2376 8 26
2377 8 26
2378 8 26
2379 8 26
2380 8 26
2381 8 26
2382 8 26
2383 8 26
2384 8 26
2385 8 26
2386 8 26
2387 8 26
2388 8 26
2389 8 26
2390 8 27
2391 8 27
2392 8 27
2393 8 27
2394 8 27
2395 8 27
2396 8 27
2397 8 27
2398 8 27
2399 8 27
2400 8 27
2401 8 27
2402 8 27
2403 8 27
2404 8 27
2405 8 27
2406 8 27
2407 8 27
2408 8 27
2409 8 27
2410 8 27
2411 8 27
2412 8 27
2413 8 27
2414 8 27
2415 8 27
2416 8 27
2417 8 27
2418 8 27
2419 8 27
2420 8 28
2421 8 28
2422 8 28
2423 8 28
2424 8 28
2425 8 28
2426 8 28
2427 8 28
2428 8 28
2429 8 28
2430 8 28
2431 8 28
2432 8 28
2433 8 28
2434 8 28
2435 8 28
2436 8 28
2437 8 28
2438 9 28
2439 9 28
2440 9 28
2441 9 28
2442 9 28
2443 9 29
2444 9 29
2445 9 29
2446 9 29
2447 9 29
2448 9 29
2449 9 29
2450 9 29
2451 9 29
2452 9 29
2453 9 29
2454 9 29
2455 9 29
2456 9 29
2457 9 29
2458 9 29
2459 9 29
2460 9 29
2461 9 29
2462 9 29
2463 9 29
2464 9 29
2465 9 29
2466 9 29
2467 9 29
2468 9 29
2469 9 29
2470 9 29
2471 9 29
2472 9 29
2473 9 29
2474 9 29
2475 9 29
2476 9 29
2477 9 29
2478 9 29
2479 9 29
2480 9 29
2481 9 29
2482 9 29
2483 9 29
2484 9 29
2485 9 30
2486 9 30
2487 9 30
2488 9 30
2489 9 29
2490 9 29
2491 9 29
2492 9 30
2493 9 29
2494 9 29
2495 9 30
2496 9 30
2497 9 30
2498 9 30
2499 9 30
2500 9 30
2501 10 30
2502 10 30
2503 10 30
2504 10 30
2505 10 30
2506 10 30
2507 10 30
2508 10 30
2509 10 30
2510 10 30
2511 10 30
2512 10 30
2513 10 30
2514 10 30
2515 10 30
2516 10 30
2517 10 30
2518 10 30
2519 10 30
2520 10 30
2521 10 30
2522 10 30
2523 10 30
2524 10 30
2525 10 30
2526 10 30
2527 10 31
2528 10 31
2529 10 31
2530 10 31
2531 10 31
2532 10 31
2533 10 31
2534 10 31
2535 10 31
2536 10 31
2537 10 31
2538 10 31
2539 10 31
2540 10 31
2541 10 31
2542 10 31
2543 10 31
2544 10 31
2545 10 31
2546 10 31
2547 10 31
2548 10 31
2549 10 31
2550 10 31
2551 10 31
2552 10 31
2553 10 31
2554 10 31
2555 10 31
2556 10 31
2557 10 31
2558 10 31
2559 10 31
2560 10 31
2561 10 31
2562 10 31
2563 10 31
2564 10 32
2565 10 32
2566 10 32
2567 10 32
2568 10 32
2569 10 32
2570 10 32
2571 10 32
2572 10 32
2573 10 32
2574 10 32
2575 10 32
2576 10 32
2577 11 32
2578 11 32
2579 11 32
2580 11 32
2581 11 32
2582 11 32
2583 11 32
2584 11 32
2585 11 32
2586 11 32
2587 11 32
2588 11 32
2589 11 32
2590 11 32
2591 11 32
2592 11 32
2593 11 32
2594 11 32
2595 11 32
2596 11 32
2597 11 32
2598 11 32
2599 11 32
2600 11 32
2601 11 32
2602 11 32
2603 11 32
2604 11 32
2605 11 32
2606 11 32
2607 11 32
2608 11 32
2609 11 32
2610 11 32
2611 11 32
2612 11 32
2613 11 32
2614 11 32
2615 11 32
2616 11 32
2617 11 32
2618 11 32
2619 11 32
2620 11 32
2621 11 32
2622 11 32
2623 11 32
2624 11 33
2625 11 33
2626 11 33
2627 11 33
2628 11 33
2629 11 33
2630 11 33
2631 11 33
2632 11 33
2633 11 33
2634 11 33
2635 11 33
2636 11 33
2637 12 33
2638 12 33
2639 12 33
2640 12 33
2641 12 33
2642 12 33
2643 12 33
2644 12 33
2645 12 33
2646 12 33
2647 12 33
2648 12 33
2649 12 33
2650 12 34
2651 12 34
2652 12 34
2653 12 34
2654 12 34
2655 12 34
2656 12 34
2657 12 34
2658 12 34
2659 12 34
2660 12 34
2661 12 34
2662 12 34
2663 12 34
2664 12 34
2665 12 34
2666 12 34
2667 12 34
2668 12 34
2669 12 34
2670 12 34
2671 12 34
2672 12 34
2673 12 34
2674 12 34
2675 12 34
2676 12 34
2677 12 34
2678 12 34
2679 12 34
2680 12 34
2681 12 34
2682 12 34
2683 12 34
2684 12 34
2685 13 34
2686 13 34
2687 13 34
2688 13 34
2689 13 34
2690 13 34
2691 13 34
2692 13 34
2693 13 34
2694 13 34
2695 13 34
2696 13 34
2697 13 34
2698 13 34
2699 13 34
2700 13 34
2701 13 34
2702 13 34
2703 13 34
2704 13 34
2705 13 35
2706 13 35
2707 13 35
2708 13 35
2709 13 35
2710 13 35
2711 13 35
2712 13 35
2713 13 35
2714 13 35
2715 13 35
2716 13 35
2717 13 35
2718 13 35
2719 13 35
2720 13 35
2721 13 35
2722 13 35
2723 13 35
2724 13 35
2725 13 35
2726 13 35
2727 13 35
2728 13 35
2729 13 35
2730 13 35
2731 13 35
2732 13 35
2733 13 35
2734 13 35
2735 13 35
2736 13 35
2737 13 35
2738 13 35
2739 13 35
2740 13 35
2741 13 35
2742 13 35
2743 13 35
2744 13 35
2745 13 35
2746 13 35
2747 13 35
2748 13 35
2749 13 35
2750 13 35
2751 13 35
2752 13 35
2753 13 35
2754 13 35
2755 13 35
2756 13 35
2757 13 35
2758 13 35
2759 13 35
2760 13 35
2761 14 35
2762 14 35
2763 14 35
2764 14 35
2765 14 35
2766 14 35
2767 14 35
2768 14 35
2769 14 35
2770 14 35
2771 14 35
2772 14 35
2773 14 35
2774 14 35
2775 14 35
2776 14 35
2777 14 35
2778 14 35
2779 14 35
2780 14 35
2781 14 35
2782 14 36
2783 14 36
2784 15 36
2785 15 36
2786 15 36
2787 15 36
2788 15 36
2789 15 36
2790 15 36
2791 15 36
2792 15 36
2793 15 36
2794 15 36
2795 15 36
2796 15 36
2797 15 36
2798 15 36
2799 15 36
2800 15 36
2801 15 36
2802 15 36
2803 15 36
2804 15 36
2805 15 36
2806 15 36
2807 15 36
2808 15 36
2809 15 36
2810 15 37
2811 15 37
2812 15 37
2813 15 37
2814 15 37
2815 15 37
2816 15 37
2817 15 37
2818 15 37
2819 15 37
2820 16 37
2821 16 37
2822 16 37
2823 16 37
2824 16 37
2825 16 37
2826 16 37
2827 16 37
2828 16 37
2829 16 37
2830 16 37
2831 16 37
2832 16 37
2833 16 37
2834 16 37
2835 16 37
2836 16 37
2837 16 37
2838 16 37
2839 17 37
2840 17 37
2841 17 37
2842 17 37
2843 17 37
2844 17 37
2845 17 38
2846 17 38
2847 17 38
2848 17 38
2849 17 38
2850 17 38
2851 17 38
2852 17 38
2853 17 38
2854 17 38
2855 17 38
2856 17 38
2857 17 38
2858 17 38
2859 17 38
2860 18 38
2861 18 38
2862 18 38
2863 18 38
2864 18 38
2865 18 38
2866 18 38
2867 18 38
2868 18 38
2869 18 38
2870 18 38
2871 18 38
2872 18 38
2873 18 38
2874 18 38
2875 18 38
2876 18 38
2877 18 38
2878 18 38
2879 18 38
2880 18 38
2881 18 38
2882 18 38
2883 18 38
2884 18 38
2885 18 39
2886 18 39
2887 18 39
2888 18 39
2889 18 39
2890 18 39
2891 18 39
2892 18 39
2893 18 39
2894 19 39
2895 19 39
2896 19 39
2897 19 39
2898 19 39
2899 19 39
2900 19 39
2901 19 39
2902 19 39
2903 19 39
2904 19 39
2905 19 39
2906 19 39
2907 19 39
2908 19 39
2909 19 39
2910 19 39
2911 19 39
2912 19 39
2913 20 39
2914 20 39
2915 20 39
2916 20 39
2917 20 39
2918 20 39
2919 20 39
2920 20 39
2921 20 39
2922 20 39
2923 20 39
2924 20 39
2925 20 39
2926 20 39
2927 20 39
2928 20 39
2929 20 39
2930 20 39
2931 20 39
2932 20 40
2933 20 40
2934 20 40
2935 20 40
2936 21 40
2937 21 40
2938 21 40
2939 21 40
2940 21 40
2941 21 40
2942 21 40
2943 21 40
2944 21 40
2945 21 40
2946 21 40
2947 21 40
2948 22 40
2949 22 40
2950 22 40
2951 22 40
2952 22 40
2953 22 40
2954 22 40
2955 22 40
2956 23 40
2957 23 40
2958 23 40
2959 23 40
2960 23 40
2961 23 40
2962 23 40
2963 23 40
2964 23 40
2965 23 40
2966 24 40
2967 24 40
2968 24 40
2969 24 40
2970 24 40
2971 24 40
2972 24 40
2973 24 40
2974 24 40
2975 24 40
2976 24 41
2977 24 41
2978 25 41
2979 25 41
2980 25 41
2981 25 41
2982 25 41
2983 25 41
2984 25 41
2985 25 41
2986 25 41
2987 25 41
2988 25 41
2989 25 41
2990 25 41
2991 25 41
2992 25 41
2993 25 41
2994 25 41
2995 25 41
2996 25 41
2997 25 41
2998 25 41
2999 25 41
3000 25 41
3001 25 41
3002 25 40
3003 25 40
3004 25 40
3005 25 40
3006 26 40
3007 26 40
3008 26 40
3009 26 40
3010 26 40
3011 26 40
3012 26 40
3013 26 40
3014 26 40
3015 26 40
3016 26 40
3017 26 40
3018 26 40
3019 26 40
3020 26 40
3021 26 40
3022 26 40
3023 26 40
3024 26 40
3025 26 40
3026 26 40
3027 26 40
3028 26 40
3029 26 40
3030 26 40
3031 26 40
3032 27 40
3033 27 40
3034 27 40
3035 27 40
3036 27 40
3037 27 40
3038 27 40
3039 27 40
3040 27 40
3041 27 40
3042 27 40
3043 27 40
3044 27 40
3045 27 40
3046 27 40
3047 27 40
3048 27 40
3049 27 40
3050 27 40
3051 27 40
3052 27 40
3053 27 40
3054 27 40
3055 27 40
3056 27 40
3057 27 40
3058 27 40
3059 27 40
3060 27 40
3061 27 40
3062 27 39
3063 27 39
3064 27 39
3065 28 39
3066 28 40
3067 28 40
3068 28 40
3069 28 40
3070 28 40
3071 29 40
3072 29 40
3073 29 40
3074 29 40
3075 29 40
3076 29 40
3077 29 40
3078 29 40
3079 29 40
3080 29 40
3081 30 40
3082 31 40
3083 31 40
3084 31 40
3085 31 40
3086 31 40
3087 31 40
3088 32 40
3089 32 40
3090 32 40
3091 32 40
3092 33 40
3093 33 40
3094 33 40
3095 33 40
3096 33 40
3097 34 40
3098 34 40
3099 34 40
3100 35 41
3101 35 41
3102 35 41
3103 36 41
3104 36 41
3105 36 41
3106 36 41
3107 36 41
3108 36 41
3109 36 41
3110 37 41
3111 37 41
3112 37 41
3113 37 41
3114 37 41
3115 37 41
3116 37 41
3117 37 41
3118 37 41
3119 37 41
3120 38 41
3121 38 41
3122 38 41
3123 39 41
3124 40 41
3125 41 41
3126 41 41
3127 41 41
3128 41 41
3129 41 41
3130 41 41
3131 41 41
3132 41 41
3133 41 41
3134 41 41
3135 41 41
3136 41 41
3137 41 41
3138 41 41
3139 41 41
3140 41 41
3141 41 41
3142 42 41
3143 42 41
3144 42 41
3145 42 41
3146 43 41
3147 43 41
3148 43 41
3149 44 41
3150 44 41
3151 44 41
3152 44 41
3153 45 41
3154 45 41
3155 45 41
3156 45 41
3157 45 41
3158 45 42
3159 45 42
3160 45 42
3161 46 42
3162 46 42
3163 47 42
3164 47 42
3165 47 42
3166 47 42
3167 47 42
3168 47 42
3169 47 41
3170 47 41
3171 47 41
3172 47 41
3173 47 41
3174 47 41
3175 47 41
3176 47 41
3177 47 41
3178 47 41
3179 47 41
3180 47 41
3181 47 41
3182 47 41
3183 47 41
3184 47 41
3185 47 41
3186 47 41
3187 47 41
3188 47 41
3189 47 41
3190 47 41
3191 47 41
3192 47 41
3193 47 41
3194 47 41
3195 47 41
3196 47 41
3197 47 41
3198 47 41
3199 47 41
3200 47 41
3201 48 41
3202 48 41
3203 48 41
3204 49 41
3205 49 41
3206 49 41
3207 50 41
3208 50 41
3209 50 41
3210 50 41
3211 51 41
3212 51 41
3213 51 41
3214 51 41
3215 51 41
3216 51 41
3217 51 41
3218 52 41
3219 53 41
3220 53 41
3221 53 41
3222 53 41
3223 53 41
3224 53 42
3225 53 42
3226 53 42
3227 54 42
3228 54 42
3229 55 42
3230 55 42
3231 55 42
3232 55 42
3233 56 42
3234 56 42
3235 57 42
3236 57 42
3237 57 42
3238 57 42
3239 57 42
3240 57 42
3241 58 42
3242 59 42
3243 60 42
3244 60 42
3245 60 42
3246 60 42
3247 63 42
3248 63 42
3249 64 42
3250 64 42
3251 65 42
3252 67 42
3253 68 42
3254 68 42
3255 69 42
3256 69 42
3257 71 42
3258 71 42
3259 72 42
3260 72 42
3261 72 42
3262 72 43
3263 73 43
3264 73 43
3265 73 43
3266 74 43
3267 74 43
3268 74 43
3269 74 43
3270 75 43
3271 77 43
3272 78 43
3273 81 43
3274 83 43
3275 83 43
3276 83 43
3277 83 43
3278 83 43
3279 83 43
3280 83 43
3281 83 43
3282 83 43
3283 83 43
3284 84 43
3285 95 43
3286 95 43
3287 95 43
3288 95 43
3289 95 43
3290 95 43
3291 95 43
3292 95 43
3293 95 43
3294 95 43
3295 95 43
3296 95 43
3297 95 42
3298 95 42
3299 95 42
3300 95 42
3301 95 42
3302 95 42
3303 95 42
3304 95 42
3305 95 42
3306 95 42
3307 95 42
3308 95 42
3309 95 42
3310 95 42
3311 95 42
3312 95 42
3313 95 42
3314 95 42
3315 95 42
3316 95 42
3317 95 42
3318 96 42
3319 100 42
