0 0 0
1 0 0
2 0 0
3 0 0
4 0 0
5 0 0
6 0 0
7 0 0
8 0 0
9 0 0
10 0 0
11 0 0
12 0 0
13 0 0
14 0 0
15 0 0
16 0 0
17 0 0
18 0 0
19 0 0
20 0 0
21 0 0
22 0 0
23 0 0
24 0 0
25 0 14
26 0 12
27 0 22
28 0 22
29 0 30
30 0 36
31 0 36
32 0 36
33 0 36
34 0 36
35 0 36
36 0 36
37 0 33
38 0 33
39 0 38
40 0 38
41 0 38
42 0 42
43 0 46
44 0 46
45 0 46
46 0 43
47 0 43
48 0 43
49 0 47
50 0 50
51 0 47
52 0 47
53 0 47
54 0 47
55 0 47
56 0 47
57 0 47
58 0 47
59 0 47
60 0 47
61 0 47
62 0 47
63 0 47
64 0 45
65 0 45
66 0 45
67 0 45
68 0 47
69 0 47
70 0 47
71 0 45
72 0 45
73 0 43
74 0 43
75 0 43
76 0 43
77 0 43
78 0 41
79 0 40
80 0 40
81 0 38
82 0 38
83 0 37
84 0 37
85 0 37
86 0 37
87 0 37
88 0 37
89 0 37
90 0 37
91 0 35
92 0 35
93 0 34
94 0 34
95 0 34
96 0 36
97 0 36
98 0 35
99 0 35
100 0 34
101 0 33
102 0 33
103 0 33
104 0 32
105 0 32
106 0 32
107 0 31
108 0 30
109 0 29
110 0 29
111 0 29
112 0 29
113 0 31
114 0 31
115 0 31
116 0 30
117 0 30
118 0 30
119 0 30
120 0 30
121 0 30
122 0 30
123 0 31
124 0 30
125 0 30
126 0 30
127 0 30
128 0 29
129 0 29
130 0 31
131 0 32
132 0 32
133 0 32
134 0 32
135 0 32
136 0 32
137 0 32
138 0 32
139 0 32
140 0 31
141 0 33
142 0 34
143 0 34
144 0 34
145 0 36
146 0 37
147 0 36
148 0 35
149 0 37
150 0 37
151 0 36
152 0 37
153 0 36
154 0 36
155 0 36
156 0 36
157 0 36
158 0 36
159 0 36
160 0 36
161 0 36
162 0 36
163 0 36
164 0 37
165 0 37
166 0 37
167 0 38
168 0 38
169 0 38
170 0 40
171 0 40
172 0 40
173 0 40
174 0 40
175 0 40
176 0 40
177 0 40
178 0 40
179 0 40
180 0 40
181 0 40
182 0 39
183 0 39
184 0 39
185 0 39
186 0 40
187 0 40
188 0 40
189 0 40
190 0 40
191 0 40
192 0 40
193 0 40
194 0 39
195 0 40
196 0 41
197 0 41
198 0 41
199 0 41
200 0 41
201 0 41
202 0 41
203 0 41
204 0 42
205 0 42
206 0 42
207 0 42
208 0 43
209 0 43
210 0 43
211 0 43
212 0 43
213 0 43
214 0 43
215 0 43
216 0 43
217 0 42
218 0 42
219 0 42
220 0 42
221 0 42
222 0 42
223 0 43
224 0 44
225 0 44
226 0 43
227 0 42
228 0 42
229 0 43
230 0 43
231 0 43
232 0 44
233 0 45
234 0 44
235 0 44
236 0 43
237 0 43
238 0 43
239 0 43
240 0 44
241 0 44
242 0 44
243 0 44
244 0 44
245 0 44
246 0 44
247 0 44
248 0 45
249 0 45
250 0 45
251 0 45
252 0 46
253 0 46
254 0 46
255 0 46
256 0 46
257 0 45
258 0 45
259 0 45
260 0 45
261 0 45
262 0 45
263 0 45
264 0 45
265 0 45
266 0 45
267 0 45
268 0 45
269 0 45
270 0 45
271 0 45
272 0 45
273 0 46
274 0 45
275 0 45
276 0 45
277 0 45
278 0 45
279 0 46
280 0 46
281 0 46
282 0 46
283 0 46
284 0 45
285 0 45
286 0 45
287 0 46
288 0 45
289 0 45
290 0 45
291 0 45
292 0 45
293 0 45
294 0 45
295 0 45
296 0 44
297 0 44
298 0 44
299 0 44
300 0 44
301 0 44
302 0 44
303 0 44
304 0 44
305 0 43
306 0 43
307 0 43
308 0 43
309 0 43
310 0 43
311 0 44
312 0 44
313 0 44
314 0 44
315 0 44
316 0 44
317 0 44
318 0 45
319 0 45
320 0 45
321 0 45
322 0 46
323 0 46
324 0 46
325 0 46
326 0 46
327 0 46
328 0 46
329 0 46
330 0 46
331 0 47
332 0 47
333 0 47
334 0 47
335 0 47
336 0 46
337 0 46
338 0 46
339 0 46
340 0 46
341 0 46
342 0 46
343 0 46
344 0 46
345 0 46
346 0 45
347 0 46
348 0 46
349 0 46
350 0 47
351 0 47
352 0 47
353 0 47
354 0 47
355 0 47
356 0 47
357 0 47
358 0 47
359 0 47
360 0 47
361 0 47
362 0 47
363 0 47
364 0 48
365 0 47
366 0 47
367 0 47
368 0 47
369 0 47
370 0 47
371 0 47
372 0 47
373 0 47
374 0 46
375 0 46
376 0 46
377 0 46
378 0 46
379 0 46
380 0 46
381 0 46
382 0 46
383 0 45
384 0 46
385 0 46
386 0 46
387 0 45
388 0 45
389 0 45
390 0 45
391 0 45
392 0 45
393 0 45
394 0 45
395 0 45
396 0 45
397 0 45
398 0 45
399 0 45
400 0 45
401 0 45
402 0 45
403 0 45
404 0 45
405 0 45
406 0 45
407 0 45
408 0 45
409 0 45
410 0 45
411 0 45
412 0 45
413 0 45
414 0 45
415 0 45
416 0 46
417 0 46
418 0 46
419 0 46
420 0 46
421 0 46
422 0 45
423 0 45
424 0 45
425 0 45
426 0 45
427 0 45
428 0 45
429 0 45
430 0 44
431 0 44
432 0 44
433 0 44
434 0 44
435 0 44
436 0 44
437 0 43
438 0 43
439 0 44
440 0 44
441 0 44
442 0 44
443 0 44
444 0 44
445 0 44
446 0 44
447 0 45
448 0 45
449 0 44
450 0 44
451 0 44
452 0 44
453 0 44
454 0 44
455 0 44
456 0 44
457 0 44
458 0 44
459 0 44
460 0 44
461 0 44
462 0 44
463 0 44
464 0 44
465 0 45
466 0 45
467 0 45
468 0 45
469 0 45
470 0 45
471 0 45
472 0 45
473 0 45
474 0 46
475 0 46
476 0 46
477 0 46
478 0 46
479 0 45
480 0 45
481 0 45
482 0 45
483 0 45
484 0 45
485 0 45
486 0 45
487 0 45
488 0 45
489 0 45
490 0 45
491 0 45
492 0 45
493 0 45
494 0 45
495 0 44
496 0 44
497 0 44
498 0 44
499 0 44
500 0 44
501 0 43
502 0 43
503 0 43
504 0 43
505 0 43
506 0 43
507 0 43
508 0 43
509 0 43
510 0 44
511 0 44
512 0 44
513 0 43
514 0 43
515 0 43
516 0 43
517 0 43
518 0 43
519 0 43
520 0 43
521 0 43
522 0 43
523 0 43
524 0 44
525 0 44
526 0 44
527 0 44
528 0 44
529 0 43
530 0 43
531 0 44
532 0 44
533 0 44
534 0 43
535 0 43
536 0 43
537 0 43
538 0 43
539 0 43
540 0 43
541 0 43
542 0 43
543 0 43
544 0 43
545 0 43
546 0 43
547 0 43
548 0 43
549 0 43
550 0 43
551 0 43
552 0 43
553 0 42
554 0 42
555 0 42
556 0 42
557 0 42
558 0 42
559 0 42
560 0 42
561 0 42
562 0 43
563 0 43
564 0 43
565 0 43
566 0 43
567 0 43
568 0 43
569 0 43
570 0 43
571 0 43
572 0 43
573 0 43
574 0 43
575 0 43
576 0 43
577 0 43
578 0 43
579 0 43
580 0 43
581 0 43
582 0 43
583 0 43
584 0 43
585 0 43
586 0 43
587 0 43
588 0 43
589 0 43
590 0 43
591 0 43
592 0 43
593 0 43
594 0 43
595 0 42
596 0 42
597 0 42
598 0 42
599 0 42
600 0 42
601 0 42
602 0 42
603 0 42
604 0 42
605 0 42
606 0 42
607 0 42
608 0 43
609 0 43
610 0 43
611 0 43
612 0 43
613 0 43
614 0 43
615 0 43
616 0 43
617 0 43
618 0 43
619 0 43
620 0 43
621 0 43
622 0 43
623 0 43
624 0 43
625 0 43
626 0 43
627 0 43
628 0 43
629 0 44
630 0 44
631 0 44
632 0 44
633 0 43
634 0 44
635 0 43
636 0 43
637 0 43
638 0 44
639 0 44
640 0 44
641 0 44
642 0 44
643 0 44
644 0 44
645 0 43
646 0 43
647 0 43
648 0 43
649 0 43
650 0 44
651 0 43
652 0 43
653 0 43
654 0 43
655 0 43
656 0 43
657 0 43
658 0 43
659 0 43
660 0 43
661 0 43
662 0 43
663 0 43
664 0 43
665 0 43
666 0 43
667 0 43
668 0 43
669 0 43
670 0 43
671 0 43
672 0 43
673 0 43
674 0 42
675 0 42
676 0 42
677 0 42
678 0 42
679 0 43
680 0 43
681 0 43
682 0 43
683 0 43
684 0 43
685 0 43
686 0 43
687 0 43
688 0 43
689 0 43
690 0 43
691 0 43
692 0 43
693 0 43
694 0 43
695 0 43
696 0 43
697 0 43
698 0 43
699 0 43
700 0 43
701 0 43
702 0 43
703 0 43
704 0 43
705 0 43
706 0 43
707 0 43
708 0 43
709 0 44
710 0 44
711 0 44
712 0 44
713 0 44
714 0 44
715 0 44
716 0 44
717 0 44
718 0 44
719 0 44
720 0 44
721 0 44
722 0 44
723 0 44
724 0 44
725 0 44
726 0 44
727 0 44
728 0 44
729 0 44
730 0 44
731 0 44
732 0 44
733 0 44
734 0 44
735 0 44
736 0 44
737 0 44
738 0 44
739 0 44
740 0 44
741 0 44
742 0 44
743 0 44
744 0 44
745 0 43
746 0 43
747 0 43
748 0 43
749 0 43
750 0 44
751 0 44
752 0 44
753 0 44
754 0 44
755 0 44
756 0 43
757 0 43
758 0 44
759 0 44
760 0 43
761 0 43
762 0 44
763 0 44
764 0 43
765 0 43
766 0 43
767 0 43
768 0 43
769 0 43
770 0 44
771 0 44
772 0 44
773 0 44
774 0 44
775 0 43
776 0 44
777 0 44
778 0 44
779 0 43
780 0 43
781 0 43
782 0 43
783 0 43
784 0 43
785 0 43
786 0 43
787 0 43
788 0 43
789 0 43
790 0 43
791 0 43
792 0 43
793 0 43
794 0 43
795 0 43
796 0 43
797 0 43
798 0 43
799 0 43
800 0 43
801 0 43
802 0 43
803 0 43
804 0 43
805 0 43
806 0 43
807 0 43
808 0 43
809 0 43
810 0 43
811 0 43
812 0 43
813 0 43
814 0 43
815 0 43
816 0 43
817 0 42
818 0 42
819 0 42
820 0 42
821 0 42
822 0 42
823 0 42
824 0 42
825 0 42
826 0 42
827 0 42
828 0 42
829 0 42
830 0 42
831 0 42
832 0 42
833 0 42
834 0 42
835 0 42
836 0 42
837 0 42
838 0 42
839 0 42
840 0 42
841 0 42
842 0 42
843 0 42
844 0 41
845 0 41
846 0 41
847 0 41
848 0 41
849 0 41
850 0 41
851 0 42
852 0 41
853 0 41
854 0 42
855 0 42
856 0 42
857 0 42
858 0 42
859 0 42
860 0 42
861 0 42
862 0 41
863 0 41
864 0 41
865 0 41
866 0 41
867 0 41
868 0 41
869 0 41
870 0 41
871 0 41
872 0 41
873 0 41
874 0 41
875 0 41
876 0 41
877 0 41
878 0 41
879 0 41
880 0 41
881 0 40
882 0 40
883 0 40
884 0 40
885 0 40
886 0 40
887 0 40
888 0 40
889 0 40
890 0 40
891 0 40
892 0 40
893 0 40
894 0 40
895 0 40
896 0 40
897 0 40
898 0 40
899 0 40
900 0 40
901 0 40
902 0 40
903 0 40
904 0 40
905 0 40
906 0 40
907 1 40
908 1 40
909 1 40
910 1 40
911 1 40
912 1 40
913 1 40
914 1 40
915 1 40
916 1 40
917 1 40
918 1 40
919 1 40
920 1 40
921 1 40
922 1 40
923 1 40
924 1 40
925 1 40
926 1 40
927 1 40
928 1 40
929 1 39
930 1 39
931 1 39
932 1 39
933 1 39
934 1 39
935 1 39
936 1 39
937 1 39
938 1 39
939 1 40
940 1 39
941 1 39
942 1 39
943 1 39
944 1 39
945 1 39
946 1 39
947 1 39
948 1 39
949 1 39
950 1 39
951 1 39
952 1 39
953 1 39
954 1 39
955 1 39
956 1 39
957 1 39
958 1 39
959 1 39
960 1 39
961 1 40
962 1 39
963 1 39
964 1 39
965 1 39
966 1 39
967 1 39
968 1 39
969 1 39
970 1 39
971 1 39
972 1 39
973 1 39
974 1 39
975 1 39
976 1 39
977 1 39
978 1 39
979 1 39
980 1 39
981 1 39
982 1 39
983 1 39
984 1 39
985 1 39
986 1 39
987 1 39
988 1 39
989 1 39
990 1 39
991 1 39
992 1 39
993 1 39
994 1 39
995 1 39
996 1 39
997 1 39
998 1 39
999 1 39
1000 1 39
1001 1 38
1002 1 38
1003 1 38
1004 1 38
1005 1 38
1006 1 38
1007 1 38
1008 1 38
1009 1 38
1010 1 38
1011 1 38
1012 1 38
1013 1 38
1014 1 38
1015 1 38
1016 1 38
1017 1 38
1018 1 38
1019 1 38
1020 1 38
1021 1 38
1022 1 38
1023 1 38
1024 1 38
1025 1 38
1026 1 38
1027 1 38
1028 1 38
1029 1 38
1030 1 38
1031 1 38
1032 1 39
1033 1 39
1034 1 39
1035 1 38
1036 1 38
1037 1 38
1038 1 38
1039 1 38
1040 1 38
1041 1 38
1042 1 38
1043 1 38
1044 1 38
1045 1 38
1046 1 38
1047 1 38
1048 1 38
1049 1 38
1050 1 38
1051 1 38
1052 1 38
1053 1 38
1054 1 38
1055 1 38
1056 1 38
1057 1 37
1058 1 37
1059 1 37
1060 1 38
1061 1 38
1062 1 38
1063 1 38
1064 1 38
1065 1 38
1066 1 38
1067 1 38
1068 1 38
1069 1 38
1070 1 38
1071 1 38
1072 1 38
1073 1 38
1074 1 38
1075 1 38
1076 1 38
1077 1 38
1078 1 38
1079 1 38
1080 1 38
1081 1 38
1082 1 38
1083 1 38
1084 1 38
1085 1 38
1086 1 38
1087 1 37
1088 1 38
1089 1 38
1090 1 38
1091 1 38
1092 1 38
1093 1 38
1094 1 38
1095 1 38
1096 1 37
1097 1 37
1098 1 37
1099 1 37
1100 1 37
1101 1 37
1102 1 37
1103 1 37
1104 1 37
1105 1 37
1106 1 37
1107 1 37
1108 1 37
1109 1 37
1110 1 37
1111 1 37
1112 1 37
1113 1 37
1114 1 37
1115 1 37
1116 1 37
1117 1 37
1118 1 37
1119 1 37
1120 1 37
1121 1 37
1122 1 37
1123 1 37
1124 1 37
1125 1 37
1126 1 37
1127 1 37
1128 1 37
1129 1 37
1130 1 37
1131 1 37
1132 1 36
1133 1 36
1134 1 36
1135 1 36
1136 1 36
1137 1 36
1138 1 36
1139 1 36
1140 1 36
1141 1 36
1142 1 36
1143 1 36
1144 1 36
1145 1 36
1146 1 36
1147 1 36
1148 1 36
1149 1 36
1150 1 36
1151 1 36
1152 1 36
1153 1 36
1154 1 36
1155 1 36
1156 1 36
1157 1 36
1158 1 36
1159 1 36
1160 1 36
1161 1 36
1162 1 36
1163 1 36
1164 1 36
1165 1 36
1166 1 36
1167 1 36
1168 1 36
1169 1 36
1170 1 36
1171 1 36
1172 1 36
1173 1 36
1174 1 36
1175 1 36
1176 1 36
1177 1 36
1178 1 36
1179 1 36
1180 1 36
1181 1 36
1182 1 36
1183 1 36
1184 1 36
1185 1 36
1186 1 36
1187 1 36
1188 1 36
1189 1 36
1190 1 35
1191 1 36
1192 1 36
1193 1 36
1194 1 36
1195 1 36
1196 1 36
1197 1 36
1198 1 36
1199 1 36
1200 1 36
1201 1 36
1202 1 35
1203 1 35
1204 1 35
1205 1 35
1206 1 35
1207 1 35
1208 1 35
1209 1 35
1210 1 35
1211 1 35
1212 1 35
1213 1 35
1214 1 35
1215 1 35
1216 1 35
1217 1 35
1218 1 35
1219 1 35
1220 1 35
1221 1 35
1222 1 35
1223 1 35
1224 1 35
1225 1 35
1226 1 35
1227 1 35
1228 1 35
1229 1 35
1230 1 35
1231 1 34
1232 1 34
1233 1 34
1234 1 34
1235 1 34
1236 1 34
1237 1 34
1238 1 34
1239 1 34
1240 1 34
1241 1 34
1242 1 34
1243 1 34
1244 1 34
1245 1 34
1246 1 34
1247 1 34
1248 1 34
1249 1 34
1250 1 34
1251 1 34
1252 1 34
1253 1 33
1254 1 33
1255 1 33
1256 1 34
1257 1 34
1258 1 33
1259 1 33
1260 1 33
1261 1 33
1262 1 33
1263 1 33
1264 1 33
1265 1 33
1266 1 34
1267 1 33
1268 1 34
1269 1 34
1270 1 34
1271 1 34
1272 1 34
1273 1 33
1274 1 33
1275 1 33
1276 1 33
1277 1 33
1278 1 33
1279 1 33
1280 1 33
1281 1 33
1282 1 33
1283 1 33
1284 1 33
1285 1 33
1286 1 33
1287 1 33
1288 1 33
1289 1 33
1290 1 33
1291 1 33
1292 2 33
1293 2 33
1294 2 33
1295 2 33
1296 2 33
1297 2 33
1298 2 33
1299 2 33
1300 2 33
1301 2 33
1302 2 33
1303 2 33
1304 2 33
1305 2 33
1306 2 33
1307 2 33
1308 2 32
1309 2 32
1310 2 32
1311 2 32
1312 2 32
1313 2 32
1314 2 32
1315 2 32
1316 2 32
1317 2 32
1318 2 32
1319 2 32
1320 2 32
1321 2 32
1322 2 32
1323 2 32
1324 2 32
1325 2 32
1326 2 32
1327 2 32
1328 2 32
1329 2 32
1330 2 32
1331 2 32
1332 2 32
1333 2 32
1334 2 32
1335 2 32
1336 2 32
1337 2 32
1338 2 32
1339 2 32
1340 2 32
1341 2 32
1342 2 32
1343 2 32
1344 2 32
1345 2 32
1346 2 32
1347 2 32
1348 2 32
1349 2 32
1350 2 32
1351 2 32
1352 2 32
1353 2 32
1354 2 32
1355 2 32
1356 2 32
1357 2 32
1358 2 32
1359 2 32
1360 2 32
1361 2 32
1362 2 32
1363 2 32
1364 2 32
1365 2 32
1366 2 32
1367 2 32
1368 2 32
1369 2 32
1370 2 32
1371 2 32
1372 2 32
1373 2 32
1374 2 32
1375 2 32
1376 2 32
1377 2 32
1378 2 32
1379 2 32
1380 2 32
1381 2 32
1382 2 32
1383 2 32
1384 2 32
1385 2 32
1386 2 32
1387 2 32
1388 2 32
1389 2 32
1390 2 32
1391 2 32
1392 2 32
1393 2 32
1394 2 32
1395 2 32
1396 2 32
1397 2 32
1398 2 32
1399 2 32
1400 2 32
1401 2 32
1402 2 32
1403 2 32
1404 2 32
1405 2 32
1406 2 32
1407 2 32
1408 2 32
1409 2 32
1410 2 32
1411 2 32
1412 2 32
1413 2 32
1414 2 32
1415 2 32
1416 2 32
1417 2 32
1418 2 32
1419 2 32
1420 2 32
1421 2 32
1422 2 32
1423 2 32
1424 2 32
1425 2 32
1426 2 32
1427 2 32
1428 2 32
1429 2 32
1430 2 32
1431 2 32
1432 2 32
1433 2 32
1434 2 32
1435 2 32
1436 2 32
1437 2 32
1438 2 32
1439 2 32
1440 2 32
1441 2 32
1442 2 32
1443 2 32
1444 2 32
1445 2 32
1446 2 32
1447 2 31
1448 2 31
1449 2 32
1450 2 32
1451 2 32
1452 2 31
1453 2 31
1454 2 31
1455 2 31
1456 2 31
1457 2 31
1458 2 31
1459 2 31
1460 2 31
1461 2 31
1462 2 31
1463 2 31
1464 2 31
1465 2 31
1466 2 31
1467 2 31
1468 2 31
1469 2 31
1470 2 31
1471 2 31
1472 2 31
1473 2 31
1474 2 31
1475 2 31
1476 2 31
1477 2 31
1478 2 31
1479 2 31
1480 2 31
1481 2 31
1482 2 31
1483 2 31
1484 2 31
1485 2 31
1486 2 31
1487 2 31
1488 2 31
1489 2 31
1490 2 31
1491 2 31
1492 2 31
1493 2 31
1494 2 31
1495 2 31
1496 2 31
1497 2 31
1498 2 31
1499 2 31
1500 2 31
1501 2 31
1502 2 31
1503 2 31
1504 2 31
1505 2 31
1506 2 31
1507 2 31
1508 2 31
1509 2 31
1510 2 31
1511 2 31
1512 2 31
1513 2 31
1514 2 31
1515 2 31
1516 2 31
1517 2 30
1518 2 30
1519 2 30
1520 2 30
1521 2 30
1522 2 30
1523 2 30
1524 2 30
1525 2 30
1526 2 30
1527 2 30
1528 2 30
1529 2 30
1530 2 30
1531 2 30
1532 2 30
1533 2 30
1534 2 30
1535 2 30
1536 2 30
1537 2 30
1538 2 30
1539 2 30
1540 2 30
1541 2 30
1542 2 30
1543 2 30
1544 2 30
1545 2 30
1546 2 30
1547 2 30
1548 2 30
1549 2 30
1550 2 30
1551 2 30
1552 2 30
1553 2 30
1554 2 30
1555 2 30
1556 2 30
1557 2 30
1558 2 30
1559 2 30
1560 2 30
1561 2 30
1562 2 30
1563 2 30
1564 2 30
1565 2 30
1566 2 30
1567 2 30
1568 2 30
1569 2 30
1570 2 30
1571 2 30
1572 2 30
1573 2 30
1574 2 30
1575 2 30
1576 2 30
1577 2 30
1578 2 30
1579 2 30
1580 2 30
1581 2 30
1582 2 30
1583 2 30
1584 3 30
1585 3 30
1586 3 30
1587 3 30
1588 3 30
1589 3 30
1590 3 30
1591 3 30
1592 3 30
1593 3 30
1594 3 30
1595 3 30
1596 3 30
1597 3 30
1598 3 30
1599 3 30
1600 3 30
1601 3 30
1602 3 30
1603 3 30
1604 3 30
1605 3 30
1606 3 30
1607 3 30
1608 3 30
1609 3 30
1610 3 30
1611 3 29
1612 3 29
1613 3 29
1614 3 29
1615 3 29
1616 3 29
1617 3 29
1618 3 29
1619 3 29
1620 3 29
1621 3 29
1622 3 29
1623 3 29
1624 3 29
1625 3 29
1626 3 29
1627 3 29
1628 3 29
1629 3 29
1630 3 29
1631 3 29
1632 3 29
1633 3 29
1634 3 29
1635 3 29
1636 3 29
1637 3 29
1638 3 29
1639 3 29
1640 3 29
1641 3 29
1642 3 29
1643 3 29
1644 3 29
1645 3 29
1646 3 29
1647 3 29
1648 3 29
1649 3 29
1650 3 29
1651 3 29
1652 3 29
1653 3 29
1654 3 29
1655 3 29
1656 3 29
1657 3 29
1658 3 29
1659 3 29
1660 3 29
1661 3 29
1662 3 29
1663 3 29
1664 3 29
1665 3 29
1666 3 29
1667 3 29
1668 3 29
1669 3 29
1670 3 29
1671 3 29
1672 3 29
1673 3 29
1674 3 29
1675 3 29
1676 3 29
1677 3 29
1678 3 29
1679 3 29
1680 3 29
1681 3 29
1682 3 29
1683 3 29
1684 3 29
1685 3 29
1686 3 29
1687 3 29
1688 3 29
1689 3 29
1690 3 29
1691 3 29
1692 3 29
1693 3 29
1694 3 29
1695 3 29
1696 3 29
1697 3 29
1698 3 29
1699 3 29
1700 3 29
1701 3 29
1702 3 29
1703 3 29
1704 3 29
1705 3 29
1706 3 29
1707 3 29
1708 3 29
1709 3 29
1710 3 29
1711 3 29
1712 3 29
1713 3 29
1714 3 29
1715 3 30
1716 3 29
1717 3 29
1718 3 29
1719 3 29
1720 3 29
1721 3 29
1722 3 29
1723 3 29
1724 3 30
1725 3 30
1726 3 30
1727 3 30
1728 3 30
1729 3 30
1730 3 29
1731 3 29
1732 3 29
1733 3 29
1734 3 29
1735 3 29
1736 3 29
1737 3 29
1738 3 29
1739 3 29
1740 3 29
1741 3 29
1742 3 29
1743 3 29
1744 3 29
1745 3 29
1746 3 29
1747 3 29
1748 3 29
1749 3 29
1750 3 29
1751 3 29
1752 3 29
1753 3 29
1754 3 29
1755 3 29
1756 3 29
1757 3 29
1758 3 29
1759 3 29
1760 3 29
1761 3 29
1762 3 29
1763 3 29
1764 3 29
1765 3 29
1766 3 29
1767 3 29
1768 3 29
1769 3 29
1770 3 29
1771 3 29
1772 3 29
1773 3 29
1774 3 29
1775 3 29
1776 3 29
1777 3 29
1778 3 29
1779 3 29
1780 3 29
1781 3 29
1782 3 29
1783 3 29
1784 3 29
1785 3 29
1786 3 29
1787 3 29
1788 3 29
1789 3 29
1790 3 29
1791 3 29
1792 3 29
1793 3 29
1794 3 29
1795 3 29
1796 3 29
1797 3 29
1798 3 29
1799 3 29
1800 3 29
1801 3 29
1802 3 29
1803 3 29
1804 3 29
1805 3 29
1806 3 29
1807 3 29
1808 3 29
1809 4 29
1810 4 29
1811 4 29
1812 4 29
1813 4 29
1814 4 29
1815 4 29
1816 4 29
1817 4 29
1818 4 29
1819 4 29
1820 4 29
1821 4 29
1822 4 29
1823 4 29
1824 4 29
1825 4 29
1826 4 29
1827 4 29
1828 4 28
1829 4 28
1830 4 28
1831 4 28
1832 4 28
1833 4 28
1834 4 28
1835 4 28
1836 4 28
1837 4 28
1838 4 28
1839 4 28
1840 4 28
1841 4 28
1842 4 28
1843 4 28
1844 4 28
1845 4 29
1846 4 28
1847 4 28
1848 4 28
1849 4 28
1850 4 28
1851 4 28
1852 4 28
1853 4 28
1854 4 28
1855 4 28
1856 4 29
1857 4 29
1858 4 29
1859 4 29
1860 4 29
1861 4 29
1862 4 29
1863 4 29
1864 4 29
1865 4 29
1866 4 29
1867 4 29
1868 4 29
1869 4 29
1870 4 29
1871 4 29
1872 4 29
1873 4 28
1874 4 28
1875 4 28
1876 4 28
1877 4 28
1878 4 28
1879 4 28
1880 4 28
1881 4 28
1882 4 28
1883 4 28
1884 4 28
1885 4 28
1886 4 28
1887 4 28
1888 4 28
1889 4 28
1890 4 28
1891 4 28
1892 4 28
1893 4 28
1894 4 28
1895 4 28
1896 4 28
1897 4 28
1898 4 28
1899 4 28
1900 4 28
1901 4 28
1902 4 28
1903 4 28
1904 4 28
1905 4 28
1906 4 28
1907 4 28
1908 4 28
1909 4 28
1910 4 28
1911 4 28
1912 4 28
1913 4 28
1914 4 28
1915 4 28
1916 4 28
1917 4 28
1918 4 28
1919 4 28
1920 4 28
1921 4 28
1922 4 28
1923 4 28
1924 4 28
1925 4 28
1926 4 28
1927 4 28
1928 4 28
1929 4 28
1930 4 28
1931 4 28
1932 4 28
1933 4 28
1934 4 28
1935 4 28
1936 4 28
1937 4 28
1938 4 28
1939 4 28
1940 4 28
1941 4 28
1942 4 28
1943 4 28
1944 4 28
1945 4 28
1946 4 28
1947 4 28
1948 4 28
1949 4 28
1950 4 28
1951 4 28
1952 4 28
1953 4 28
1954 5 28
1955 5 28
1956 5 28
1957 5 28
1958 5 28
1959 5 28
1960 5 28
1961 5 28
1962 5 28
1963 5 28
1964 5 28
1965 5 28
1966 5 28
1967 5 28
1968 5 28
1969 5 28
1970 5 28
1971 5 27
1972 5 27
1973 5 27
1974 5 27
1975 5 27
1976 5 27
1977 5 27
1978 5 27
1979 5 27
1980 5 27
1981 5 27
1982 5 27
1983 5 27
1984 5 27
1985 5 27
1986 5 27
1987 5 27
1988 5 27
1989 5 27
1990 5 27
1991 5 27
1992 5 27
1993 5 27
1994 5 28
1995 5 28
1996 5 28
1997 5 28
1998 5 28
1999 5 28
2000 5 28
2001 5 28
2002 5 28
2003 5 28
2004 5 28
2005 5 28
2006 5 28
2007 5 28
2008 5 28
2009 5 28
2010 5 29
2011 5 28
2012 5 28
2013 5 28
2014 5 28
2015 5 28
2016 5 28
2017 5 28
2018 5 28
2019 5 28
2020 5 28
2021 5 28
2022 5 28
2023 5 28
2024 5 28
2025 5 28
2026 5 28
2027 5 28
2028 5 28
2029 5 28
2030 5 28
2031 5 28
2032 5 28
2033 5 28
2034 5 28
2035 5 28
2036 5 28
2037 5 28
2038 5 28
2039 5 28
2040 5 28
2041 5 28
2042 5 28
2043 5 28
2044 5 28
2045 5 28
2046 5 28
2047 5 28
2048 5 28
2049 5 28
2050 5 28
2051 5 28
2052 5 28
2053 5 28
2054 5 28
2055 5 28
2056 5 28
2057 5 28
2058 5 28
2059 5 28
2060 5 28
2061 5 28
2062 5 28
2063 5 28
2064 5 28
2065 5 28
2066 5 28
2067 5 28
2068 5 28
2069 5 28
2070 5 28
2071 5 28
2072 5 28
2073 5 28
2074 5 28
2075 5 28
2076 5 28
2077 5 28
2078 5 28
2079 5 28
2080 5 28
2081 5 28
2082 5 28
2083 5 28
2084 5 28
2085 5 28
2086 5 28
2087 5 28
2088 5 28
2089 5 28
2090 5 28
2091 5 28
2092 5 28
2093 5 28
2094 5 28
2095 5 28
2096 5 28
2097 5 28
2098 5 28
2099 5 28
2100 5 28
2101 5 28
2102 5 28
2103 5 28
2104 5 28
2105 5 28
2106 5 28
2107 5 28
2108 5 28
2109 5 28
2110 5 28
2111 5 28
2112 5 28
2113 5 28
2114 5 28
2115 5 28
2116 5 28
2117 5 28
2118 5 28
2119 5 28
2120 5 28
2121 5 28
2122 5 28
2123 6 28
2124 6 28
2125 6 28
2126 6 28
2127 6 28
2128 6 28
2129 6 28
2130 6 28
2131 6 28
2132 6 28
2133 6 28
2134 6 28
2135 6 28
2136 6 28
2137 6 28
2138 6 28
2139 6 28
2140 6 28
2141 6 28
2142 6 28
2143 6 28
2144 6 28
2145 6 28
2146 6 28
2147 6 28
2148 6 28
2149 6 28
2150 6 28
2151 6 28
2152 6 28
2153 6 28
2154 6 28
2155 6 28
2156 6 28
2157 6 28
2158 6 28
2159 6 28
2160 6 28
2161 6 28
2162 6 28
2163 6 28
2164 6 28
2165 6 28
2166 6 28
2167 6 28
2168 6 28
2169 6 28
2170 6 28
2171 6 28
2172 6 28
2173 6 28
2174 6 28
2175 6 28
2176 6 28
2177 6 28
2178 6 28
2179 6 28
2180 6 28
2181 6 28
2182 6 28
2183 6 28
2184 6 28
2185 6 28
2186 6 28
2187 6 28
2188 6 28
2189 6 28
2190 6 28
2191 6 28
2192 6 28
2193 6 28
2194 6 28
2195 6 28
2196 6 28
2197 6 28
2198 6 28
2199 6 28
2200 6 28
2201 6 28
2202 6 28
2203 6 28
2204 6 28
2205 6 28
2206 6 28
2207 6 28
2208 6 28
2209 6 28
2210 6 28
2211 6 28
2212 6 28
2213 6 28
2214 6 28
2215 6 28
2216 6 28
2217 6 28
2218 6 28
2219 6 28
2220 6 28
2221 6 28
2222 6 28
2223 6 28
2224 6 28
2225 6 28
2226 6 28
2227 6 28
2228 6 28
2229 6 28
2230 6 28
2231 6 28
2232 6 28
2233 6 28
2234 6 28
2235 6 28
2236 6 28
2237 6 28
2238 6 28
2239 6 28
2240 6 28
2241 6 28
2242 6 27
2243 6 27
2244 7 27
2245 7 27
2246 7 27
2247 7 27
2248 7 27
2249 7 27
2250 7 27
2251 7 27
2252 7 27
2253 7 27
2254 7 27
2255 7 27
2256 7 27
2257 7 27
2258 7 27
2259 7 27
2260 7 27
2261 7 27
2262 7 27
2263 7 27
2264 7 27
2265 7 27
2266 7 27
2267 7 27
2268 7 27
2269 7 27
2270 7 27
2271 7 27
2272 7 27
2273 7 27
2274 7 27
2275 7 27
2276 7 27
2277 7 27
2278 7 27
2279 7 27
2280 7 27
2281 7 27
2282 7 27
2283 7 27
2284 7 27
2285 7 27
2286 7 27
2287 7 27
2288 7 27
2289 7 27
2290 7 27
2291 7 27
2292 7 27
2293 7 27
2294 7 27
2295 7 27
2296 7 27
2297 7 27
2298 7 27
2299 7 27
2300 7 27
2301 7 27
2302 7 27
2303 7 27
2304 7 27
2305 7 27
2306 7 27
2307 7 27
2308 7 27
2309 7 27
2310 7 27
2311 7 27
2312 7 27
2313 7 27
2314 7 27
2315 7 27
2316 7 27
2317 7 27
2318 7 27
2319 7 27
2320 7 27
2321 7 27
2322 7 27
2323 7 27
2324 7 27
2325 7 27
2326 7 27
2327 7 27
2328 7 27
2329 7 27
2330 7 27
2331 7 27
2332 7 27
2333 7 27
2334 7 27
2335 7 27
2336 7 27
2337 7 27
2338 7 27
2339 7 27
2340 7 27
2341 7 27
2342 7 27
2343 7 27
2344 7 27
2345 7 27
2346 8 27
2347 8 27
2348 8 27
2349 8 27
2350 8 27
2351 8 27
2352 8 27
2353 8 27
2354 8 27
2355 8 27
2356 8 27
2357 8 27
2358 8 27
2359 8 26
2360 8 26
2361 8 26
2362 8 26
2363 8 27
2364 8 27
2365 8 27
2366 8 26
2367 8 26
2368 8 26
2369 8 26
2370 8 26
2371 8 26
2372 8 26
2373 8 26
2374 8 26
2375 8 26
2376 8 26
2377 8 26
2378 8 26
2379 8 26
2380 8 26
2381 8 26
2382 8 26
2383 8 26
2384 8 26
2385 8 26
2386 8 26
2387 8 26
2388 8 26
2389 8 26
2390 8 26
2391 8 26
2392 8 26
2393 8 26
2394 8 26
2395 8 26
2396 8 26
2397 8 26
2398 8 26
2399 8 26
2400 8 26
2401 8 26
2402 8 26
2403 8 26
2404 8 26
2405 8 26
2406 8 26
2407 8 26
2408 8 26
2409 8 26
2410 8 26
2411 8 26
2412 8 26
2413 8 26
2414 8 26
2415 8 26
2416 8 26
2417 8 26
2418 8 26
2419 8 26
2420 8 26
2421 8 26
2422 8 26
2423 8 26
2424 8 26
2425 8 26
2426 8 26
2427 8 26
2428 8 26
2429 8 26
2430 8 26
2431 8 26
2432 8 26
2433 8 26
2434 8 26
2435 8 26
2436 8 26
2437 8 26
2438 9 26
2439 9 26
2440 9 26
2441 9 26
2442 9 26
2443 9 26
2444 9 26
2445 9 26
2446 9 26
2447 9 26
2448 9 26
2449 9 26
2450 9 26
2451 9 26
2452 9 26
2453 9 26
2454 9 26
2455 9 26
2456 9 26
2457 9 26
2458 9 26
2459 9 26
2460 9 26
2461 9 26
2462 9 26
2463 9 26
2464 9 26
2465 9 26
2466 9 26
2467 9 26
2468 9 26
2469 9 26
2470 9 26
2471 9 26
2472 9 26
2473 9 26
2474 9 26
2475 9 26
2476 9 26
2477 9 26
2478 9 26
2479 9 26
2480 9 26
2481 9 26
2482 9 26
2483 9 26
2484 9 26
2485 9 26
2486 9 26
2487 9 26
2488 9 26
2489 9 26
2490 9 26
2491 9 25
2492 9 25
2493 9 25
2494 9 25
2495 9 26
2496 9 26
2497 9 26
2498 9 26
2499 9 26
2500 9 26
2501 10 26
2502 10 25
2503 10 25
2504 10 25
2505 10 25
2506 10 25
2507 10 25
2508 10 25
2509 10 25
2510 10 25
2511 10 25
2512 10 25
2513 10 25
2514 10 25
2515 10 25
2516 10 25
2517 10 25
2518 10 25
2519 10 25
2520 10 25
2521 10 25
2522 10 25
2523 10 25
2524 10 25
2525 10 25
2526 10 25
2527 10 25
2528 10 25
2529 10 25
2530 10 25
2531 10 25
2532 10 25
2533 10 25
2534 10 25
2535 10 25
2536 10 25
2537 10 25
2538 10 25
2539 10 25
2540 10 25
2541 10 25
2542 10 25
2543 10 25
2544 10 25
2545 10 25
2546 10 25
2547 10 25
2548 10 25
2549 10 25
2550 10 25
2551 10 25
2552 10 25
2553 10 25
2554 10 25
2555 10 25
2556 10 25
2557 10 25
2558 10 25
2559 10 25
2560 10 25
2561 10 25
2562 10 25
2563 10 25
2564 10 25
2565 10 25
2566 10 25
2567 10 25
2568 10 25
2569 10 25
2570 10 25
2571 10 25
2572 10 25
2573 10 25
2574 10 25
2575 10 25
2576 10 25
2577 11 25
2578 11 25
2579 11 25
2580 11 25
2581 11 25
2582 11 25
2583 11 25
2584 11 25
2585 11 25
2586 11 25
2587 11 25
2588 11 25
2589 11 25
2590 11 25
2591 11 25
2592 11 25
2593 11 25
2594 11 25
2595 11 25
2596 11 25
2597 11 25
2598 11 25
2599 11 25
2600 11 25
2601 11 25
2602 11 25
2603 11 25
2604 11 25
2605 11 25
2606 11 25
2607 11 25
2608 11 25
2609 11 25
2610 11 25
2611 11 25
2612 11 25
2613 11 25
2614 11 25
2615 11 25
2616 11 25
2617 11 25
2618 11 25
2619 11 25
2620 11 24
2621 11 24
2622 11 24
2623 11 24
2624 11 24
2625 11 24
2626 11 24
2627 11 24
2628 11 24
2629 11 24
2630 11 24
2631 11 24
2632 11 24
2633 11 24
2634 11 24
2635 11 24
2636 11 24
2637 12 24
2638 12 24
2639 12 24
2640 12 24
2641 12 24
2642 12 24
2643 12 24
2644 12 24
2645 12 24
2646 12 24
2647 12 24
2648 12 24
2649 12 24
2650 12 24
2651 12 24
2652 12 24
2653 12 24
2654 12 25
2655 12 24
2656 12 24
2657 12 24
2658 12 24
2659 12 24
2660 12 24
2661 12 24
2662 12 24
2663 12 24
2664 12 24
2665 12 24
2666 12 24
2667 12 24
2668 12 24
2669 12 24
2670 12 24
2671 12 24
2672 12 24
2673 12 24
2674 12 24
2675 12 24
2676 12 24
2677 12 24
2678 12 24
2679 12 24
2680 12 24
2681 12 24
2682 12 24
2683 12 24
2684 12 24
2685 13 24
2686 13 24
2687 13 24
2688 13 24
2689 13 24
2690 13 24
2691 13 24
2692 13 24
2693 13 24
2694 13 24
2695 13 24
2696 13 24
2697 13 24
2698 13 24
2699 13 24
2700 13 24
2701 13 24
2702 13 24
2703 13 24
2704 13 24
2705 13 24
2706 13 24
2707 13 24
2708 13 24
2709 13 24
2710 13 24
2711 13 24
2712 13 24
2713 13 24
2714 13 24
2715 13 24
2716 13 24
2717 13 24
2718 13 24
2719 13 24
2720 13 24
2721 13 24
2722 13 24
2723 13 24
2724 13 24
2725 13 24
2726 13 24
2727 13 24
2728 13 24
2729 13 24
2730 13 24
2731 13 24
2732 13 24
2733 13 24
2734 13 24
2735 13 24
2736 13 24
2737 13 24
2738 13 24
2739 13 24
2740 13 24
2741 13 24
2742 13 24
2743 13 24
2744 13 24
2745 13 24
2746 13 24
2747 13 24
2748 13 24
2749 13 24
2750 13 24
2751 13 24
2752 13 24
2753 13 24
2754 13 24
2755 13 24
2756 13 24
2757 13 24
2758 13 24
2759 13 24
2760 13 24
2761 14 24
2762 14 24
2763 14 24
2764 14 24
2765 14 24
2766 14 24
2767 14 24
2768 14 24
2769 14 24
2770 14 24
2771 14 24
2772 14 24
2773 14 24
2774 14 24
2775 14 24
2776 14 24
2777 14 24
2778 14 24
2779 14 24
2780 14 24
2781 14 24
2782 14 23
2783 14 23
2784 15 23
2785 15 24
2786 15 24
2787 15 24
2788 15 23
2789 15 23
2790 15 23
2791 15 23
2792 15 23
2793 15 23
2794 15 23
2795 15 24
2796 15 24
2797 15 24
2798 15 24
2799 15 24
2800 15 24
2801 15 24
2802 15 24
2803 15 24
2804 15 24
2805 15 24
2806 15 23
2807 15 23
2808 15 23
2809 15 23
2810 15 23
2811 15 23
2812 15 23
2813 15 23
2814 15 23
2815 15 23
2816 15 23
2817 15 23
2818 15 23
2819 15 23
2820 16 23
2821 16 23
2822 16 23
2823 16 23
2824 16 23
2825 16 23
2826 16 23
2827 16 23
2828 16 23
2829 16 23
2830 16 23
2831 16 23
2832 16 23
2833 16 23
2834 16 23
2835 16 23
2836 16 23
2837 16 23
2838 16 23
2839 17 23
2840 17 23
2841 17 23
2842 17 23
2843 17 23
2844 17 23
2845 17 23
2846 17 23
2847 17 23
2848 17 23
2849 17 23
2850 17 23
2851 17 23
2852 17 23
2853 17 23
2854 17 23
2855 17 23
2856 17 23
2857 17 23
2858 17 23
2859 17 23
2860 18 23
2861 18 23
2862 18 23
2863 18 23
2864 18 23
2865 18 23
2866 18 23
2867 18 23
2868 18 23
2869 18 23
2870 18 23
2871 18 23
2872 18 23
2873 18 23
2874 18 23
2875 18 23
2876 18 23
2877 18 23
2878 18 23
2879 18 23
2880 18 23
2881 18 23
2882 18 23
2883 18 23
2884 18 23
2885 18 23
2886 18 23
2887 18 23
2888 18 23
2889 18 23
2890 18 23
2891 18 23
2892 18 23
2893 18 23
2894 19 23
2895 19 23
2896 19 23
2897 19 23
2898 19 23
2899 19 23
2900 19 23
2901 19 23
2902 19 23
2903 19 23
2904 19 23
2905 19 23
2906 19 23
2907 19 23
2908 19 23
2909 19 23
2910 19 23
2911 19 23
2912 19 23
2913 20 23
2914 20 23
2915 20 23
2916 20 23
2917 20 23
2918 20 23
2919 20 23
2920 20 23
2921 20 23
2922 20 23
2923 20 23
2924 20 23
2925 20 23
2926 20 23
2927 20 23
2928 20 23
2929 20 23
2930 20 23
2931 20 23
2932 20 23
2933 20 23
2934 20 23
2935 20 23
2936 21 23
2937 21 23
2938 21 23
2939 21 23
2940 21 23
2941 21 23
2942 21 23
2943 21 23
2944 21 23
2945 21 22
2946 21 22
2947 21 22
2948 22 22
2949 22 22
2950 22 22
2951 22 22
2952 22 22
2953 22 22
2954 22 22
2955 22 22
2956 23 22
2957 23 22
2958 23 22
2959 23 22
2960 23 22
2961 23 22
2962 23 22
2963 23 22
2964 23 22
2965 23 22
2966 24 22
2967 24 22
2968 24 22
2969 24 22
2970 24 22
2971 24 22
2972 24 22
2973 24 22
2974 24 22
2975 24 22
2976 24 22
2977 24 22
2978 25 22
2979 25 22
2980 25 22
2981 25 22
2982 25 22
2983 25 22
2984 25 22
2985 25 22
2986 25 22
2987 25 22
2988 25 22
2989 25 22
2990 25 22
2991 25 22
2992 25 22
2993 25 22
2994 25 22
2995 25 22
2996 25 22
2997 25 22
2998 25 22
2999 25 22
3000 25 22
3001 25 22
3002 25 22
3003 25 22
3004 25 22
3005 25 22
3006 26 22
3007 26 22
3008 26 22
3009 26 22
3010 26 22
3011 26 22
3012 26 22
3013 26 22
3014 26 22
3015 26 22
3016 26 22
3017 26 22
3018 26 22
3019 26 22
3020 26 22
3021 26 22
3022 26 22
3023 26 22
3024 26 22
3025 26 22
3026 26 22
3027 26 22
3028 26 22
3029 26 22
3030 26 22
3031 26 22
3032 27 22
3033 27 22
3034 27 22
3035 27 22
3036 27 22
3037 27 22
3038 27 22
3039 27 22
3040 27 22
3041 27 22
3042 27 22
3043 27 22
3044 27 22
3045 27 21
3046 27 21
3047 27 21
3048 27 21
3049 27 21
3050 27 21
3051 27 21
3052 27 21
3053 27 21
3054 27 21
3055 27 21
3056 27 21
3057 27 21
3058 27 21
3059 27 21
3060 27 21
3061 27 21
3062 27 21
3063 27 21
3064 27 21
3065 28 21
3066 28 21
3067 28 21
3068 28 21
3069 28 21
3070 28 21
3071 29 21
3072 29 21
3073 29 21
3074 29 21
3075 29 21
3076 29 21
3077 29 21
3078 29 21
3079 29 21
3080 29 21
3081 30 21
3082 31 21
3083 31 21
3084 31 21
3085 31 21
3086 31 21
3087 31 21
3088 32 21
3089 32 21
3090 32 21
3091 32 21
3092 33 21
3093 33 21
3094 33 21
3095 33 21
3096 33 21
3097 34 21
3098 34 21
3099 34 21
3100 35 21
3101 35 21
3102 35 21
3103 36 21
3104 36 21
3105 36 21
3106 36 21
3107 36 21
3108 36 21
3109 36 21
3110 37 21
3111 37 21
3112 37 21
3113 37 21
3114 37 21
3115 37 21
3116 37 21
3117 37 21
3118 37 21
3119 37 21
3120 38 21
3121 38 21
3122 38 21
3123 39 21
3124 40 21
3125 41 21
3126 41 21
3127 41 21
3128 41 21
3129 41 21
3130 41 21
3131 41 21
3132 41 21
3133 41 21
3134 41 21
3135 41 21
3136 41 21
3137 41 21
3138 41 21
3139 41 21
3140 41 20
3141 41 20
3142 42 20
3143 42 21
3144 42 21
3145 42 20
3146 43 20
3147 43 20
3148 43 20
3149 44 20
3150 44 20
3151 44 20
3152 44 20
3153 45 20
3154 45 20
3155 45 20
3156 45 20
3157 45 20
3158 45 20
3159 45 20
3160 45 20
3161 46 20
3162 46 20
3163 47 20
3164 47 20
3165 47 20
3166 47 20
3167 47 20
3168 47 20
3169 47 20
3170 47 20
3171 47 20
3172 47 20
3173 47 20
3174 47 20
3175 47 20
3176 47 20
3177 47 20
3178 47 20
3179 47 20
3180 47 20
3181 47 20
3182 47 20
3183 47 20
3184 47 20
3185 47 20
3186 47 20
3187 47 20
3188 47 20
3189 47 20
3190 47 20
3191 47 20
3192 47 20
3193 47 20
3194 47 20
3195 47 20
3196 47 20
3197 47 20
3198 47 20
3199 47 20
3200 47 20
3201 48 20
3202 48 20
3203 48 20
3204 49 20
3205 49 20
3206 49 20
3207 50 20
3208 50 20
3209 50 20
3210 50 20
3211 51 20
3212 51 20
3213 51 20
3214 51 20
3215 51 20
3216 51 20
3217 51 20
3218 52 20
3219 53 20
3220 53 20
3221 53 20
3222 53 20
3223 53 20
3224 53 20
3225 53 20
3226 53 20
3227 54 20
3228 54 20
3229 55 20
3230 55 20
3231 55 20
3232 55 20
3233 56 20
3234 56 20
3235 57 20
3236 57 20
3237 57 20
3238 57 20
3239 57 20
3240 57 20
3241 58 20
3242 59 20
3243 60 20
3244 60 20
3245 60 20
3246 60 20
3247 63 20
3248 63 20
3249 64 20
3250 64 20
3251 65 20
3252 67 20
3253 68 20
3254 68 20
3255 69 20
3256 69 20
3257 71 20
3258 71 20
3259 72 20
3260 72 20
3261 72 20
3262 72 20
3263 73 20
3264 73 20
3265 73 20
3266 74 20
3267 74 20
3268 74 20
3269 74 20
3270 75 20
3271 77 20
3272 78 20
3273 81 20
3274 83 20
3275 83 20
3276 83 20
3277 83 20
3278 83 20
3279 83 20
3280 83 20
3281 83 20
3282 83 20
3283 83 20
3284 84 20
3285 95 20
3286 95 20
3287 95 20
3288 95 20
3289 95 20
3290 95 20
3291 95 20
3292 95 20
3293 95 20
3294 95 19
3295 95 19
3296 95 19
3297 95 19
3298 95 19
3299 95 19
3300 95 19
3301 95 19
3302 95 19
3303 95 19
3304 95 19
3305 95 19
3306 95 19
3307 95 19
3308 95 19
3309 95 19
3310 95 19
3311 95 19
3312 95 19
3313 95 19
3314 95 19
3315 95 19
3316 95 19
3317 95 19
3318 96 19
3319 100 19
