0 0 0
1 0 0
2 0 0
3 0 0
4 0 0
5 0 0
6 0 0
7 0 0
8 0 0
9 0 0
10 0 0
11 0 0
12 0 0
13 0 0
14 0 0
15 0 0
16 0 0
17 0 0
18 0 0
19 0 0
20 0 0
21 0 0
22 0 0
23 0 0
24 0 0
25 0 0
26 0 0
27 0 0
28 0 0
29 0 0
30 0 0
31 0 0
32 0 0
33 0 0
34 0 0
35 0 0
36 0 0
37 0 0
38 0 0
39 0 0
40 0 0
41 0 0
42 0 0
43 0 0
44 0 0
45 0 0
46 0 0
47 0 0
48 0 0
49 0 0
50 0 0
51 0 0
52 0 0
53 0 0
54 0 0
55 0 0
56 0 0
57 0 0
58 0 0
59 0 0
60 0 0
61 0 0
62 0 0
63 0 0
64 0 0
65 0 0
66 0 0
67 0 0
68 0 0
69 0 0
70 0 0
71 0 0
72 0 0
73 0 0
74 0 0
75 0 0
76 0 0
77 0 0
78 0 0
79 0 0
80 0 0
81 0 0
82 0 0
83 0 0
84 0 0
85 0 0
86 0 0
87 0 0
88 0 0
89 0 0
90 0 0
91 0 0
92 0 0
93 0 0
94 0 0
95 0 0
96 0 0
97 0 0
98 0 0
99 0 0
100 0 0
101 0 0
102 0 0
103 0 0
104 0 0
105 0 0
106 0 0
107 0 0
108 0 0
109 0 0
110 0 0
111 0 0
112 0 0
113 0 0
114 0 0
115 0 0
116 0 0
117 0 0
118 0 0
119 0 0
120 0 0
121 0 0
122 0 0
123 0 0
124 0 0
125 0 0
126 0 0
127 0 0
128 0 0
129 0 2
130 0 2
131 0 2
132 0 2
133 0 2
134 0 2
135 0 2
136 0 2
137 0 2
138 0 2
139 0 2
140 0 2
141 0 2
142 0 2
143 0 2
144 0 1
145 0 1
146 0 1
147 0 1
148 0 1
149 0 1
150 0 1
151 0 1
152 0 1
153 0 1
154 0 1
155 0 1
156 0 1
157 0 3
158 0 3
159 0 3
160 0 3
161 0 3
162 0 3
163 0 3
164 0 3
165 0 3
166 0 3
167 0 3
168 0 3
169 0 3
170 0 3
171 0 3
172 0 3
173 0 3
174 0 3
175 0 3
176 0 3
177 0 3
178 0 3
179 0 3
180 0 3
181 0 3
182 0 3
183 0 3
184 0 3
185 0 3
186 0 3
187 0 3
188 0 3
189 0 2
190 0 2
191 0 2
192 0 2
193 0 2
194 0 2
195 0 2
196 0 2
197 0 2
198 0 2
199 0 2
200 0 2
201 0 2
202 0 2
203 0 2
204 0 2
205 0 2
206 0 2
207 0 2
208 0 2
209 0 2
210 0 2
211 0 2
212 0 2
213 0 2
214 0 2
215 0 2
216 0 2
217 0 2
218 0 2
219 0 2
220 0 2
221 0 2
222 0 2
223 0 2
224 0 2
225 0 2
226 0 2
227 0 2
228 0 2
229 0 2
230 0 2
231 0 2
232 0 2
233 0 2
234 0 2
235 0 2
236 0 2
237 0 2
238 0 2
239 0 2
240 0 2
241 0 2
242 0 2
243 0 2
244 0 2
245 0 2
246 0 2
247 0 2
248 0 2
249 0 2
250 0 2
251 0 2
252 0 2
253 0 2
254 0 2
255 0 2
256 0 2
257 0 2
258 0 2
259 0 2
260 0 2
261 0 2
262 0 2
263 0 2
264 0 2
265 0 2
266 0 2
267 0 2
268 0 2
269 0 2
270 0 2
271 0 2
272 0 2
273 0 2
274 0 2
275 0 2
276 0 2
277 0 2
278 0 2
279 0 2
280 0 2
281 0 2
282 0 2
283 0 2
284 0 2
285 0 2
286 0 2
287 0 2
288 0 2
289 0 1
290 0 1
291 0 1
292 0 1
293 0 1
294 0 1
295 0 1
296 0 1
297 0 1
298 0 1
299 0 1
300 0 1
301 0 1
302 0 1
303 0 1
304 0 1
305 0 1
306 0 1
307 0 1
308 0 1
309 0 1
310 0 1
311 0 1
312 0 1
313 0 1
314 0 1
315 0 1
316 0 1
317 0 1
318 0 1
319 0 1
320 0 1
321 0 1
322 0 1
323 0 1
324 0 1
325 0 1
326 0 1
327 0 1
328 0 1
329 0 1
330 0 1
331 0 1
332 0 1
333 0 1
334 0 1
335 0 1
336 0 1
337 0 1
338 0 1
339 0 1
340 0 1
341 0 1
342 0 1
343 0 1
344 0 1
345 0 1
346 0 1
347 0 1
348 0 1
349 0 1
350 0 1
351 0 1
352 0 1
353 0 1
354 0 1
355 0 1
356 0 1
357 0 1
358 0 1
359 0 1
360 0 1
361 0 1
362 0 1
363 0 1
364 0 1
365 0 1
366 0 1
367 0 1
368 0 1
369 0 1
370 0 1
371 0 1
372 0 1
373 0 1
374 0 1
375 0 1
376 0 1
377 0 1
378 0 1
379 0 1
380 0 1
381 0 1
382 0 1
383 0 1
384 0 1
385 0 1
386 0 1
387 0 1
388 0 1
389 0 1
390 0 1
391 0 1
392 0 1
393 0 1
394 0 1
395 0 1
396 0 1
397 0 2
398 0 2
399 0 2
400 0 2
401 0 2
402 0 2
403 0 2
404 0 2
405 0 2
406 0 2
407 0 2
408 0 2
409 0 2
410 0 2
411 0 2
412 0 2
413 0 2
414 0 2
415 0 2
416 0 2
417 0 2
418 0 2
419 0 1
420 0 1
421 0 1
422 0 1
423 0 1
424 0 1
425 0 1
426 0 1
427 0 1
428 0 1
429 0 1
430 0 1
431 0 1
432 0 1
433 0 1
434 0 1
435 0 1
436 0 1
437 0 1
438 0 1
439 0 1
440 0 1
441 0 1
442 0 1
443 0 1
444 0 1
445 0 1
446 0 1
447 0 1
448 0 1
449 0 1
450 0 1
451 0 1
452 0 1
453 0 1
454 0 1
455 0 1
456 0 1
457 0 1
458 0 1
459 0 1
460 0 1
461 0 1
462 0 1
463 0 1
464 0 1
465 0 1
466 0 1
467 0 1
468 0 1
469 0 1
470 0 1
471 0 1
472 0 1
473 0 1
474 0 1
475 0 1
476 0 1
477 0 1
478 0 1
479 0 1
480 0 1
481 0 1
482 0 1
483 0 1
484 0 1
485 0 1
486 0 1
487 0 1
488 0 1
489 0 1
490 0 1
491 0 1
492 0 1
493 0 1
494 0 1
495 0 1
496 0 1
497 0 1
498 0 1
499 0 1
500 0 1
501 0 1
502 0 1
503 0 1
504 0 1
505 0 1
506 0 1
507 0 1
508 0 1
509 0 1
510 0 1
511 0 1
512 0 1
513 0 1
514 0 1
515 0 1
516 0 1
517 0 1
518 0 1
519 0 1
520 0 1
521 0 1
522 0 1
523 0 1
524 0 1
525 0 1
526 0 1
527 0 1
528 0 1
529 0 1
530 0 1
531 0 1
532 0 1
533 0 1
534 0 1
535 0 1
536 0 1
537 0 1
538 0 1
539 0 1
540 0 1
541 0 1
542 0 1
543 0 1
544 0 1
545 0 1
546 0 1
547 0 1
548 0 1
549 0 1
550 0 1
551 0 1
552 0 1
553 0 1
554 0 1
555 0 1
556 0 1
557 0 1
558 0 1
559 0 1
560 0 1
561 0 1
562 0 1
563 0 1
564 0 1
565 0 1
566 0 1
567 0 1
568 0 1
569 0 1
570 0 1
571 0 1
572 0 1
573 0 1
574 0 1
575 0 1
576 0 1
577 0 1
578 0 1
579 0 1
580 0 1
581 0 1
582 0 1
583 0 1
584 0 1
585 0 1
586 0 1
587 0 1
588 0 1
589 0 1
590 0 1
591 0 1
592 0 1
593 0 1
594 0 1
595 0 1
596 0 1
597 0 1
598 0 1
599 0 1
600 0 1
601 0 1
602 0 1
603 0 1
604 0 1
605 0 1
606 0 1
607 0 1
608 0 1
609 0 1
610 0 1
611 0 1
612 0 1
613 0 1
614 0 1
615 0 1
616 0 1
617 0 1
618 0 1
619 0 1
620 0 1
621 0 1
622 0 1
623 0 1
624 0 1
625 0 1
626 0 1
627 0 1
628 0 1
629 0 1
630 0 1
631 0 1
632 0 1
633 0 1
634 0 1
635 0 1
636 0 1
637 0 1
638 0 1
639 0 1
640 0 1
641 0 1
642 0 1
643 0 1
644 0 1
645 0 1
646 0 1
647 0 1
648 0 1
649 0 1
650 0 2
651 0 2
652 0 2
653 0 2
654 0 2
655 0 2
656 0 2
657 0 2
658 0 2
659 0 2
660 0 2
661 0 2
662 0 2
663 0 2
664 0 2
665 0 2
666 0 2
667 0 2
668 0 2
669 0 2
670 0 2
671 0 2
672 0 2
673 0 2
674 0 2
675 0 2
676 0 2
677 0 2
678 0 2
679 0 2
680 0 2
681 0 2
682 0 2
683 0 2
684 0 2
685 0 2
686 0 2
687 0 2
688 0 2
689 0 2
690 0 2
691 0 2
692 0 2
693 0 2
694 0 2
695 0 2
696 0 2
697 0 2
698 0 2
699 0 2
700 0 2
701 0 2
702 0 2
703 0 3
704 0 3
705 0 3
706 0 3
707 0 3
708 0 3
709 0 3
710 0 3
711 0 3
712 0 3
713 0 3
714 0 3
715 0 3
716 0 3
717 0 3
718 0 4
719 0 4
720 0 4
721 0 4
722 0 4
723 0 4
724 0 4
725 0 4
726 0 4
727 0 4
728 0 4
729 0 4
730 0 4
731 0 4
732 0 4
733 0 4
734 0 4
735 0 4
736 0 4
737 0 4
738 0 4
739 0 4
740 0 4
741 0 4
742 0 4
743 0 4
744 0 4
745 0 4
746 0 4
747 0 4
748 0 4
749 0 4
750 0 3
751 0 3
752 0 3
753 0 3
754 0 3
755 0 3
756 0 3
757 0 3
758 0 3
759 0 3
760 0 3
761 0 3
762 0 3
763 0 3
764 0 3
765 0 3
766 0 3
767 0 3
768 0 3
769 0 3
770 0 3
771 0 3
772 0 3
773 0 3
774 0 3
775 0 4
776 0 4
777 0 4
778 0 4
779 0 4
780 0 4
781 0 4
782 0 4
783 0 4
784 0 5
785 0 5
786 0 5
787 0 5
788 0 5
789 0 5
790 0 5
791 0 5
792 0 5
793 0 5
794 0 5
795 0 5
796 0 5
797 0 5
798 0 5
799 0 5
800 0 5
801 0 5
802 0 5
803 0 5
804 0 5
805 0 5
806 0 5
807 0 5
808 0 5
809 0 5
810 0 5
811 0 5
812 0 5
813 0 5
814 0 5
815 0 5
816 0 5
817 0 5
818 0 5
819 0 5
820 0 5
821 0 5
822 0 5
823 0 5
824 0 5
825 0 5
826 0 5
827 0 5
828 0 5
829 0 5
830 0 5
831 0 5
832 0 6
833 0 6
834 0 6
835 0 6
836 0 6
837 0 6
838 0 6
839 0 6
840 0 6
841 0 6
842 0 6
843 0 6
844 0 6
845 0 6
846 0 6
847 0 6
848 0 6
849 0 6
850 0 6
851 0 6
852 0 6
853 0 6
854 0 6
855 0 6
856 0 6
857 0 6
858 0 6
859 0 6
860 0 6
861 0 6
862 0 6
863 0 6
864 0 6
865 0 6
866 0 6
867 0 6
868 0 6
869 0 6
870 0 6
871 0 6
872 0 6
873 0 6
874 0 6
875 0 6
876 0 6
877 0 6
878 0 6
879 0 6
880 0 6
881 0 6
882 0 6
883 0 6
884 0 6
885 0 7
886 0 7
887 0 7
888 0 7
889 0 7
890 0 7
891 0 7
892 0 7
893 0 7
894 0 7
895 0 6
896 0 6
897 0 6
898 0 6
899 0 6
900 0 6
901 0 6
902 0 6
903 0 6
904 0 6
905 0 6
906 0 7
907 1 7
908 1 7
909 1 7
910 1 7
911 1 7
912 1 7
913 1 7
914 1 7
915 1 7
916 1 7
917 1 7
918 1 7
919 1 7
920 1 7
921 1 7
922 1 7
923 1 7
924 1 7
925 1 7
926 1 7
927 1 7
928 1 7
929 1 7
930 1 7
931 1 7
932 1 7
933 1 7
934 1 7
935 1 7
936 1 7
937 1 7
938 1 7
939 1 7
940 1 7
941 1 7
942 1 7
943 1 7
944 1 7
945 1 7
946 1 7
947 1 7
948 1 7
949 1 7
950 1 7
951 1 7
952 1 7
953 1 7
954 1 7
955 1 7
956 1 7
957 1 7
958 1 7
959 1 7
960 1 7
961 1 7
962 1 7
963 1 7
964 1 7
965 1 7
966 1 7
967 1 7
968 1 7
969 1 7
970 1 7
971 1 7
972 1 7
973 1 7
974 1 8
975 1 8
976 1 8
977 1 8
978 1 8
979 1 8
980 1 8
981 1 8
982 1 8
983 1 8
984 1 8
985 1 8
986 1 8
987 1 8
988 1 8
989 1 8
990 1 8
991 1 8
992 1 8
993 1 8
994 1 8
995 1 8
996 1 8
997 1 8
998 1 8
999 1 8
1000 1 8
1001 1 8
1002 1 8
1003 1 8
1004 1 8
1005 1 8
1006 1 8
1007 1 8
1008 1 8
1009 1 8
1010 1 8
1011 1 8
1012 1 8
1013 1 8
1014 1 8
1015 1 8
1016 1 8
1017 1 8
1018 1 8
1019 1 8
1020 1 8
1021 1 8
1022 1 8
1023 1 8
1024 1 8
1025 1 8
1026 1 8
1027 1 8
1028 1 8
1029 1 8
1030 1 8
1031 1 8
1032 1 8
1033 1 8
1034 1 8
1035 1 8
1036 1 8
1037 1 8
1038 1 8
1039 1 8
1040 1 8
1041 1 8
1042 1 8
1043 1 9
1044 1 9
1045 1 9
1046 1 9
1047 1 9
1048 1 9
1049 1 9
1050 1 9
1051 1 9
1052 1 9
1053 1 9
1054 1 9
1055 1 9
1056 1 9
1057 1 9
1058 1 9
1059 1 9
1060 1 9
1061 1 9
1062 1 9
1063 1 9
1064 1 9
1065 1 9
1066 1 9
1067 1 9
1068 1 9
1069 1 9
1070 1 9
1071 1 9
1072 1 9
1073 1 9
1074 1 9
1075 1 9
1076 1 9
1077 1 9
1078 1 9
1079 1 9
1080 1 9
1081 1 9
1082 1 9
1083 1 9
1084 1 9
1085 1 9
1086 1 9
1087 1 9
1088 1 9
1089 1 9
1090 1 9
1091 1 9
1092 1 9
1093 1 9
1094 1 9
1095 1 9
1096 1 9
1097 1 9
1098 1 9
1099 1 9
1100 1 9
1101 1 9
1102 1 9
1103 1 9
1104 1 9
1105 1 9
1106 1 9
1107 1 9
1108 1 9
1109 1 9
1110 1 9
1111 1 9
1112 1 9
1113 1 9
1114 1 9
1115 1 9
1116 1 9
1117 1 9
1118 1 9
1119 1 9
1120 1 9
1121 1 9
1122 1 9
1123 1 9
1124 1 9
1125 1 9
1126 1 9
1127 1 9
1128 1 9
1129 1 9
1130 1 9
1131 1 9
1132 1 9
1133 1 9
1134 1 9
1135 1 9
1136 1 9
1137 1 9
1138 1 9
1139 1 9
1140 1 9
1141 1 9
1142 1 9
1143 1 9
1144 1 9
1145 1 10
1146 1 10
1147 1 10
1148 1 10
1149 1 10
1150 1 10
1151 1 10
1152 1 10
1153 1 10
1154 1 10
1155 1 10
1156 1 10
1157 1 10
1158 1 10
1159 1 10
1160 1 10
1161 1 10
1162 1 10
1163 1 10
1164 1 10
1165 1 10
1166 1 10
1167 1 10
1168 1 10
1169 1 10
1170 1 10
1171 1 10
1172 1 10
1173 1 10
1174 1 10
1175 1 10
1176 1 10
1177 1 10
1178 1 10
1179 1 10
1180 1 10
1181 1 10
1182 1 11
1183 1 11
1184 1 11
1185 1 11
1186 1 11
1187 1 11
1188 1 11
1189 1 11
1190 1 11
1191 1 11
1192 1 11
1193 1 11
1194 1 11
1195 1 11
1196 1 11
1197 1 11
1198 1 11
1199 1 11
1200 1 11
1201 1 11
1202 1 11
1203 1 11
1204 1 11
1205 1 11
1206 1 11
1207 1 11
1208 1 11
1209 1 11
1210 1 11
1211 1 11
1212 1 11
1213 1 11
1214 1 11
1215 1 11
1216 1 11
1217 1 11
1218 1 11
1219 1 11
1220 1 11
1221 1 11
1222 1 11
1223 1 11
1224 1 11
1225 1 11
1226 1 11
1227 1 11
1228 1 11
1229 1 11
1230 1 11
1231 1 11
1232 1 11
1233 1 11
1234 1 11
1235 1 11
1236 1 11
1237 1 11
1238 1 11
1239 1 11
1240 1 11
1241 1 11
1242 1 11
1243 1 11
1244 1 11
1245 1 11
1246 1 11
1247 1 11
1248 1 11
1249 1 12
1250 1 12
1251 1 12
1252 1 11
1253 1 11
1254 1 11
1255 1 11
1256 1 11
1257 1 11
1258 1 12
1259 1 12
1260 1 12
1261 1 12
1262 1 12
1263 1 12
1264 1 12
1265 1 12
1266 1 12
1267 1 12
1268 1 12
1269 1 12
1270 1 12
1271 1 12
1272 1 12
1273 1 12
1274 1 12
1275 1 12
1276 1 12
1277 1 12
1278 1 12
1279 1 12
1280 1 12
1281 1 12
1282 1 12
1283 1 12
1284 1 12
1285 1 12
1286 1 12
1287 1 12
1288 1 12
1289 1 12
1290 1 12
1291 1 12
1292 2 12
1293 2 12
1294 2 12
1295 2 12
1296 2 12
1297 2 12
1298 2 12
1299 2 12
1300 2 12
1301 2 12
1302 2 12
1303 2 12
1304 2 12
1305 2 12
1306 2 12
1307 2 12
1308 2 12
1309 2 12
1310 2 12
1311 2 12
1312 2 12
1313 2 12
1314 2 12
1315 2 12
1316 2 12
1317 2 12
1318 2 12
1319 2 12
1320 2 12
1321 2 12
1322 2 12
1323 2 12
1324 2 12
1325 2 12
1326 2 12
1327 2 12
1328 2 12
1329 2 12
1330 2 12
1331 2 12
1332 2 12
1333 2 12
1334 2 12
1335 2 12
1336 2 12
1337 2 12
1338 2 12
1339 2 12
1340 2 12
1341 2 12
1342 2 12
1343 2 12
1344 2 12
1345 2 12
1346 2 12
1347 2 12
1348 2 12
1349 2 12
1350 2 12
1351 2 12
1352 2 12
1353 2 12
1354 2 12
1355 2 13
1356 2 13
1357 2 12
1358 2 12
1359 2 12
1360 2 12
1361 2 13
1362 2 13
1363 2 13
1364 2 13
1365 2 13
1366 2 13
1367 2 13
1368 2 13
1369 2 13
1370 2 13
1371 2 13
1372 2 13
1373 2 13
1374 2 13
1375 2 13
1376 2 13
1377 2 14
1378 2 14
1379 2 13
1380 2 13
1381 2 13
1382 2 13
1383 2 13
1384 2 13
1385 2 13
1386 2 13
1387 2 13
1388 2 13
1389 2 13
1390 2 13
1391 2 13
1392 2 13
1393 2 13
1394 2 13
1395 2 13
1396 2 13
1397 2 13
1398 2 14
1399 2 14
1400 2 14
1401 2 14
1402 2 14
1403 2 14
1404 2 14
1405 2 14
1406 2 14
1407 2 14
1408 2 14
1409 2 14
1410 2 14
1411 2 14
1412 2 14
1413 2 14
1414 2 14
1415 2 14
1416 2 14
1417 2 14
1418 2 14
1419 2 14
1420 2 14
1421 2 14
1422 2 14
1423 2 14
1424 2 14
1425 2 14
1426 2 14
1427 2 14
1428 2 14
1429 2 14
1430 2 14
1431 2 14
1432 2 14
1433 2 14
1434 2 14
1435 2 14
1436 2 14
1437 2 14
1438 2 14
1439 2 14
1440 2 14
1441 2 14
1442 2 14
1443 2 14
1444 2 14
1445 2 14
1446 2 14
1447 2 14
1448 2 14
1449 2 14
1450 2 14
1451 2 14
1452 2 14
1453 2 14
1454 2 14
1455 2 14
1456 2 14
1457 2 14
1458 2 14
1459 2 14
1460 2 14
1461 2 14
1462 2 14
1463 2 14
1464 2 14
1465 2 14
1466 2 14
1467 2 14
1468 2 14
1469 2 14
1470 2 14
1471 2 14
1472 2 14
1473 2 14
1474 2 14
1475 2 14
1476 2 14
1477 2 14
1478 2 14
1479 2 14
1480 2 14
1481 2 14
1482 2 14
1483 2 14
1484 2 14
1485 2 14
1486 2 14
1487 2 14
1488 2 14
1489 2 14
1490 2 14
1491 2 14
1492 2 14
1493 2 14
1494 2 14
1495 2 14
1496 2 15
1497 2 15
1498 2 15
1499 2 15
1500 2 15
1501 2 15
1502 2 15
1503 2 15
1504 2 15
1505 2 15
1506 2 15
1507 2 15
1508 2 15
1509 2 15
1510 2 15
1511 2 15
1512 2 15
1513 2 15
1514 2 15
1515 2 15
1516 2 15
1517 2 15
1518 2 15
1519 2 15
1520 2 15
1521 2 15
1522 2 15
1523 2 15
1524 2 15
1525 2 15
1526 2 15
1527 2 15
1528 2 15
1529 2 15
1530 2 15
1531 2 15
1532 2 15
1533 2 15
1534 2 15
1535 2 15
1536 2 15
1537 2 15
1538 2 15
1539 2 15
1540 2 15
1541 2 15
1542 2 15
1543 2 15
1544 2 15
1545 2 15
1546 2 15
1547 2 15
1548 2 15
1549 2 15
1550 2 15
1551 2 15
1552 2 15
1553 2 15
1554 2 15
1555 2 15
1556 2 15
1557 2 15
1558 2 15
1559 2 15
1560 2 15
1561 2 15
1562 2 15
1563 2 15
1564 2 15
1565 2 15
1566 2 15
1567 2 15
1568 2 15
1569 2 15
1570 2 15
1571 2 16
1572 2 16
1573 2 16
1574 2 16
1575 2 16
1576 2 16
1577 2 16
1578 2 16
1579 2 16
1580 2 16
1581 2 16
1582 2 16
1583 2 16
1584 3 16
1585 3 16
1586 3 16
1587 3 16
1588 3 16
1589 3 16
1590 3 16
1591 3 16
1592 3 16
1593 3 16
1594 3 16
1595 3 16
1596 3 16
1597 3 16
1598 3 16
1599 3 16
1600 3 16
1601 3 16
1602 3 16
1603 3 16
1604 3 16
1605 3 16
1606 3 16
1607 3 16
1608 3 16
1609 3 16
1610 3 16
1611 3 16
1612 3 16
1613 3 16
1614 3 16
1615 3 16
1616 3 16
1617 3 16
1618 3 16
1619 3 16
1620 3 16
1621 3 16
1622 3 16
1623 3 16
1624 3 16
1625 3 16
1626 3 16
1627 3 17
1628 3 17
1629 3 17
1630 3 17
1631 3 17
1632 3 17
1633 3 17
1634 3 17
1635 3 17
1636 3 17
1637 3 17
1638 3 17
1639 3 17
1640 3 17
1641 3 17
1642 3 17
1643 3 17
1644 3 17
1645 3 17
1646 3 17
1647 3 17
1648 3 17
1649 3 17
1650 3 17
1651 3 17
1652 3 17
1653 3 17
1654 3 17
1655 3 17
1656 3 17
1657 3 17
1658 3 17
1659 3 17
1660 3 17
1661 3 17
1662 3 17
1663 3 17
1664 3 17
1665 3 17
1666 3 17
1667 3 17
1668 3 17
1669 3 17
1670 3 17
1671 3 17
1672 3 17
1673 3 17
1674 3 17
1675 3 17
1676 3 17
1677 3 17
1678 3 17
1679 3 17
1680 3 17
1681 3 17
1682 3 17
1683 3 17
1684 3 17
1685 3 17
1686 3 17
1687 3 17
1688 3 17
1689 3 17
1690 3 17
1691 3 17
1692 3 17
1693 3 17
1694 3 17
1695 3 17
1696 3 17
1697 3 17
1698 3 17
1699 3 17
1700 3 17
1701 3 17
1702 3 17
1703 3 17
1704 3 17
1705 3 17
1706 3 17
1707 3 17
1708 3 17
1709 3 17
1710 3 17
1711 3 17
1712 3 17
1713 3 17
1714 3 17
1715 3 17
1716 3 17
1717 3 17
1718 3 17
1719 3 17
1720 3 17
1721 3 17
1722 3 17
1723 3 17
1724 3 17
1725 3 17
1726 3 17
1727 3 17
1728 3 17
1729 3 17
1730 3 17
1731 3 17
1732 3 17
1733 3 17
1734 3 17
1735 3 17
1736 3 17
1737 3 17
1738 3 17
1739 3 17
1740 3 17
1741 3 18
1742 3 18
1743 3 18
1744 3 18
1745 3 18
1746 3 18
1747 3 18
1748 3 18
1749 3 18
1750 3 18
1751 3 18
1752 3 18
1753 3 18
1754 3 18
1755 3 18
1756 3 18
1757 3 18
1758 3 18
1759 3 18
1760 3 18
1761 3 18
1762 3 18
1763 3 18
1764 3 18
1765 3 18
1766 3 18
1767 3 18
1768 3 18
1769 3 18
1770 3 18
1771 3 18
1772 3 18
1773 3 18
1774 3 18
1775 3 18
1776 3 18
1777 3 19
1778 3 19
1779 3 19
1780 3 19
1781 3 19
1782 3 19
1783 3 19
1784 3 19
1785 3 19
1786 3 19
1787 3 19
1788 3 19
1789 3 19
1790 3 19
1791 3 19
1792 3 19
1793 3 19
1794 3 19
1795 3 19
1796 3 19
1797 3 19
1798 3 19
1799 3 19
1800 3 19
1801 3 19
1802 3 19
1803 3 19
1804 3 19
1805 3 19
1806 3 19
1807 3 19
1808 3 19
1809 4 19
1810 4 19
1811 4 19
1812 4 19
1813 4 19
1814 4 19
1815 4 19
1816 4 19
1817 4 19
1818 4 19
1819 4 20
1820 4 20
1821 4 20
1822 4 19
1823 4 20
1824 4 20
1825 4 20
1826 4 20
1827 4 20
1828 4 19
1829 4 19
1830 4 20
1831 4 20
1832 4 20
1833 4 20
1834 4 20
1835 4 20
1836 4 20
1837 4 20
1838 4 20
1839 4 20
1840 4 20
1841 4 20
1842 4 20
1843 4 20
1844 4 20
1845 4 20
1846 4 20
1847 4 20
1848 4 20
1849 4 20
1850 4 20
1851 4 20
1852 4 20
1853 4 20
1854 4 20
1855 4 20
1856 4 20
1857 4 20
1858 4 21
1859 4 21
1860 4 21
1861 4 21
1862 4 21
1863 4 21
1864 4 21
1865 4 21
1866 4 21
1867 4 21
1868 4 21
1869 4 21
1870 4 21
1871 4 21
1872 4 21
1873 4 21
1874 4 21
1875 4 21
1876 4 21
1877 4 21
1878 4 21
1879 4 21
1880 4 21
1881 4 21
1882 4 21
1883 4 21
1884 4 21
1885 4 21
1886 4 21
1887 4 21
1888 4 21
1889 4 21
1890 4 21
1891 4 21
1892 4 21
1893 4 21
1894 4 21
1895 4 21
1896 4 21
1897 4 21
1898 4 22
1899 4 22
1900 4 22
1901 4 22
1902 4 22
1903 4 22
1904 4 22
1905 4 22
1906 4 22
1907 4 22
1908 4 22
1909 4 22
1910 4 22
1911 4 22
1912 4 22
1913 4 22
1914 4 22
1915 4 22
1916 4 22
1917 4 22
1918 4 22
1919 4 22
1920 4 22
1921 4 22
1922 4 22
1923 4 22
1924 4 22
1925 4 22
1926 4 22
1927 4 22
1928 4 22
1929 4 22
1930 4 22
1931 4 23
1932 4 23
1933 4 23
1934 4 23
1935 4 23
1936 4 23
1937 4 23
1938 4 22
1939 4 23
1940 4 23
1941 4 23
1942 4 23
1943 4 23
1944 4 23
1945 4 23
1946 4 23
1947 4 23
1948 4 23
1949 4 23
1950 4 23
1951 4 23
1952 4 23
1953 4 24
1954 5 24
1955 5 24
1956 5 24
1957 5 24
1958 5 24
1959 5 24
1960 5 24
1961 5 24
1962 5 24
1963 5 24
1964 5 24
1965 5 24
1966 5 24
1967 5 24
1968 5 24
1969 5 24
1970 5 24
1971 5 24
1972 5 24
1973 5 24
1974 5 24
1975 5 24
1976 5 24
1977 5 24
1978 5 24
1979 5 24
1980 5 24
1981 5 24
1982 5 24
1983 5 24
1984 5 24
1985 5 24
1986 5 24
1987 5 24
1988 5 24
1989 5 24
1990 5 24
1991 5 24
1992 5 24
1993 5 24
1994 5 24
1995 5 24
1996 5 24
1997 5 24
1998 5 24
1999 5 24
2000 5 24
2001 5 24
2002 5 24
2003 5 24
2004 5 24
2005 5 24
2006 5 23
2007 5 23
2008 5 23
2009 5 23
2010 5 23
2011 5 23
2012 5 23
2013 5 23
2014 5 23
2015 5 23
2016 5 23
2017 5 23
2018 5 24
2019 5 24
2020 5 24
2021 5 23
2022 5 23
2023 5 23
2024 5 23
2025 5 24
2026 5 24
2027 5 24
2028 5 24
2029 5 24
2030 5 24
2031 5 24
2032 5 24
2033 5 24
2034 5 24
2035 5 24
2036 5 24
2037 5 24
2038 5 24
2039 5 24
2040 5 24
2041 5 24
2042 5 24
2043 5 24
2044 5 24
2045 5 24
2046 5 24
2047 5 24
2048 5 24
2049 5 24
2050 5 24
2051 5 24
2052 5 24
2053 5 24
2054 5 24
2055 5 24
2056 5 24
2057 5 24
2058 5 24
2059 5 24
2060 5 24
2061 5 24
2062 5 24
2063 5 24
2064 5 24
2065 5 24
2066 5 24
2067 5 24
2068 5 24
2069 5 25
2070 5 25
2071 5 25
2072 5 25
2073 5 25
2074 5 25
2075 5 25
2076 5 25
2077 5 25
2078 5 25
2079 5 25
2080 5 25
2081 5 25
2082 5 25
2083 5 25
2084 5 25
2085 5 25
2086 5 25
2087 5 25
2088 5 25
2089 5 25
2090 5 25
2091 5 25
2092 5 25
2093 5 25
2094 5 25
2095 5 25
2096 5 25
2097 5 25
2098 5 25
2099 5 25
2100 5 25
2101 5 25
2102 5 25
2103 5 25
2104 5 25
2105 5 25
2106 5 25
2107 5 25
2108 5 25
2109 5 25
2110 5 25
2111 5 25
2112 5 25
2113 5 25
2114 5 25
2115 5 25
2116 5 25
2117 5 25
2118 5 25
2119 5 25
2120 5 25
2121 5 25
2122 5 25
2123 6 25
2124 6 25
2125 6 25
2126 6 25
2127 6 25
2128 6 25
2129 6 26
2130 6 26
2131 6 26
2132 6 26
2133 6 26
2134 6 26
2135 6 26
2136 6 26
2137 6 26
2138 6 26
2139 6 26
2140 6 26
2141 6 26
2142 6 26
2143 6 26
2144 6 26
2145 6 26
2146 6 26
2147 6 26
2148 6 26
2149 6 26
2150 6 26
2151 6 26
2152 6 26
2153 6 26
2154 6 26
2155 6 26
2156 6 26
2157 6 26
2158 6 26
2159 6 26
2160 6 26
2161 6 26
2162 6 26
2163 6 26
2164 6 26
2165 6 26
2166 6 26
2167 6 26
2168 6 26
2169 6 26
2170 6 26
2171 6 26
2172 6 26
2173 6 26
2174 6 26
2175 6 26
2176 6 26
2177 6 26
2178 6 26
2179 6 26
2180 6 26
2181 6 26
2182 6 26
2183 6 27
2184 6 27
2185 6 27
2186 6 27
2187 6 27
2188 6 27
2189 6 27
2190 6 27
2191 6 27
2192 6 27
2193 6 27
2194 6 27
2195 6 27
2196 6 27
2197 6 27
2198 6 27
2199 6 27
2200 6 27
2201 6 27
2202 6 27
2203 6 27
2204 6 27
2205 6 27
2206 6 27
2207 6 27
2208 6 27
2209 6 27
2210 6 27
2211 6 27
2212 6 27
2213 6 27
2214 6 27
2215 6 27
2216 6 27
2217 6 27
2218 6 27
2219 6 27
2220 6 27
2221 6 27
2222 6 27
2223 6 27
2224 6 27
2225 6 27
2226 6 27
2227 6 27
2228 6 27
2229 6 27
2230 6 27
2231 6 27
2232 6 27
2233 6 27
2234 6 27
2235 6 27
2236 6 27
2237 6 27
2238 6 27
2239 6 27
2240 6 27
2241 6 27
2242 6 27
2243 6 27
2244 7 27
2245 7 27
2246 7 27
2247 7 27
2248 7 27
2249 7 27
2250 7 26
2251 7 27
2252 7 27
2253 7 27
2254 7 27
2255 7 27
2256 7 27
2257 7 27
2258 7 27
2259 7 27
2260 7 27
2261 7 27
2262 7 27
2263 7 27
2264 7 27
2265 7 27
2266 7 27
2267 7 27
2268 7 27
2269 7 27
2270 7 27
2271 7 27
2272 7 27
2273 7 27
2274 7 27
2275 7 27
2276 7 27
2277 7 27
2278 7 27
2279 7 27
2280 7 27
2281 7 27
2282 7 27
2283 7 27
2284 7 27
2285 7 27
2286 7 28
2287 7 28
2288 7 28
2289 7 28
2290 7 28
2291 7 28
2292 7 28
2293 7 28
2294 7 28
2295 7 28
2296 7 28
2297 7 28
2298 7 28
2299 7 28
2300 7 28
2301 7 28
2302 7 28
2303 7 28
2304 7 28
2305 7 28
2306 7 28
2307 7 28
2308 7 28
2309 7 28
2310 7 28
2311 7 28
2312 7 28
2313 7 28
2314 7 28
2315 7 28
2316 7 28
2317 7 28
2318 7 28
2319 7 28
2320 7 28
2321 7 28
2322 7 28
2323 7 28
2324 7 28
2325 7 28
2326 7 28
2327 7 28
2328 7 28
2329 7 28
2330 7 28
2331 7 28
2332 7 28
2333 7 28
2334 7 28
2335 7 28
2336 7 28
2337 7 28
2338 7 28
2339 7 28
2340 7 28
2341 7 28
2342 7 28
2343 7 28
2344 7 28
2345 7 28
2346 8 28
2347 8 28
2348 8 28
2349 8 28
2350 8 28
2351 8 28
2352 8 28
2353 8 28
2354 8 28
2355 8 28
2356 8 28
2357 8 28
2358 8 28
2359 8 28
2360 8 28
2361 8 28
2362 8 28
2363 8 28
2364 8 28
2365 8 28
2366 8 28
2367 8 28
2368 8 28
2369 8 28
2370 8 28
2371 8 28
2372 8 28
2373 8 28
2374 8 28
2375 8 28
2376 8 28
2377 8 28
2378 8 28
2379 8 28
2380 8 28
2381 8 28
2382 8 28
2383 8 28
2384 8 28
2385 8 28
2386 8 28
2387 8 28
2388 8 28
2389 8 28
2390 8 28
2391 8 28
2392 8 28
2393 8 28
2394 8 28
2395 8 29
2396 8 29
2397 8 29
2398 8 29
2399 8 29
2400 8 29
2401 8 29
2402 8 29
2403 8 29
2404 8 29
2405 8 29
2406 8 29
2407 8 29
2408 8 29
2409 8 29
2410 8 29
2411 8 29
2412 8 29
2413 8 29
2414 8 29
2415 8 29
2416 8 29
2417 8 29
2418 8 29
2419 8 29
2420 8 29
2421 8 29
2422 8 29
2423 8 29
2424 8 29
2425 8 29
2426 8 29
2427 8 29
2428 8 29
2429 8 29
2430 8 29
2431 8 29
2432 8 29
2433 8 29
2434 8 29
2435 8 29
2436 8 29
2437 8 29
2438 9 29
2439 9 29
2440 9 29
2441 9 29
2442 9 29
2443 9 29
2444 9 29
2445 9 29
2446 9 29
2447 9 29
2448 9 29
2449 9 29
2450 9 29
2451 9 29
2452 9 29
2453 9 29
2454 9 29
2455 9 29
2456 9 29
2457 9 30
2458 9 29
2459 9 29
2460 9 29
2461 9 29
2462 9 29
2463 9 29
2464 9 29
2465 9 29
2466 9 29
2467 9 29
2468 9 29
2469 9 29
2470 9 29
2471 9 29
2472 9 29
2473 9 29
2474 9 29
2475 9 29
2476 9 29
2477 9 29
2478 9 29
2479 9 29
2480 9 29
2481 9 29
2482 9 29
2483 9 29
2484 9 29
2485 9 29
2486 9 29
2487 9 29
2488 9 29
2489 9 29
2490 9 29
2491 9 29
2492 9 29
2493 9 29
2494 9 29
2495 9 29
2496 9 30
2497 9 30
2498 9 30
2499 9 30
2500 9 30
2501 10 30
2502 10 30
2503 10 30
2504 10 30
2505 10 30
2506 10 30
2507 10 30
2508 10 30
2509 10 30
2510 10 30
2511 10 30
2512 10 30
2513 10 30
2514 10 30
2515 10 30
2516 10 30
2517 10 30
2518 10 30
2519 10 30
2520 10 30
2521 10 30
2522 10 30
2523 10 30
2524 10 30
2525 10 30
2526 10 30
2527 10 30
2528 10 30
2529 10 30
2530 10 30
2531 10 30
2532 10 30
2533 10 30
2534 10 30
2535 10 30
2536 10 30
2537 10 30
2538 10 30
2539 10 30
2540 10 30
2541 10 30
2542 10 30
2543 10 30
2544 10 30
2545 10 30
2546 10 30
2547 10 30
2548 10 30
2549 10 30
2550 10 30
2551 10 30
2552 10 30
2553 10 30
2554 10 30
2555 10 30
2556 10 30
2557 10 30
2558 10 30
2559 10 30
2560 10 30
2561 10 30
2562 10 30
2563 10 30
2564 10 30
2565 10 30
2566 10 30
2567 10 30
2568 10 30
2569 10 30
2570 10 30
2571 10 30
2572 10 30
2573 10 30
2574 10 30
2575 10 30
2576 10 30
2577 11 30
2578 11 30
2579 11 30
2580 11 30
2581 11 30
2582 11 30
2583 11 30
2584 11 30
2585 11 30
2586 11 30
2587 11 30
2588 11 30
2589 11 31
2590 11 31
2591 11 31
2592 11 31
2593 11 30
2594 11 30
2595 11 30
2596 11 30
2597 11 30
2598 11 30
2599 11 30
2600 11 30
2601 11 30
2602 11 30
2603 11 31
2604 11 31
2605 11 31
2606 11 31
2607 11 31
2608 11 31
2609 11 31
2610 11 31
2611 11 31
2612 11 31
2613 11 31
2614 11 31
2615 11 31
2616 11 31
2617 11 31
2618 11 31
2619 11 31
2620 11 31
2621 11 31
2622 11 31
2623 11 31
2624 11 31
2625 11 31
2626 11 31
2627 11 31
2628 11 31
2629 11 31
2630 11 31
2631 11 31
2632 11 31
2633 11 31
2634 11 31
2635 11 31
2636 11 31
2637 12 31
2638 12 31
2639 12 31
2640 12 31
2641 12 31
2642 12 31
2643 12 31
2644 12 31
2645 12 31
2646 12 31
2647 12 31
2648 12 32
2649 12 32
2650 12 32
2651 12 32
2652 12 32
2653 12 32
2654 12 32
2655 12 32
2656 12 32
2657 12 32
2658 12 32
2659 12 32
2660 12 32
2661 12 32
2662 12 32
2663 12 32
2664 12 32
2665 12 32
2666 12 32
2667 12 32
2668 12 32
2669 12 32
2670 12 32
2671 12 32
2672 12 32
2673 12 32
2674 12 32
2675 12 32
2676 12 32
2677 12 32
2678 12 32
2679 12 32
2680 12 32
2681 12 32
2682 12 32
2683 12 32
2684 12 32
2685 13 32
2686 13 32
2687 13 32
2688 13 32
2689 13 32
2690 13 32
2691 13 32
2692 13 32
2693 13 32
2694 13 32
2695 13 32
2696 13 32
2697 13 32
2698 13 32
2699 13 32
2700 13 32
2701 13 32
2702 13 32
2703 13 32
2704 13 32
2705 13 32
2706 13 32
2707 13 32
2708 13 32
2709 13 32
2710 13 32
2711 13 32
2712 13 32
2713 13 32
2714 13 32
2715 13 32
2716 13 32
2717 13 32
2718 13 32
2719 13 32
2720 13 32
2721 13 32
2722 13 32
2723 13 32
2724 13 32
2725 13 32
2726 13 32
2727 13 32
2728 13 32
2729 13 32
2730 13 32
2731 13 32
2732 13 32
2733 13 32
2734 13 32
2735 13 32
2736 13 32
2737 13 32
2738 13 32
2739 13 32
2740 13 32
2741 13 32
2742 13 32
2743 13 32
2744 13 32
2745 13 32
2746 13 32
2747 13 32
2748 13 32
2749 13 32
2750 13 32
2751 13 32
2752 13 32
2753 13 32
2754 13 32
2755 13 32
2756 13 32
2757 13 32
2758 13 32
2759 13 32
2760 13 32
2761 14 32
2762 14 32
2763 14 32
2764 14 32
2765 14 32
2766 14 32
2767 14 32
2768 14 32
2769 14 32
2770 14 32
2771 14 32
2772 14 32
2773 14 32
2774 14 32
2775 14 33
2776 14 32
2777 14 32
2778 14 33
2779 14 33
2780 14 33
2781 14 32
2782 14 32
2783 14 33
2784 15 33
2785 15 33
2786 15 33
2787 15 33
2788 15 33
2789 15 33
2790 15 33
2791 15 33
2792 15 33
2793 15 33
2794 15 33
2795 15 33
2796 15 33
2797 15 33
2798 15 33
2799 15 33
2800 15 33
2801 15 33
2802 15 33
2803 15 33
2804 15 33
2805 15 33
2806 15 33
2807 15 33
2808 15 33
2809 15 33
2810 15 33
2811 15 33
2812 15 33
2813 15 33
2814 15 33
2815 15 32
2816 15 33
2817 15 33
2818 15 33
2819 15 33
2820 16 33
2821 16 33
2822 16 33
2823 16 33
2824 16 33
2825 16 33
2826 16 33
2827 16 33
2828 16 33
2829 16 33
2830 16 33
2831 16 33
2832 16 33
2833 16 33
2834 16 33
2835 16 33
2836 16 33
2837 16 33
2838 16 33
2839 17 33
2840 17 33
2841 17 33
2842 17 33
2843 17 33
2844 17 33
2845 17 33
2846 17 33
2847 17 33
2848 17 33
2849 17 33
2850 17 34
2851 17 34
2852 17 34
2853 17 34
2854 17 34
2855 17 34
2856 17 34
2857 17 34
2858 17 34
2859 17 34
2860 18 34
2861 18 34
2862 18 34
2863 18 34
2864 18 34
2865 18 34
2866 18 34
2867 18 34
2868 18 34
2869 18 34
2870 18 34
2871 18 34
2872 18 34
2873 18 34
2874 18 34
2875 18 34
2876 18 34
2877 18 34
2878 18 34
2879 18 34
2880 18 34
2881 18 34
2882 18 34
2883 18 34
2884 18 34
2885 18 34
2886 18 34
2887 18 34
2888 18 34
2889 18 34
2890 18 34
2891 18 34
2892 18 34
2893 18 34
2894 19 34
2895 19 34
2896 19 34
2897 19 34
2898 19 34
2899 19 34
2900 19 34
2901 19 34
2902 19 34
2903 19 34
2904 19 34
2905 19 34
2906 19 34
2907 19 34
2908 19 34
2909 19 34
2910 19 34
2911 19 34
2912 19 34
2913 20 35
2914 20 35
2915 20 35
2916 20 35
2917 20 35
2918 20 35
2919 20 35
2920 20 35
2921 20 35
2922 20 35
2923 20 35
2924 20 35
2925 20 35
2926 20 35
2927 20 35
2928 20 35
2929 20 35
2930 20 35
2931 20 35
2932 20 35
2933 20 35
2934 20 35
2935 20 35
2936 21 35
2937 21 35
2938 21 35
2939 21 35
2940 21 35
2941 21 35
2942 21 35
2943 21 35
2944 21 35
2945 21 35
2946 21 35
2947 21 35
2948 22 35
2949 22 35
2950 22 35
2951 22 35
2952 22 35
2953 22 35
2954 22 35
2955 22 35
2956 23 35
2957 23 35
2958 23 35
2959 23 35
2960 23 35
2961 23 35
2962 23 35
2963 23 35
2964 23 36
2965 23 36
2966 24 36
2967 24 36
2968 24 36
2969 24 36
2970 24 36
2971 24 36
2972 24 36
2973 24 36
2974 24 36
2975 24 36
2976 24 36
2977 24 36
2978 25 36
2979 25 36
2980 25 36
2981 25 36
2982 25 36
2983 25 36
2984 25 36
2985 25 36
2986 25 36
2987 25 36
2988 25 36
2989 25 36
2990 25 36
2991 25 36
2992 25 36
2993 25 36
2994 25 36
2995 25 36
2996 25 36
2997 25 36
2998 25 36
2999 25 36
3000 25 36
3001 25 36
3002 25 36
3003 25 36
3004 25 36
3005 25 36
3006 26 36
3007 26 36
3008 26 36
3009 26 36
3010 26 36
3011 26 36
3012 26 36
3013 26 36
3014 26 36
3015 26 36
3016 26 36
3017 26 36
3018 26 36
3019 26 36
3020 26 35
3021 26 35
3022 26 35
3023 26 35
3024 26 36
3025 26 36
3026 26 36
3027 26 36
3028 26 36
3029 26 36
3030 26 36
3031 26 36
3032 27 36
3033 27 36
3034 27 36
3035 27 36
3036 27 36
3037 27 36
3038 27 36
3039 27 36
3040 27 35
3041 27 35
3042 27 35
3043 27 35
3044 27 35
3045 27 35
3046 27 35
3047 27 35
3048 27 35
3049 27 35
3050 27 35
3051 27 35
3052 27 35
3053 27 35
3054 27 35
3055 27 35
3056 27 35
3057 27 35
3058 27 35
3059 27 35
3060 27 35
3061 27 35
3062 27 35
3063 27 35
3064 27 35
3065 28 35
3066 28 35
3067 28 35
3068 28 35
3069 28 35
3070 28 35
3071 29 35
3072 29 35
3073 29 35
3074 29 35
3075 29 35
3076 29 35
3077 29 35
3078 29 35
3079 29 35
3080 29 35
3081 30 35
3082 31 35
3083 31 35
3084 31 35
3085 31 35
3086 31 35
3087 31 35
3088 32 36
3089 32 36
3090 32 36
3091 32 36
3092 33 36
3093 33 36
3094 33 36
3095 33 36
3096 33 36
3097 34 36
3098 34 36
3099 34 36
3100 35 36
3101 35 36
3102 35 36
3103 36 36
3104 36 36
3105 36 36
3106 36 36
3107 36 36
3108 36 36
3109 36 36
3110 37 36
3111 37 36
3112 37 36
3113 37 36
3114 37 36
3115 37 36
3116 37 36
3117 37 36
3118 37 36
3119 37 36
3120 38 36
3121 38 36
3122 38 36
3123 39 37
3124 40 37
3125 41 37
3126 41 37
3127 41 37
3128 41 37
3129 41 37
3130 41 37
3131 41 37
3132 41 37
3133 41 37
3134 41 37
3135 41 37
3136 41 37
3137 41 37
3138 41 37
3139 41 37
3140 41 37
3141 41 37
3142 42 36
3143 42 36
3144 42 36
3145 42 37
3146 43 37
3147 43 37
3148 43 37
3149 44 37
3150 44 37
3151 44 37
3152 44 37
3153 45 37
3154 45 37
3155 45 37
3156 45 37
3157 45 37
3158 45 37
3159 45 37
3160 45 37
3161 46 37
3162 46 37
3163 47 37
3164 47 37
3165 47 37
3166 47 37
3167 47 37
3168 47 37
3169 47 37
3170 47 37
3171 47 37
3172 47 37
3173 47 37
3174 47 37
3175 47 37
3176 47 37
3177 47 37
3178 47 37
3179 47 37
3180 47 37
3181 47 37
3182 47 37
3183 47 37
3184 47 37
3185 47 37
3186 47 37
3187 47 37
3188 47 37
3189 47 37
3190 47 37
3191 47 36
3192 47 36
3193 47 36
3194 47 36
3195 47 36
3196 47 36
3197 47 36
3198 47 36
3199 47 36
3200 47 36
3201 48 36
3202 48 36
3203 48 36
3204 49 37
3205 49 37
3206 49 37
3207 50 37
3208 50 37
3209 50 37
3210 50 37
3211 51 37
3212 51 37
3213 51 37
3214 51 37
3215 51 37
3216 51 37
3217 51 37
3218 52 37
3219 53 37
3220 53 37
3221 53 37
3222 53 37
3223 53 37
3224 53 37
3225 53 37
3226 53 37
3227 54 37
3228 54 37
3229 55 37
3230 55 37
3231 55 37
3232 55 37
3233 56 37
3234 56 37
3235 57 37
3236 57 37
3237 57 37
3238 57 37
3239 57 37
3240 57 37
3241 58 37
3242 59 37
3243 60 37
3244 60 37
3245 60 37
3246 60 38
3247 63 38
3248 63 38
3249 64 38
3250 64 38
3251 65 38
3252 67 38
3253 68 38
3254 68 38
3255 69 38
3256 69 38
3257 71 38
3258 71 38
3259 72 38
3260 72 38
3261 72 38
3262 72 38
3263 73 38
3264 73 38
3265 73 38
3266 74 38
3267 74 38
3268 74 38
3269 74 38
3270 75 38
3271 77 38
3272 78 38
3273 81 38
3274 83 38
3275 83 38
3276 83 38
3277 83 38
3278 83 38
3279 83 38
3280 83 38
3281 83 38
3282 83 38
3283 83 38
3284 84 38
3285 95 38
3286 95 38
3287 95 38
3288 95 38
3289 95 38
3290 95 38
3291 95 38
3292 95 38
3293 95 38
3294 95 38
3295 95 38
3296 95 38
3297 95 38
3298 95 38
3299 95 38
3300 95 38
3301 95 38
3302 95 38
3303 95 38
3304 95 38
3305 95 38
3306 95 38
3307 95 38
3308 95 38
3309 95 38
3310 95 38
3311 95 38
3312 95 38
3313 95 38
3314 95 38
3315 95 38
3316 95 38
3317 95 38
3318 96 38
3319 100 37
