0 0 100
1 0 100
2 0 100
3 0 100
4 0 50
5 0 50
6 0 50
7 0 50
8 0 33
9 0 25
10 0 25
11 0 20
12 0 20
13 0 16
14 0 14
15 0 14
16 0 12
17 0 12
18 0 11
19 0 11
20 0 10
21 0 9
22 0 8
23 0 8
24 0 8
25 0 7
26 0 7
27 0 7
28 0 7
29 0 7
30 0 7
31 0 6
32 0 6
33 0 6
34 0 5
35 0 5
36 0 5
37 0 5
38 0 5
39 0 5
40 0 5
41 0 5
42 0 5
43 0 5
44 0 5
45 0 5
46 0 5
47 0 5
48 0 4
49 0 4
50 0 4
51 0 4
52 0 4
53 0 4
54 0 4
55 0 4
56 0 4
57 0 4
58 0 3
59 0 3
60 0 3
61 0 3
62 0 3
63 0 3
64 0 6
65 0 6
66 0 6
67 0 6
68 0 5
69 0 8
70 0 8
71 0 8
72 0 7
73 0 7
74 0 7
75 0 7
76 0 7
77 0 7
78 0 7
79 0 7
80 0 7
81 0 7
82 0 7
83 0 7
84 0 7
85 0 7
86 0 7
87 0 7
88 0 7
89 0 7
90 0 7
91 0 7
92 0 6
93 0 6
94 0 6
95 0 6
96 0 6
97 0 6
98 0 6
99 0 6
100 0 6
101 0 6
102 0 6
103 0 6
104 0 6
105 0 6
106 0 6
107 0 6
108 0 6
109 0 6
110 0 6
111 0 6
112 0 6
113 0 6
114 0 5
115 0 5
116 0 5
117 0 5
118 0 5
119 0 5
120 0 5
121 0 5
122 0 5
123 0 5
124 0 5
125 0 5
126 0 5
127 0 5
128 0 6
129 0 6
130 0 6
131 0 6
132 0 6
133 0 8
134 0 8
135 0 8
136 0 8
137 0 8
138 0 8
139 0 8
140 0 8
141 0 8
142 0 8
143 0 8
144 0 8
145 0 7
146 0 7
147 0 7
148 0 7
149 0 7
150 0 7
151 0 7
152 0 7
153 0 7
154 0 7
155 0 7
156 0 7
157 0 7
158 0 7
159 0 7
160 0 7
161 0 7
162 0 7
163 0 7
164 0 7
165 0 8
166 0 9
167 0 9
168 0 9
169 0 10
170 0 10
171 0 10
172 0 11
173 0 11
174 0 12
175 0 12
176 0 12
177 0 13
178 0 13
179 0 13
180 0 13
181 0 13
182 0 13
183 0 13
184 0 13
185 0 13
186 0 13
187 0 13
188 0 13
189 0 13
190 0 12
191 0 12
192 0 12
193 0 12
194 0 12
195 0 12
196 0 13
197 0 13
198 0 13
199 0 13
200 0 13
201 0 14
202 0 14
203 0 14
204 0 14
205 0 13
206 0 13
207 0 13
208 0 13
209 0 13
210 0 13
211 0 13
212 0 13
213 0 13
214 0 13
215 0 13
216 0 13
217 0 14
218 0 14
219 0 14
220 0 14
221 0 14
222 0 15
223 0 16
224 0 17
225 0 18
226 0 18
227 0 18
228 0 18
229 0 18
230 0 18
231 0 18
232 0 18
233 0 18
234 0 18
235 0 18
236 0 18
237 0 18
238 0 18
239 0 18
240 0 18
241 0 17
242 0 17
243 0 17
244 0 17
245 0 18
246 0 18
247 0 18
248 0 18
249 0 18
250 0 18
251 0 18
252 0 18
253 0 18
254 0 18
255 0 18
256 0 17
257 0 17
258 0 17
259 0 17
260 0 17
261 0 17
262 0 17
263 0 17
264 0 17
265 0 17
266 0 17
267 0 17
268 0 17
269 0 18
270 0 18
271 0 18
272 0 18
273 0 17
274 0 17
275 0 17
276 0 18
277 0 18
278 0 18
279 0 19
280 0 19
281 0 19
282 0 19
283 0 19
284 0 19
285 0 19
286 0 20
287 0 20
288 0 19
289 0 19
290 0 20
291 0 20
292 0 20
293 0 21
294 0 21
295 0 22
296 0 21
297 0 21
298 0 22
299 0 22
300 0 22
301 0 22
302 0 22
303 0 22
304 0 22
305 0 22
306 0 22
307 0 22
308 0 22
309 0 22
310 0 23
311 0 23
312 0 23
313 0 23
314 0 23
315 0 24
316 0 24
317 0 24
318 0 24
319 0 24
320 0 24
321 0 25
322 0 25
323 0 24
324 0 25
325 0 25
326 0 25
327 0 25
328 0 25
329 0 24
330 0 24
331 0 24
332 0 24
333 0 25
334 0 25
335 0 25
336 0 25
337 0 26
338 0 26
339 0 25
340 0 26
341 0 26
342 0 26
343 0 27
344 0 27
345 0 26
346 0 26
347 0 26
348 0 26
349 0 26
350 0 26
351 0 26
352 0 26
353 0 26
354 0 26
355 0 26
356 0 26
357 0 26
358 0 26
359 0 26
360 0 26
361 0 26
362 0 26
363 0 27
364 0 27
365 0 27
366 0 27
367 0 27
368 0 27
369 0 27
370 0 27
371 0 27
372 0 27
373 0 27
374 0 27
375 0 27
376 0 27
377 0 27
378 0 28
379 0 28
380 0 28
381 0 28
382 0 29
383 0 29
384 0 29
385 0 30
386 0 30
387 1 30
388 1 30
389 1 31
390 1 31
391 1 31
392 1 31
393 1 31
394 1 31
395 1 31
396 1 32
397 1 32
398 1 32
399 1 33
400 1 32
401 1 33
402 1 33
403 1 33
404 1 33
405 1 33
406 1 33
407 1 33
408 1 33
409 1 33
410 1 34
411 1 34
412 1 34
413 1 35
414 1 35
415 1 35
416 1 36
417 1 36
418 1 36
419 1 36
420 1 36
421 1 37
422 1 37
423 1 37
424 1 37
425 1 37
426 1 37
427 1 37
428 1 37
429 1 37
430 1 37
431 1 37
432 1 38
433 1 38
434 1 38
435 1 38
436 1 38
437 1 38
438 1 38
439 1 38
440 1 38
441 1 39
442 1 39
443 1 39
444 1 39
445 1 39
446 1 39
447 1 39
448 1 39
449 1 39
450 1 39
451 1 39
452 1 39
453 1 39
454 1 40
455 1 40
456 1 40
457 1 40
458 1 40
459 1 40
460 1 40
461 1 41
462 1 41
463 1 41
464 1 41
465 1 41
466 1 41
467 1 41
468 1 41
469 1 41
470 1 41
471 1 42
472 1 42
473 1 41
474 1 41
475 1 41
476 1 41
477 1 41
478 1 42
479 1 42
480 1 42
481 1 42
482 1 42
483 1 42
484 1 42
485 1 42
486 1 42
487 1 42
488 1 43
489 1 42
490 1 43
491 1 42
492 1 43
493 1 43
494 1 43
495 1 43
496 1 43
497 1 44
498 1 44
499 1 44
500 1 44
501 1 44
502 1 44
503 1 43
504 1 43
505 2 44
506 2 44
507 2 44
508 2 44
509 2 44
510 2 44
511 2 44
512 2 44
513 2 44
514 2 44
515 2 44
516 2 44
517 2 44
518 2 45
519 2 45
520 2 45
521 2 45
522 2 45
523 2 45
524 2 45
525 2 45
526 2 45
527 2 45
528 2 45
529 2 45
530 2 45
531 2 45
532 2 45
533 2 46
534 2 46
535 2 46
536 2 46
537 2 46
538 2 46
539 2 46
540 2 47
541 2 47
542 2 47
543 2 47
544 2 47
545 2 47
546 2 47
547 2 47
548 2 47
549 2 47
550 2 47
551 2 47
552 2 47
553 2 47
554 2 47
555 2 47
556 2 47
557 2 47
558 2 47
559 2 47
560 2 48
561 2 48
562 2 48
563 2 48
564 2 48
565 2 48
566 2 48
567 2 48
568 2 48
569 2 48
570 2 48
571 2 48
572 3 49
573 3 48
574 3 49
575 3 49
576 3 49
577 3 49
578 3 49
579 3 49
580 3 49
581 3 49
582 3 49
583 3 49
584 3 49
585 3 49
586 3 49
587 3 49
588 3 49
589 3 49
590 3 49
591 3 49
592 3 49
593 3 49
594 3 49
595 3 49
596 3 49
597 4 49
598 4 49
599 4 50
600 4 50
601 4 50
602 4 50
603 4 50
604 4 50
605 4 50
606 4 50
607 4 50
608 4 50
609 4 50
610 5 50
611 5 50
612 5 50
613 5 50
614 5 50
615 5 50
616 5 51
617 5 51
618 5 51
619 5 51
620 5 51
621 6 51
622 6 51
623 6 51
624 6 51
625 7 51
626 7 51
627 7 51
628 7 51
629 9 51
630 10 51
631 12 51
632 12 52
633 62 52
634 62 52
635 69 52
636 81 52
637 94 52
638 100 52
