0 0 0
1 0 0
2 0 0
3 0 0
4 0 0
5 0 0
6 0 0
7 0 0
8 0 0
9 0 0
10 0 0
11 0 0
12 0 0
13 0 0
14 0 0
15 0 0
16 0 0
17 0 0
18 0 0
19 0 0
20 0 0
21 0 0
22 0 0
23 0 0
24 0 0
25 0 0
26 0 0
27 0 0
28 0 0
29 0 0
30 0 0
31 0 0
32 0 0
33 0 0
34 0 0
35 0 0
36 0 0
37 0 0
38 0 0
39 0 0
40 0 0
41 0 0
42 0 0
43 0 0
44 0 0
45 0 0
46 0 0
47 0 0
48 0 0
49 0 0
50 0 0
51 0 0
52 0 0
53 0 0
54 0 0
55 0 0
56 0 0
57 0 0
58 0 0
59 0 0
60 0 0
61 0 0
62 0 0
63 0 0
64 0 0
65 0 0
66 0 0
67 0 0
68 0 0
69 0 0
70 0 0
71 0 0
72 0 0
73 0 0
74 0 0
75 0 0
76 0 0
77 0 0
78 0 0
79 0 0
80 0 0
81 0 0
82 0 0
83 0 0
84 0 0
85 0 0
86 0 0
87 0 0
88 0 0
89 0 0
90 0 0
91 0 0
92 0 0
93 0 0
94 0 0
95 0 0
96 0 0
97 0 0
98 0 0
99 0 0
100 0 0
101 0 0
102 0 0
103 0 0
104 0 0
105 0 0
106 0 0
107 0 0
108 0 0
109 0 0
110 0 0
111 0 0
112 0 0
113 0 0
114 0 0
115 0 0
116 0 0
117 0 0
118 0 0
119 0 0
120 0 0
121 0 0
122 0 0
123 0 0
124 0 0
125 0 0
126 0 0
127 0 0
128 0 1
129 0 1
130 0 1
131 0 1
132 0 1
133 0 1
134 0 1
135 0 1
136 0 1
137 0 1
138 0 1
139 0 1
140 0 1
141 0 1
142 0 1
143 0 1
144 0 1
145 0 1
146 0 1
147 0 1
148 0 1
149 0 1
150 0 1
151 0 1
152 0 1
153 0 1
154 0 1
155 0 1
156 0 1
157 0 1
158 0 1
159 0 1
160 0 1
161 0 1
162 0 1
163 0 1
164 0 1
165 0 1
166 0 1
167 0 1
168 0 1
169 0 1
170 0 1
171 0 1
172 0 1
173 0 1
174 0 1
175 0 1
176 0 1
177 0 1
178 0 1
179 0 1
180 0 1
181 0 1
182 0 2
183 0 2
184 0 3
185 0 3
186 0 3
187 0 3
188 0 3
189 0 3
190 0 3
191 0 3
192 0 3
193 0 3
194 0 3
195 0 3
196 0 3
197 0 3
198 0 3
199 0 3
200 0 3
201 0 3
202 0 3
203 0 3
204 0 3
205 0 3
206 0 3
207 0 3
208 0 3
209 0 3
210 0 3
211 0 4
212 0 4
213 0 4
214 0 5
215 0 5
216 0 5
217 0 5
218 0 5
219 0 5
220 0 5
221 0 5
222 0 5
223 0 5
224 0 6
225 0 6
226 0 6
227 0 6
228 0 6
229 0 7
230 0 7
231 0 7
232 0 7
233 0 7
234 0 7
235 0 7
236 0 7
237 0 7
238 0 7
239 0 7
240 0 7
241 0 7
242 0 7
243 0 7
244 0 7
245 0 7
246 0 7
247 0 7
248 0 7
249 0 7
250 0 7
251 0 6
252 0 6
253 0 6
254 0 6
255 0 6
256 0 6
257 0 6
258 0 6
259 0 6
260 0 6
261 0 6
262 0 6
263 0 6
264 0 6
265 0 6
266 0 6
267 0 7
268 0 7
269 0 7
270 0 7
271 0 7
272 0 7
273 0 7
274 0 7
275 0 6
276 0 7
277 0 7
278 0 7
279 0 7
280 0 7
281 0 7
282 0 7
283 0 7
284 0 7
285 0 7
286 0 8
287 0 8
288 0 8
289 0 8
290 0 8
291 0 8
292 0 8
293 0 9
294 0 9
295 0 10
296 0 9
297 0 9
298 0 9
299 0 9
300 0 9
301 0 9
302 0 9
303 0 9
304 0 9
305 0 9
306 0 9
307 0 9
308 0 9
309 0 9
310 0 10
311 0 10
312 0 10
313 0 10
314 0 10
315 0 10
316 0 10
317 0 10
318 0 10
319 0 10
320 0 11
321 0 11
322 0 11
323 0 11
324 0 11
325 0 11
326 0 11
327 0 10
328 0 10
329 0 11
330 0 11
331 0 11
332 0 12
333 0 12
334 0 12
335 0 13
336 0 13
337 0 13
338 0 13
339 0 12
340 0 13
341 0 14
342 0 13
343 0 13
344 0 13
345 0 14
346 0 14
347 0 14
348 0 14
349 0 14
350 0 14
351 0 14
352 0 14
353 0 14
354 0 14
355 0 14
356 0 14
357 0 14
358 0 14
359 0 14
360 0 14
361 0 14
362 0 14
363 0 15
364 0 15
365 0 15
366 0 15
367 0 15
368 0 15
369 0 16
370 0 16
371 0 16
372 0 16
373 0 16
374 0 16
375 0 16
376 0 17
377 0 17
378 0 17
379 0 17
380 0 17
381 0 17
382 0 17
383 0 17
384 0 17
385 0 17
386 0 17
387 1 17
388 1 17
389 1 17
390 1 17
391 1 17
392 1 18
393 1 18
394 1 18
395 1 18
396 1 18
397 1 18
398 1 18
399 1 18
400 1 19
401 1 19
402 1 19
403 1 19
404 1 19
405 1 19
406 1 19
407 1 20
408 1 20
409 1 20
410 1 20
411 1 20
412 1 20
413 1 20
414 1 20
415 1 20
416 1 19
417 1 19
418 1 20
419 1 20
420 1 20
421 1 20
422 1 20
423 1 19
424 1 20
425 1 20
426 1 20
427 1 20
428 1 20
429 1 21
430 1 21
431 1 21
432 1 21
433 1 21
434 1 22
435 1 22
436 1 22
437 1 22
438 1 23
439 1 23
440 1 23
441 1 22
442 1 22
443 1 22
444 1 23
445 1 23
446 1 23
447 1 23
448 1 23
449 1 23
450 1 23
451 1 24
452 1 24
453 1 24
454 1 24
455 1 25
456 1 25
457 1 25
458 1 25
459 1 25
460 1 25
461 1 26
462 1 25
463 1 25
464 1 26
465 1 26
466 1 26
467 1 26
468 1 26
469 1 26
470 1 27
471 1 27
472 1 27
473 1 27
474 1 27
475 1 27
476 1 27
477 1 28
478 1 28
479 1 28
480 1 28
481 1 28
482 1 29
483 1 29
484 1 29
485 1 29
486 1 30
487 1 30
488 1 30
489 1 30
490 1 31
491 1 31
492 1 31
493 1 31
494 1 32
495 1 32
496 1 32
497 1 32
498 1 32
499 1 32
500 1 33
501 1 33
502 1 33
503 1 33
504 1 33
505 2 34
506 2 34
507 2 34
508 2 34
509 2 34
510 2 35
511 2 35
512 2 35
513 2 35
514 2 35
515 2 35
516 2 35
517 2 35
518 2 36
519 2 36
520 2 36
521 2 36
522 2 36
523 2 36
524 2 36
525 2 36
526 2 37
527 2 37
528 2 37
529 2 37
530 2 37
531 2 37
532 2 37
533 2 38
534 2 38
535 2 38
536 2 38
537 2 38
538 2 38
539 2 39
540 2 39
541 2 39
542 2 39
543 2 39
544 2 39
545 2 39
546 2 39
547 2 39
548 2 39
549 2 40
550 2 40
551 2 40
552 2 40
553 2 40
554 2 40
555 2 41
556 2 41
557 2 41
558 2 41
559 2 41
560 2 41
561 2 41
562 2 42
563 2 42
564 2 42
565 2 42
566 2 42
567 2 42
568 2 42
569 2 42
570 2 42
571 2 42
572 3 42
573 3 43
574 3 43
575 3 43
576 3 43
577 3 43
578 3 43
579 3 43
580 3 43
581 3 43
582 3 43
583 3 43
584 3 43
585 3 43
586 3 44
587 3 44
588 3 44
589 3 44
590 3 44
591 3 44
592 3 44
593 3 44
594 3 45
595 3 45
596 3 45
597 4 45
598 4 45
599 4 45
600 4 45
601 4 45
602 4 45
603 4 45
604 4 45
605 4 45
606 4 46
607 4 46
608 4 46
609 4 46
610 5 46
611 5 46
612 5 46
613 5 47
614 5 47
615 5 47
616 5 47
617 5 47
618 5 47
619 5 47
620 5 47
621 6 47
622 6 47
623 6 47
624 6 47
625 7 48
626 7 48
627 7 48
628 7 48
629 9 48
630 10 48
631 12 48
632 12 48
633 62 48
634 62 48
635 69 48
636 81 48
637 94 48
638 100 48
