0 0 100
1 0 100
2 0 100
3 0 100
4 0 50
5 0 50
6 0 50
7 0 50
8 0 33
9 0 25
10 0 25
11 0 20
12 0 20
13 0 16
14 0 14
15 0 14
16 0 12
17 0 12
18 0 11
19 0 11
20 0 10
21 0 9
22 0 8
23 0 8
24 0 8
25 0 7
26 0 7
27 0 7
28 0 7
29 0 7
30 0 7
31 0 6
32 0 6
33 0 6
34 0 5
35 0 5
36 0 5
37 0 5
38 0 5
39 0 5
40 0 5
41 0 5
42 0 5
43 0 5
44 0 5
45 0 5
46 0 5
47 0 5
48 0 4
49 0 4
50 0 4
51 0 4
52 0 4
53 0 4
54 0 4
55 0 4
56 0 4
57 0 4
58 0 7
59 0 7
60 0 7
61 0 7
62 0 6
63 0 6
64 0 6
65 0 9
66 0 9
67 0 9
68 0 8
69 0 11
70 0 11
71 0 10
72 0 10
73 0 10
74 0 10
75 0 10
76 0 10
77 0 10
78 0 10
79 0 10
80 0 10
81 0 10
82 0 10
83 0 10
84 0 10
85 0 10
86 0 10
87 0 10
88 0 9
89 0 9
90 0 9
91 0 9
92 0 9
93 0 9
94 0 9
95 0 9
96 0 9
97 0 8
98 0 8
99 0 8
100 0 8
101 0 8
102 0 8
103 0 8
104 0 8
105 0 8
106 0 8
107 0 8
108 0 8
109 0 8
110 0 8
111 0 8
112 0 8
113 0 8
114 0 7
115 0 7
116 0 7
117 0 7
118 0 7
119 0 7
120 0 7
121 0 7
122 0 7
123 0 7
124 0 7
125 0 7
126 0 7
127 0 7
128 0 8
129 0 8
130 0 8
131 0 8
132 0 8
133 0 10
134 0 9
135 0 9
136 0 9
137 0 9
138 0 9
139 0 9
140 0 9
141 0 9
142 0 9
143 0 9
144 0 9
145 0 9
146 0 9
147 0 9
148 0 9
149 0 9
150 0 9
151 0 9
152 0 9
153 0 9
154 0 8
155 0 8
156 0 8
157 0 8
158 0 8
159 0 8
160 0 8
161 0 8
162 0 8
163 0 8
164 0 8
165 0 9
166 0 11
167 0 10
168 0 10
169 0 12
170 0 12
171 0 11
172 0 11
173 0 11
174 0 11
175 0 11
176 0 11
177 0 12
178 0 12
179 0 12
180 0 12
181 0 12
182 0 12
183 0 12
184 0 12
185 0 12
186 0 12
187 0 12
188 0 12
189 0 11
190 0 11
191 0 11
192 0 11
193 0 11
194 0 11
195 0 11
196 0 11
197 0 11
198 0 11
199 0 11
200 0 11
201 0 12
202 0 12
203 0 11
204 0 11
205 0 11
206 0 11
207 0 11
208 0 11
209 0 11
210 0 11
211 0 11
212 0 11
213 0 11
214 0 11
215 0 11
216 0 11
217 0 12
218 0 12
219 0 12
220 0 12
221 0 12
222 0 13
223 0 14
224 0 15
225 0 16
226 0 16
227 0 16
228 0 16
229 0 16
230 0 16
231 0 16
232 0 16
233 0 16
234 0 16
235 0 16
236 0 16
237 0 16
238 0 16
239 0 16
240 0 16
241 0 16
242 0 16
243 0 16
244 0 16
245 0 16
246 0 16
247 0 16
248 0 16
249 0 16
250 0 16
251 0 16
252 0 16
253 0 16
254 0 16
255 0 16
256 0 16
257 0 16
258 0 15
259 0 15
260 0 15
261 0 15
262 0 15
263 0 15
264 0 16
265 0 16
266 0 16
267 0 16
268 0 16
269 0 16
270 0 16
271 0 16
272 0 16
273 0 16
274 0 16
275 0 16
276 0 16
277 0 16
278 0 16
279 0 16
280 0 16
281 0 16
282 0 16
283 0 16
284 0 16
285 0 16
286 0 16
287 0 16
288 0 16
289 0 16
290 0 16
291 0 16
292 0 16
293 0 16
294 0 17
295 0 17
296 0 17
297 0 17
298 0 18
299 0 18
300 0 18
301 0 18
302 0 18
303 0 18
304 0 18
305 0 18
306 0 18
307 0 17
308 0 17
309 0 17
310 0 18
311 0 18
312 0 18
313 0 18
314 0 18
315 0 18
316 0 19
317 0 19
318 0 19
319 0 19
320 0 19
321 0 19
322 0 19
323 0 18
324 0 19
325 0 19
326 0 19
327 0 19
328 0 19
329 0 19
330 0 19
331 0 19
332 0 18
333 0 19
334 0 19
335 0 20
336 0 20
337 0 20
338 0 20
339 0 20
340 0 20
341 0 21
342 0 21
343 0 21
344 0 21
345 0 22
346 0 22
347 0 21
348 0 21
349 0 21
350 0 21
351 0 21
352 0 21
353 0 22
354 0 22
355 0 21
356 0 21
357 0 21
358 0 21
359 0 21
360 0 21
361 0 21
362 0 21
363 0 22
364 0 22
365 0 22
366 0 22
367 0 22
368 0 22
369 0 23
370 0 23
371 0 22
372 0 22
373 0 22
374 0 22
375 0 22
376 0 23
377 0 23
378 0 22
379 0 22
380 0 22
381 0 22
382 0 23
383 0 23
384 0 23
385 0 22
386 0 22
387 1 22
388 1 23
389 1 23
390 1 23
391 1 23
392 1 23
393 1 24
394 1 24
395 1 24
396 1 24
397 1 23
398 1 24
399 1 24
400 1 24
401 1 24
402 1 24
403 1 24
404 1 24
405 1 25
406 1 25
407 1 25
408 1 25
409 1 25
410 1 25
411 1 25
412 1 25
413 1 24
414 1 24
415 1 24
416 1 24
417 1 24
418 1 24
419 1 24
420 1 24
421 1 24
422 1 24
423 1 24
424 1 24
425 1 24
426 1 24
427 1 24
428 1 24
429 1 24
430 1 25
431 1 25
432 1 25
433 1 25
434 1 25
435 1 25
436 1 25
437 1 26
438 1 26
439 1 26
440 1 26
441 1 26
442 1 26
443 1 26
444 1 26
445 1 26
446 1 26
447 1 26
448 1 26
449 1 26
450 1 26
451 1 26
452 1 26
453 1 26
454 1 26
455 1 27
456 1 27
457 1 27
458 1 27
459 1 27
460 1 27
461 1 28
462 1 28
463 1 28
464 1 28
465 1 28
466 1 28
467 1 28
468 1 28
469 1 28
470 1 29
471 1 28
472 1 28
473 1 28
474 1 28
475 1 29
476 1 29
477 1 28
478 1 29
479 1 29
480 1 29
481 1 29
482 1 29
483 1 29
484 1 30
485 1 30
486 1 30
487 1 30
488 1 30
489 1 30
490 1 30
491 1 30
492 1 30
493 1 31
494 1 31
495 1 31
496 1 31
497 1 32
498 1 32
499 1 32
500 1 32
501 1 32
502 1 32
503 1 32
504 1 32
505 2 33
506 2 33
507 2 32
508 2 33
509 2 33
510 2 33
511 2 33
512 2 34
513 2 34
514 2 34
515 2 34
516 2 34
517 2 34
518 2 35
519 2 35
520 2 35
521 2 35
522 2 35
523 2 35
524 2 35
525 2 35
526 2 36
527 2 36
528 2 36
529 2 36
530 2 36
531 2 36
532 2 36
533 2 36
534 2 36
535 2 36
536 2 36
537 2 36
538 2 36
539 2 37
540 2 37
541 2 37
542 2 37
543 2 37
544 2 37
545 2 37
546 2 37
547 2 37
548 2 37
549 2 38
550 2 38
551 2 38
552 2 38
553 2 38
554 2 38
555 2 38
556 2 38
557 2 38
558 2 38
559 2 38
560 2 39
561 2 39
562 2 39
563 2 39
564 2 39
565 2 39
566 2 39
567 2 39
568 2 39
569 2 39
570 2 39
571 2 39
572 3 39
573 3 39
574 3 39
575 3 39
576 3 39
577 3 40
578 3 40
579 3 40
580 3 40
581 3 40
582 3 40
583 3 40
584 3 40
585 3 40
586 3 40
587 3 40
588 3 40
589 3 41
590 3 41
591 3 41
592 3 41
593 3 41
594 3 41
595 3 41
596 3 41
597 4 41
598 4 41
599 4 42
600 4 42
601 4 42
602 4 42
603 4 42
604 4 42
605 4 42
606 4 42
607 4 42
608 4 42
609 4 42
610 5 43
611 5 43
612 5 43
613 5 43
614 5 43
615 5 43
616 5 44
617 5 44
618 5 44
619 5 44
620 5 44
621 6 44
622 6 44
623 6 44
624 6 44
625 7 44
626 7 44
627 7 45
628 7 45
629 9 45
630 10 45
631 12 45
632 12 45
633 62 45
634 62 45
635 69 45
636 81 45
637 94 45
638 100 45
