0 0 100
1 0 100
2 0 100
3 0 100
4 0 50
5 0 50
6 0 50
7 0 50
8 0 33
9 0 25
10 0 25
11 0 20
12 0 20
13 0 16
14 0 14
15 0 14
16 0 12
17 0 12
18 0 11
19 0 11
20 0 10
21 0 9
22 0 8
23 0 8
24 0 8
25 0 7
26 0 7
27 0 7
28 0 7
29 0 7
30 0 7
31 0 6
32 0 6
33 0 6
34 0 5
35 0 5
36 0 5
37 0 5
38 0 5
39 0 5
40 0 5
41 0 5
42 0 5
43 0 5
44 0 5
45 0 5
46 0 5
47 0 5
48 0 4
49 0 4
50 0 4
51 0 4
52 0 4
53 0 4
54 0 4
55 0 4
56 0 4
57 0 4
58 0 7
59 0 7
60 0 7
61 0 7
62 0 6
63 0 6
64 0 6
65 0 9
66 0 9
67 0 9
68 0 8
69 0 11
70 0 11
71 0 10
72 0 10
73 0 10
74 0 10
75 0 10
76 0 10
77 0 10
78 0 10
79 0 10
80 0 10
81 0 10
82 0 10
83 0 10
84 0 10
85 0 10
86 0 10
87 0 10
88 0 9
89 0 9
90 0 9
91 0 9
92 0 9
93 0 9
94 0 9
95 0 9
96 0 9
97 0 8
98 0 8
99 0 8
100 0 8
101 0 8
102 0 8
103 0 8
104 0 8
105 0 8
106 0 8
107 0 8
108 0 8
109 0 8
110 0 8
111 0 8
112 0 8
113 0 8
114 0 7
115 0 7
116 0 7
117 0 7
118 0 7
119 0 7
120 0 7
121 0 7
122 0 7
123 0 7
124 0 7
125 0 7
126 0 7
127 0 7
128 0 8
129 0 8
130 0 8
131 0 8
132 0 8
133 0 10
134 0 9
135 0 9
136 0 9
137 0 9
138 0 9
139 0 9
140 0 9
141 0 9
142 0 9
143 0 9
144 0 9
145 0 9
146 0 9
147 0 9
148 0 9
149 0 9
150 0 9
151 0 9
152 0 9
153 0 9
154 0 8
155 0 8
156 0 8
157 0 8
158 0 8
159 0 8
160 0 8
161 0 8
162 0 8
163 0 8
164 0 8
165 0 9
166 0 11
167 0 12
168 0 12
169 0 13
170 0 13
171 0 13
172 0 12
173 0 12
174 0 12
175 0 12
176 0 12
177 0 13
178 0 13
179 0 13
180 0 13
181 0 13
182 0 14
183 0 14
184 0 15
185 0 15
186 0 15
187 0 15
188 0 15
189 0 15
190 0 15
191 0 15
192 0 15
193 0 14
194 0 14
195 0 14
196 0 14
197 0 14
198 0 14
199 0 14
200 0 14
201 0 15
202 0 15
203 0 15
204 0 15
205 0 15
206 0 15
207 0 15
208 0 15
209 0 15
210 0 15
211 0 16
212 0 16
213 0 16
214 0 17
215 0 17
216 0 17
217 0 17
218 0 17
219 0 17
220 0 17
221 0 17
222 0 18
223 0 19
224 0 20
225 0 20
226 0 20
227 0 20
228 0 20
229 0 20
230 0 20
231 0 20
232 0 20
233 0 20
234 0 20
235 0 20
236 0 20
237 0 20
238 0 19
239 0 19
240 0 19
241 0 19
242 0 19
243 0 19
244 0 19
245 0 20
246 0 20
247 0 20
248 0 20
249 0 20
250 0 20
251 0 20
252 0 20
253 0 20
254 0 19
255 0 19
256 0 19
257 0 19
258 0 19
259 0 19
260 0 19
261 0 19
262 0 19
263 0 19
264 0 19
265 0 19
266 0 19
267 0 20
268 0 20
269 0 20
270 0 20
271 0 19
272 0 19
273 0 19
274 0 19
275 0 19
276 0 20
277 0 20
278 0 20
279 0 19
280 0 19
281 0 19
282 0 19
283 0 19
284 0 19
285 0 19
286 0 20
287 0 20
288 0 19
289 0 19
290 0 20
291 0 20
292 0 20
293 0 21
294 0 20
295 0 21
296 0 21
297 0 21
298 0 21
299 0 21
300 0 21
301 0 20
302 0 20
303 0 20
304 0 20
305 0 20
306 0 20
307 0 20
308 0 20
309 0 21
310 0 21
311 0 21
312 0 21
313 0 21
314 0 21
315 0 22
316 0 22
317 0 22
318 0 22
319 0 22
320 0 22
321 0 23
322 0 23
323 0 22
324 0 23
325 0 23
326 0 23
327 0 23
328 0 23
329 0 23
330 0 23
331 0 23
332 0 23
333 0 23
334 0 23
335 0 24
336 0 24
337 0 24
338 0 24
339 0 24
340 0 25
341 0 25
342 0 25
343 0 25
344 0 25
345 0 26
346 0 26
347 0 26
348 0 25
349 0 25
350 0 25
351 0 25
352 0 25
353 0 26
354 0 26
355 0 26
356 0 26
357 0 26
358 0 26
359 0 26
360 0 25
361 0 26
362 0 26
363 0 26
364 0 26
365 0 26
366 0 26
367 0 27
368 0 27
369 0 27
370 0 26
371 0 26
372 0 26
373 0 26
374 0 26
375 0 26
376 0 27
377 0 26
378 0 26
379 0 26
380 0 26
381 0 26
382 0 26
383 0 26
384 0 26
385 0 26
386 0 26
387 1 26
388 1 26
389 1 27
390 1 27
391 1 27
392 1 27
393 1 27
394 1 27
395 1 27
396 1 27
397 1 27
398 1 27
399 1 27
400 1 27
401 1 27
402 1 27
403 1 28
404 1 28
405 1 28
406 1 28
407 1 28
408 1 28
409 1 29
410 1 29
411 1 28
412 1 28
413 1 28
414 1 28
415 1 28
416 1 28
417 1 28
418 1 28
419 1 28
420 1 28
421 1 28
422 1 28
423 1 28
424 1 28
425 1 28
426 1 28
427 1 28
428 1 28
429 1 28
430 1 29
431 1 29
432 1 29
433 1 29
434 1 29
435 1 29
436 1 29
437 1 29
438 1 29
439 1 29
440 1 29
441 1 29
442 1 29
443 1 29
444 1 29
445 1 29
446 1 30
447 1 30
448 1 30
449 1 30
450 1 30
451 1 30
452 1 30
453 1 30
454 1 30
455 1 30
456 1 30
457 1 30
458 1 31
459 1 31
460 1 31
461 1 31
462 1 31
463 1 31
464 1 32
465 1 32
466 1 32
467 1 32
468 1 32
469 1 32
470 1 32
471 1 32
472 1 32
473 1 32
474 1 32
475 1 32
476 1 32
477 1 32
478 1 33
479 1 33
480 1 33
481 1 33
482 1 33
483 1 33
484 1 33
485 1 34
486 1 33
487 1 34
488 1 34
489 1 34
490 1 34
491 1 34
492 1 34
493 1 34
494 1 35
495 1 35
496 1 35
497 1 35
498 1 35
499 1 35
500 1 35
501 1 35
502 1 35
503 1 36
504 1 36
505 2 36
506 2 36
507 2 36
508 2 36
509 2 36
510 2 36
511 2 36
512 2 36
513 2 36
514 2 36
515 2 36
516 2 37
517 2 37
518 2 37
519 2 37
520 2 37
521 2 37
522 2 37
523 2 38
524 2 38
525 2 38
526 2 38
527 2 38
528 2 38
529 2 38
530 2 38
531 2 38
532 2 39
533 2 39
534 2 39
535 2 39
536 2 39
537 2 39
538 2 40
539 2 40
540 2 40
541 2 40
542 2 40
543 2 40
544 2 40
545 2 40
546 2 40
547 2 40
548 2 41
549 2 41
550 2 41
551 2 41
552 2 41
553 2 41
554 2 41
555 2 41
556 2 41
557 2 42
558 2 42
559 2 42
560 2 42
561 2 42
562 2 42
563 2 42
564 2 42
565 2 42
566 2 43
567 2 43
568 2 43
569 2 43
570 2 43
571 2 43
572 3 43
573 3 43
574 3 43
575 3 43
576 3 43
577 3 44
578 3 44
579 3 44
580 3 44
581 3 44
582 3 44
583 3 44
584 3 44
585 3 44
586 3 44
587 3 44
588 3 44
589 3 44
590 3 44
591 3 44
592 3 45
593 3 45
594 3 45
595 3 45
596 3 45
597 4 45
598 4 45
599 4 45
600 4 45
601 4 45
602 4 45
603 4 45
604 4 46
605 4 46
606 4 46
607 4 46
608 4 46
609 4 46
610 5 46
611 5 46
612 5 46
613 5 46
614 5 46
615 5 47
616 5 47
617 5 47
618 5 47
619 5 47
620 5 47
621 6 47
622 6 47
623 6 47
624 6 47
625 7 47
626 7 47
627 7 48
628 7 48
629 9 48
630 10 48
631 12 48
632 12 48
633 62 48
634 62 48
635 69 48
636 81 48
637 94 48
638 100 49
