0 0 0
1 0 0
2 0 0
3 0 0
4 0 0
5 0 0
6 0 0
7 0 0
8 0 0
9 0 0
10 0 0
11 0 0
12 0 0
13 0 0
14 0 0
15 0 0
16 0 0
17 0 0
18 0 0
19 0 0
20 0 0
21 0 0
22 0 0
23 0 0
24 0 0
25 0 0
26 0 0
27 0 0
28 0 0
29 0 0
30 0 0
31 0 0
32 0 0
33 0 0
34 0 0
35 0 0
36 0 0
37 0 0
38 0 0
39 0 0
40 0 0
41 0 0
42 0 0
43 0 0
44 0 0
45 0 0
46 0 0
47 0 0
48 0 0
49 0 0
50 0 0
51 0 0
52 0 0
53 0 0
54 0 0
55 0 0
56 0 0
57 0 0
58 0 0
59 0 0
60 0 0
61 0 0
62 0 0
63 0 0
64 0 0
65 0 0
66 0 0
67 0 0
68 0 0
69 0 0
70 0 0
71 0 0
72 0 0
73 0 0
74 0 0
75 0 0
76 0 0
77 0 0
78 0 0
79 0 0
80 0 0
81 0 0
82 0 0
83 0 0
84 0 0
85 0 0
86 0 0
87 0 0
88 0 0
89 0 0
90 0 0
91 0 0
92 0 0
93 0 0
94 0 0
95 0 0
96 0 0
97 0 0
98 0 0
99 0 0
100 0 0
101 0 0
102 0 0
103 0 0
104 0 0
105 0 0
106 0 0
107 0 0
108 0 0
109 0 0
110 0 0
111 0 0
112 0 0
113 0 0
114 0 0
115 0 0
116 0 0
117 0 0
118 0 0
119 0 0
120 0 0
121 0 0
122 0 0
123 0 0
124 0 0
125 0 0
126 0 0
127 0 0
128 0 0
129 0 0
130 0 0
131 0 0
132 0 0
133 0 0
134 0 0
135 0 0
136 0 0
137 0 0
138 0 0
139 0 0
140 0 0
141 0 0
142 0 0
143 0 0
144 0 0
145 0 0
146 0 0
147 0 0
148 0 0
149 0 0
150 0 0
151 0 0
152 0 0
153 0 0
154 0 0
155 0 0
156 0 0
157 0 0
158 0 0
159 0 0
160 0 0
161 0 0
162 0 0
163 0 0
164 0 0
165 0 1
166 0 2
167 0 4
168 0 4
169 0 4
170 0 3
171 0 3
172 0 3
173 0 3
174 0 3
175 0 3
176 0 3
177 0 3
178 0 5
179 0 5
180 0 5
181 0 5
182 0 4
183 0 4
184 0 4
185 0 4
186 0 4
187 0 4
188 0 4
189 0 4
190 0 4
191 0 4
192 0 4
193 0 4
194 0 4
195 0 4
196 0 4
197 0 4
198 0 4
199 0 4
200 0 4
201 0 4
202 0 5
203 0 5
204 0 5
205 0 5
206 0 5
207 0 5
208 0 5
209 0 5
210 0 5
211 0 5
212 0 5
213 0 5
214 0 5
215 0 5
216 0 5
217 0 5
218 0 5
219 0 5
220 0 5
221 0 4
222 0 5
223 0 5
224 0 5
225 0 5
226 0 5
227 0 5
228 0 5
229 0 5
230 0 5
231 0 5
232 0 6
233 0 6
234 0 6
235 0 6
236 0 6
237 0 6
238 0 6
239 0 6
240 0 6
241 0 6
242 0 6
243 0 6
244 0 6
245 0 6
246 0 6
247 0 6
248 0 6
249 0 6
250 0 6
251 0 6
252 0 6
253 0 6
254 0 6
255 0 6
256 0 5
257 0 5
258 0 5
259 0 5
260 0 5
261 0 5
262 0 5
263 0 5
264 0 5
265 0 6
266 0 6
267 0 6
268 0 6
269 0 6
270 0 6
271 0 6
272 0 6
273 0 6
274 0 6
275 0 6
276 0 6
277 0 6
278 0 6
279 0 6
280 0 6
281 0 6
282 0 6
283 0 6
284 0 6
285 0 6
286 0 5
287 0 5
288 0 5
289 0 5
290 0 5
291 0 5
292 0 5
293 0 5
294 0 5
295 0 5
296 0 5
297 0 5
298 0 5
299 0 5
300 0 5
301 0 5
302 0 5
303 0 5
304 0 5
305 0 5
306 0 5
307 0 5
308 0 5
309 0 5
310 0 5
311 0 5
312 0 5
313 0 5
314 0 5
315 0 5
316 0 5
317 0 5
318 0 5
319 0 5
320 0 5
321 0 5
322 0 5
323 0 5
324 0 5
325 0 5
326 0 5
327 0 5
328 0 5
329 0 5
330 0 5
331 0 5
332 0 5
333 0 5
334 0 5
335 0 5
336 0 5
337 0 4
338 0 4
339 0 4
340 0 4
341 0 4
342 0 4
343 0 4
344 0 4
345 0 4
346 0 4
347 0 4
348 0 4
349 0 4
350 0 4
351 0 4
352 0 4
353 0 4
354 0 4
355 0 4
356 0 4
357 0 4
358 0 4
359 0 4
360 0 4
361 0 4
362 0 4
363 0 4
364 0 4
365 0 4
366 0 4
367 0 4
368 0 4
369 0 4
370 0 4
371 0 4
372 0 4
373 0 4
374 0 4
375 0 4
376 0 4
377 0 4
378 0 4
379 0 4
380 0 4
381 0 4
382 0 4
383 0 4
384 0 4
385 0 4
386 0 4
387 1 4
388 1 4
389 1 4
390 1 4
391 1 5
392 1 5
393 1 5
394 1 5
395 1 5
396 1 5
397 1 4
398 1 4
399 1 4
400 1 4
401 1 4
402 1 4
403 1 5
404 1 5
405 1 5
406 1 5
407 1 5
408 1 5
409 1 5
410 1 5
411 1 5
412 1 5
413 1 5
414 1 5
415 1 5
416 1 5
417 1 5
418 1 5
419 1 5
420 1 5
421 1 5
422 1 5
423 1 4
424 1 4
425 1 4
426 1 4
427 1 4
428 1 4
429 1 5
430 1 5
431 1 5
432 1 5
433 1 5
434 1 5
435 1 5
436 1 5
437 1 5
438 1 5
439 1 5
440 1 5
441 1 5
442 1 5
443 1 5
444 1 5
445 1 5
446 1 5
447 1 5
448 1 5
449 1 5
450 1 5
451 1 5
452 1 5
453 1 6
454 1 6
455 1 6
456 1 6
457 1 6
458 1 6
459 1 6
460 1 6
461 1 6
462 1 7
463 1 7
464 1 7
465 1 7
466 1 7
467 1 7
468 1 7
469 1 7
470 1 7
471 1 7
472 1 7
473 1 7
474 1 7
475 1 7
476 1 7
477 1 7
478 1 7
479 1 7
480 1 7
481 1 7
482 1 7
483 1 7
484 1 7
485 1 7
486 1 7
487 1 7
488 1 7
489 1 7
490 1 7
491 1 7
492 1 7
493 1 7
494 1 7
495 1 7
496 1 7
497 1 7
498 1 7
499 1 7
500 1 7
501 1 7
502 1 7
503 1 7
504 1 7
505 2 7
506 2 7
507 2 7
508 2 7
509 2 7
510 2 7
511 2 7
512 2 7
513 2 7
514 2 7
515 2 7
516 2 7
517 2 7
518 2 7
519 2 7
520 2 7
521 2 7
522 2 7
523 2 7
524 2 7
525 2 7
526 2 7
527 2 8
528 2 8
529 2 8
530 2 8
531 2 8
532 2 8
533 2 8
534 2 7
535 2 8
536 2 8
537 2 8
538 2 8
539 2 8
540 2 8
541 2 8
542 2 8
543 2 8
544 2 9
545 2 9
546 2 9
547 2 9
548 2 9
549 2 9
550 2 9
551 2 9
552 2 9
553 2 9
554 2 9
555 2 9
556 2 9
557 2 9
558 2 9
559 2 10
560 2 10
561 2 10
562 2 10
563 2 10
564 2 10
565 2 10
566 2 10
567 2 10
568 2 10
569 2 10
570 2 10
571 2 11
572 3 11
573 3 11
574 3 11
575 3 11
576 3 11
577 3 11
578 3 11
579 3 11
580 3 11
581 3 11
582 3 11
583 3 11
584 3 11
585 3 11
586 3 11
587 3 11
588 3 11
589 3 11
590 3 11
591 3 11
592 3 11
593 3 11
594 3 11
595 3 11
596 3 11
597 4 11
598 4 11
599 4 11
600 4 11
601 4 11
602 4 11
603 4 11
604 4 11
605 4 11
606 4 11
607 4 11
608 4 11
609 4 11
610 5 11
611 5 11
612 5 11
613 5 11
614 5 11
615 5 11
616 5 11
617 5 11
618 5 11
619 5 11
620 5 11
621 6 11
622 6 12
623 6 12
624 6 12
625 7 12
626 7 11
627 7 11
628 7 11
629 9 11
630 10 12
631 12 12
632 12 12
633 62 12
634 62 12
635 69 12
636 81 12
637 94 13
638 100 13
