0 0 100
1 0 100
2 0 100
3 0 100
4 0 100
5 0 100
6 0 66
7 0 66
8 0 75
9 0 75
10 0 60
11 0 50
12 0 42
13 0 50
14 0 50
15 0 44
16 0 40
17 0 45
18 0 41
19 0 41
20 0 46
21 0 46
22 0 42
23 0 42
24 0 42
25 0 42
26 0 42
27 0 42
28 0 40
29 0 40
30 0 40
31 0 37
32 0 37
33 0 37
34 0 41
35 0 41
36 0 41
37 0 38
38 0 38
39 0 38
40 0 36
41 0 36
42 0 36
43 0 36
44 0 36
45 0 36
46 0 35
47 0 33
48 0 33
49 0 31
50 0 31
51 0 31
52 0 31
53 0 31
54 0 31
55 0 31
56 0 30
57 0 30
58 0 29
59 0 29
60 0 28
61 0 28
62 0 28
63 0 26
64 0 25
65 0 25
66 0 25
67 0 25
68 0 24
69 0 23
70 0 23
71 0 23
72 0 23
73 0 22
74 0 21
75 0 21
76 0 21
77 0 21
78 0 21
79 0 21
80 0 21
81 0 21
82 0 21
83 0 21
84 0 20
85 0 20
86 0 20
87 0 19
88 0 19
89 0 18
90 0 18
91 0 18
92 0 18
93 0 17
94 0 17
95 0 17
96 0 17
97 0 17
98 0 17
99 0 16
100 0 16
101 0 16
102 0 15
103 0 15
104 0 15
105 0 15
106 0 15
107 0 15
108 0 15
109 0 15
110 0 15
111 0 15
112 0 15
113 0 15
114 0 15
115 0 15
116 0 15
117 0 15
118 0 15
119 0 15
120 0 14
121 0 14
122 0 14
123 0 14
124 0 14
125 0 14
126 0 14
127 0 14
128 0 14
129 0 14
130 0 14
131 0 14
132 0 14
133 0 14
134 0 14
135 0 14
136 0 14
137 0 14
138 0 14
139 0 13
140 0 13
141 0 13
142 0 13
143 0 13
144 0 13
145 0 13
146 0 13
147 0 13
148 0 13
149 0 13
150 0 12
151 0 12
152 0 12
153 0 12
154 0 12
155 0 12
156 0 12
157 0 12
158 0 12
159 0 12
160 0 12
161 0 12
162 0 12
163 0 12
164 0 12
165 0 12
166 0 12
167 0 12
168 0 12
169 0 12
170 0 12
171 0 12
172 0 12
173 0 12
174 0 12
175 0 12
176 0 12
177 0 12
178 0 12
179 0 12
180 0 11
181 0 11
182 0 11
183 0 11
184 0 11
185 0 11
186 0 11
187 0 11
188 0 11
189 0 11
190 0 11
191 0 11
192 0 11
193 0 11
194 0 10
195 0 10
196 0 10
197 0 10
198 0 10
199 0 10
200 0 10
201 0 10
202 0 10
203 0 10
204 0 10
205 0 10
206 0 10
207 0 10
208 0 10
209 0 10
210 0 10
211 0 10
212 0 10
213 0 10
214 0 9
215 0 9
216 0 9
217 0 9
218 0 9
219 0 9
220 0 9
221 0 9
222 0 9
223 0 9
224 0 9
225 0 9
226 0 9
227 0 9
228 0 9
229 0 9
230 0 9
231 0 9
232 0 9
233 0 9
234 0 9
235 0 9
236 0 9
237 0 9
238 0 8
239 0 8
240 0 8
241 0 8
242 0 8
243 0 8
244 0 8
245 0 8
246 0 8
247 0 8
248 0 8
249 0 8
250 0 8
251 0 8
252 0 8
253 0 8
254 0 8
255 0 8
256 0 8
257 0 8
258 0 8
259 0 8
260 0 8
261 0 8
262 0 8
263 0 8
264 0 8
265 0 8
266 0 8
267 0 8
268 0 8
269 0 8
270 0 8
271 0 8
272 0 8
273 0 8
274 0 8
275 0 8
276 0 8
277 0 8
278 0 8
279 0 8
280 0 8
281 0 7
282 0 7
283 0 7
284 0 7
285 0 7
286 0 7
287 0 7
288 0 7
289 0 7
290 0 7
291 0 7
292 0 7
293 0 7
294 0 7
295 0 7
296 0 7
297 0 7
298 0 7
299 0 7
300 0 7
301 0 7
302 0 7
303 0 7
304 0 7
305 0 7
306 0 7
307 0 7
308 0 7
309 0 7
310 0 7
311 0 7
312 0 7
313 0 7
314 0 7
315 0 7
316 0 7
317 0 7
318 0 7
319 0 6
320 0 6
321 0 6
322 0 6
323 0 6
324 0 6
325 0 6
326 0 6
327 0 6
328 0 6
329 0 6
330 0 6
331 0 6
332 0 6
333 0 6
334 0 6
335 0 6
336 0 6
337 0 6
338 0 6
339 0 6
340 0 6
341 0 6
342 0 6
343 0 6
344 0 6
345 0 6
346 0 6
347 0 6
348 0 6
349 0 6
350 0 6
351 0 6
352 0 6
353 0 6
354 0 6
355 0 6
356 0 6
357 0 6
358 0 6
359 0 6
360 0 6
361 0 6
362 0 6
363 0 6
364 0 6
365 0 6
366 0 6
367 0 6
368 0 6
369 0 6
370 0 6
371 0 6
372 0 6
373 0 6
374 0 6
375 0 6
376 0 6
377 0 6
378 0 5
379 0 5
380 0 5
381 0 5
382 0 5
383 0 5
384 0 5
385 0 5
386 0 5
387 0 5
388 0 5
389 0 5
390 0 5
391 0 5
392 0 5
393 0 5
394 0 5
395 0 5
396 0 5
397 0 5
398 0 5
399 0 5
400 0 5
401 0 5
402 0 5
403 0 5
404 0 5
405 0 5
406 0 5
407 0 5
408 0 5
409 0 5
410 0 5
411 0 5
412 0 5
413 0 5
414 0 5
415 0 5
416 0 5
417 0 5
418 0 5
419 0 5
420 0 5
421 0 5
422 0 5
423 0 5
424 0 5
425 0 5
426 0 5
427 0 5
428 0 5
429 0 5
430 0 5
431 0 5
432 0 5
433 0 5
434 0 5
435 0 5
436 0 5
437 0 5
438 0 5
439 0 5
440 0 5
441 0 6
442 0 6
443 0 6
444 0 6
445 0 6
446 0 6
447 0 6
448 0 6
449 0 6
450 0 6
451 0 6
452 0 6
453 0 6
454 0 6
455 0 6
456 0 6
457 0 6
458 0 6
459 0 6
460 0 6
461 0 6
462 0 6
463 0 6
464 0 6
465 0 6
466 0 6
467 0 6
468 0 6
469 0 6
470 0 6
471 0 6
472 0 6
473 0 6
474 0 6
475 0 6
476 0 6
477 0 6
478 0 6
479 0 6
480 0 6
481 0 6
482 0 6
483 0 6
484 0 6
485 0 6
486 0 6
487 0 6
488 0 6
489 0 6
490 0 6
491 0 6
492 0 6
493 0 6
494 0 6
495 0 6
496 0 6
497 0 6
498 0 7
499 0 7
500 0 7
501 0 7
502 0 7
503 0 7
504 0 7
505 0 7
506 0 7
507 0 8
508 0 8
509 0 8
510 0 9
511 0 9
512 0 9
513 0 9
514 0 9
515 0 9
516 0 10
517 0 10
518 0 10
519 0 10
520 0 10
521 0 10
522 0 10
523 0 10
524 0 10
525 0 10
526 0 11
527 0 11
528 0 11
529 0 11
530 0 11
531 0 11
532 0 11
533 0 11
534 0 11
535 0 11
536 0 11
537 0 11
538 0 11
539 0 10
540 0 10
541 0 10
542 0 10
543 0 10
544 0 10
545 0 10
546 0 10
547 0 11
548 0 12
549 0 11
550 0 11
551 0 11
552 0 11
553 0 11
554 0 11
555 0 12
556 0 12
557 0 12
558 0 12
559 0 12
560 0 12
561 0 12
562 0 12
563 0 12
564 0 12
565 0 12
566 0 12
567 0 12
568 0 12
569 0 12
570 0 12
571 0 12
572 0 12
573 0 12
574 0 12
575 0 12
576 0 12
577 0 12
578 0 12
579 0 12
580 0 12
581 0 12
582 0 12
583 0 12
584 0 12
585 0 12
586 0 12
587 0 12
588 0 12
589 0 12
590 0 12
591 0 12
592 0 12
593 0 12
594 0 12
595 0 12
596 0 12
597 0 11
598 0 11
599 0 11
600 0 11
601 0 11
602 0 11
603 0 11
604 0 11
605 0 11
606 0 11
607 0 11
608 0 11
609 0 11
610 0 11
611 0 11
612 0 11
613 0 11
614 0 11
615 0 11
616 0 11
617 0 11
618 0 11
619 0 11
620 0 11
621 0 11
622 0 11
623 0 11
624 0 11
625 0 11
626 0 11
627 0 11
628 0 11
629 0 11
630 0 11
631 0 11
632 0 11
633 0 11
634 0 11
635 0 11
636 0 11
637 0 11
638 0 11
639 0 11
640 0 11
641 0 11
642 0 11
643 0 11
644 0 11
645 0 11
646 0 11
647 0 11
648 0 11
649 0 11
650 0 11
651 0 11
652 0 11
653 0 11
654 0 11
655 0 11
656 0 11
657 0 11
658 0 11
659 0 11
660 0 11
661 0 11
662 0 12
663 0 12
664 0 12
665 0 12
666 0 12
667 0 12
668 0 12
669 0 12
670 0 12
671 0 12
672 0 12
673 0 12
674 0 12
675 0 12
676 0 12
677 0 12
678 0 12
679 0 12
680 0 12
681 0 12
682 0 12
683 0 12
684 0 12
685 0 12
686 0 12
687 0 11
688 0 11
689 0 11
690 0 11
691 0 11
692 0 11
693 0 11
694 0 11
695 0 11
696 0 11
697 0 11
698 0 11
699 0 11
700 0 11
701 0 11
702 0 11
703 0 11
704 0 11
705 0 11
706 0 11
707 0 11
708 0 11
709 0 11
710 0 11
711 0 11
712 0 11
713 0 11
714 0 12
715 0 12
716 0 12
717 0 12
718 0 12
719 0 12
720 0 13
721 0 13
722 0 13
723 0 13
724 0 13
725 0 13
726 0 13
727 0 13
728 0 13
729 0 14
730 0 14
731 0 14
732 0 14
733 0 14
734 0 15
735 0 15
736 0 15
737 0 15
738 0 15
739 0 15
740 0 15
741 0 16
742 0 16
743 0 16
744 0 16
745 0 16
746 0 16
747 0 16
748 0 16
749 0 16
750 0 16
751 0 17
752 0 17
753 0 17
754 0 17
755 0 17
756 0 17
757 0 17
758 0 17
759 0 17
760 0 17
761 0 17
762 0 17
763 0 17
764 0 17
765 0 17
766 0 17
767 0 17
768 0 17
769 0 17
770 0 17
771 0 17
772 0 17
773 0 17
774 0 17
775 0 17
776 0 17
777 0 17
778 0 17
779 0 17
780 0 17
781 0 17
782 0 17
783 0 17
784 0 17
785 0 17
786 0 17
787 0 17
788 0 17
789 0 17
790 0 17
791 0 16
792 0 16
793 0 16
794 0 16
795 0 16
796 0 16
797 0 16
798 0 16
799 0 16
800 0 16
801 0 16
802 0 16
803 0 16
804 0 17
805 0 17
806 0 17
807 0 18
808 0 18
809 0 18
810 0 18
811 0 18
812 0 18
813 0 18
814 0 19
815 0 18
816 0 18
817 0 18
818 0 18
819 0 18
820 0 18
821 0 18
822 0 18
823 0 18
824 0 19
825 0 19
826 0 19
827 0 19
828 0 19
829 0 19
830 0 20
831 0 20
832 0 20
833 0 19
834 0 19
835 0 20
836 0 20
837 0 20
838 0 20
839 0 20
840 0 20
841 0 20
842 0 20
843 0 20
844 0 20
845 0 20
846 0 20
847 0 20
848 0 20
849 0 20
850 0 20
851 0 20
852 0 20
853 0 20
854 0 20
855 0 20
856 0 20
857 0 20
858 0 20
859 0 20
860 0 20
861 0 20
862 0 20
863 0 20
864 0 20
865 0 20
866 0 20
867 0 20
868 0 20
869 0 20
870 0 20
871 0 20
872 0 20
873 0 20
874 0 20
875 0 20
876 0 20
877 0 20
878 0 20
879 0 20
880 0 20
881 0 20
882 0 20
883 0 20
884 0 20
885 0 20
886 0 20
887 0 20
888 0 20
889 0 20
890 0 20
891 0 20
892 0 20
893 0 20
894 0 20
895 0 20
896 0 21
897 0 21
898 0 21
899 0 21
900 0 21
901 0 21
902 0 21
903 0 22
904 0 22
905 0 22
906 0 22
907 0 22
908 0 21
909 0 21
910 0 22
911 0 22
912 0 22
913 0 22
914 0 22
915 0 22
916 0 22
917 0 22
918 0 22
919 0 22
920 0 22
921 0 23
922 0 23
923 0 23
924 0 23
925 0 23
926 0 23
927 0 23
928 0 23
929 0 23
930 0 23
931 0 23
932 0 23
933 0 23
934 0 23
935 0 23
936 0 23
937 0 23
938 0 23
939 0 23
940 0 24
941 0 24
942 0 24
943 0 24
944 0 23
945 0 23
946 0 23
947 0 24
948 0 24
949 0 24
950 0 24
951 0 24
952 0 24
953 0 24
954 0 24
955 0 24
956 0 24
957 0 24
958 0 24
959 0 24
960 0 24
961 0 24
962 0 25
963 0 25
964 0 25
965 0 25
966 0 25
967 0 25
968 0 25
969 0 25
970 0 25
971 0 25
972 0 25
973 0 25
974 0 25
975 0 25
976 0 25
977 0 25
978 0 25
979 0 25
980 0 25
981 0 25
982 0 26
983 0 26
984 0 26
985 0 26
986 0 26
987 0 26
988 0 26
989 0 26
990 0 26
991 0 26
992 0 26
993 0 26
994 0 26
995 0 26
996 0 27
997 0 27
998 0 27
999 0 27
1000 0 27
1001 0 27
1002 0 27
1003 0 27
1004 0 27
1005 0 27
1006 0 27
1007 0 28
1008 0 28
1009 0 28
1010 0 28
1011 0 28
1012 0 28
1013 0 28
1014 0 28
1015 0 28
1016 0 28
1017 0 28
1018 0 28
1019 0 28
1020 0 28
1021 0 28
1022 0 28
1023 0 28
1024 0 28
1025 0 29
1026 0 29
1027 0 29
1028 0 29
1029 0 29
1030 0 29
1031 0 29
1032 0 29
1033 0 29
1034 0 29
1035 0 29
1036 0 29
1037 0 29
1038 0 29
1039 0 29
1040 0 29
1041 0 29
1042 0 29
1043 0 29
1044 0 29
1045 0 29
1046 0 29
1047 0 29
1048 0 29
1049 0 29
1050 0 29
1051 0 29
1052 0 29
1053 0 29
1054 0 30
1055 0 30
1056 0 30
1057 0 30
1058 0 30
1059 0 30
1060 0 30
1061 0 30
1062 0 30
1063 0 30
1064 0 30
1065 0 30
1066 0 30
1067 0 30
1068 1 30
1069 1 30
1070 1 30
1071 1 30
1072 1 30
1073 1 31
1074 1 31
1075 1 31
1076 1 30
1077 1 31
1078 1 31
1079 1 31
1080 1 31
1081 1 31
1082 1 31
1083 1 31
1084 1 31
1085 1 31
1086 1 31
1087 1 31
1088 1 31
1089 1 31
1090 1 31
1091 1 31
1092 1 32
1093 1 32
1094 1 32
1095 1 32
1096 1 32
1097 1 32
1098 1 32
1099 1 32
1100 1 32
1101 1 32
1102 1 32
1103 1 32
1104 1 32
1105 1 32
1106 1 32
1107 1 32
1108 1 32
1109 1 33
1110 1 33
1111 1 33
1112 1 33
1113 1 33
1114 1 33
1115 1 33
1116 1 33
1117 1 33
1118 1 33
1119 1 33
1120 1 33
1121 1 33
1122 1 33
1123 1 33
1124 1 33
1125 1 33
1126 1 33
1127 1 33
1128 1 33
1129 1 33
1130 1 33
1131 1 34
1132 1 34
1133 1 34
1134 1 34
1135 1 34
1136 1 34
1137 1 34
1138 1 34
1139 1 34
1140 1 34
1141 1 34
1142 1 34
1143 1 34
1144 1 34
1145 1 34
1146 1 34
1147 1 34
1148 1 34
1149 1 34
1150 1 35
1151 1 35
1152 1 35
1153 1 35
1154 1 35
1155 1 35
1156 1 35
1157 1 35
1158 1 35
1159 1 35
1160 1 35
1161 1 35
1162 1 35
1163 1 35
1164 1 35
1165 1 35
1166 1 35
1167 1 35
1168 1 35
1169 1 35
1170 1 35
1171 1 35
1172 1 35
1173 1 35
1174 1 35
1175 1 35
1176 1 35
1177 1 35
1178 1 35
1179 1 35
1180 1 35
1181 1 35
1182 1 35
1183 1 35
1184 1 35
1185 1 35
1186 1 35
1187 1 35
1188 1 35
1189 1 35
1190 1 35
1191 1 35
1192 1 35
1193 1 36
1194 1 36
1195 1 36
1196 1 35
1197 1 35
1198 1 35
1199 1 35
1200 1 35
1201 1 35
1202 1 35
1203 1 35
1204 1 35
1205 1 35
1206 1 35
1207 1 35
1208 1 35
1209 1 36
1210 1 36
1211 1 36
1212 1 36
1213 1 36
1214 1 36
1215 1 36
1216 1 36
1217 1 36
1218 1 36
1219 1 35
1220 1 36
1221 1 36
1222 1 36
1223 1 36
1224 1 36
1225 1 36
1226 1 36
1227 1 36
1228 1 36
1229 1 36
1230 1 36
1231 1 36
1232 1 36
1233 1 36
1234 1 36
1235 1 36
1236 1 36
1237 1 36
1238 1 36
1239 1 36
1240 1 36
1241 1 36
1242 1 36
1243 1 36
1244 1 36
1245 1 36
1246 1 36
1247 1 36
1248 1 36
1249 1 36
1250 1 36
1251 1 36
1252 1 36
1253 1 36
1254 1 36
1255 1 36
1256 1 36
1257 2 36
1258 2 36
1259 2 36
1260 2 36
1261 2 37
1262 2 37
1263 2 37
1264 2 37
1265 2 37
1266 2 37
1267 2 37
1268 2 37
1269 2 37
1270 2 37
1271 2 37
1272 2 37
1273 2 37
1274 2 37
1275 2 37
1276 2 37
1277 2 37
1278 2 37
1279 2 37
1280 2 37
1281 2 37
1282 2 37
1283 2 37
1284 2 37
1285 2 37
1286 2 37
1287 2 37
1288 2 37
1289 2 37
1290 2 37
1291 2 37
1292 2 37
1293 2 37
1294 2 37
1295 2 37
1296 2 37
1297 2 37
1298 2 37
1299 2 36
1300 2 36
1301 2 36
1302 2 37
1303 2 37
1304 2 37
1305 2 37
1306 2 37
1307 2 36
1308 2 36
1309 2 36
1310 2 36
1311 2 36
1312 2 36
1313 2 36
1314 2 36
1315 2 36
1316 2 36
1317 2 36
1318 2 36
1319 2 36
1320 2 36
1321 2 36
1322 2 36
1323 2 36
1324 2 36
1325 2 36
1326 2 36
1327 2 36
1328 2 36
1329 2 36
1330 2 36
1331 2 36
1332 2 36
1333 2 36
1334 2 36
1335 2 36
1336 2 36
1337 2 36
1338 3 36
1339 3 36
1340 3 36
1341 3 36
1342 3 36
1343 3 36
1344 3 36
1345 3 36
1346 3 36
1347 3 36
1348 3 36
1349 3 36
1350 3 36
1351 3 36
1352 3 36
1353 3 36
1354 3 36
1355 3 36
1356 3 36
1357 3 36
1358 3 36
1359 3 36
1360 3 36
1361 3 36
1362 3 36
1363 3 36
1364 3 36
1365 3 36
1366 3 36
1367 3 36
1368 3 36
1369 3 36
1370 3 36
1371 3 36
1372 3 36
1373 3 36
1374 3 36
1375 3 36
1376 3 36
1377 3 36
1378 4 36
1379 4 36
1380 4 36
1381 4 36
1382 4 36
1383 4 36
1384 4 36
1385 4 36
1386 4 36
1387 4 36
1388 4 36
1389 4 36
1390 4 36
1391 4 36
1392 4 36
1393 4 36
1394 4 36
1395 4 36
1396 4 36
1397 4 36
1398 4 35
1399 4 35
1400 4 35
1401 4 35
1402 4 35
1403 4 35
1404 4 36
1405 4 35
1406 5 35
1407 5 35
1408 5 36
1409 5 36
1410 5 35
1411 5 35
1412 5 35
1413 5 35
1414 5 35
1415 5 35
1416 5 35
1417 5 35
1418 5 35
1419 5 35
1420 5 35
1421 5 35
1422 5 35
1423 5 35
1424 5 35
1425 5 35
1426 5 35
1427 5 35
1428 5 35
1429 5 35
1430 5 35
1431 5 35
1432 5 35
1433 5 35
1434 5 35
1435 5 35
1436 5 35
1437 5 35
1438 5 35
1439 5 35
1440 5 35
1441 6 35
1442 6 35
1443 6 35
1444 6 35
1445 6 35
1446 6 35
1447 6 35
1448 6 35
1449 6 35
1450 6 35
1451 6 35
1452 6 35
1453 6 35
1454 6 35
1455 6 35
1456 6 35
1457 6 35
1458 7 35
1459 7 35
1460 7 35
1461 7 35
1462 7 35
1463 7 35
1464 7 35
1465 7 35
1466 7 35
1467 7 35
1468 7 35
1469 7 35
1470 7 35
1471 7 35
1472 7 35
1473 8 35
1474 8 35
1475 8 35
1476 8 35
1477 8 35
1478 8 35
1479 8 35
1480 8 35
1481 8 35
1482 8 35
1483 8 35
1484 8 35
1485 8 35
1486 8 35
1487 8 35
1488 8 35
1489 8 35
1490 8 34
1491 8 34
1492 8 35
1493 8 35
1494 9 35
1495 9 35
1496 9 35
1497 9 34
1498 9 34
1499 9 34
1500 9 34
1501 9 34
1502 9 34
1503 9 34
1504 9 34
1505 9 34
1506 9 34
1507 10 34
1508 10 34
1509 10 34
1510 10 34
1511 10 34
1512 10 34
1513 10 34
1514 10 34
1515 10 34
1516 10 34
1517 10 34
1518 10 34
1519 11 34
1520 11 34
1521 11 34
1522 11 34
1523 11 34
1524 11 34
1525 11 34
1526 11 34
1527 11 34
1528 11 34
1529 11 34
1530 11 34
1531 11 34
1532 11 34
1533 11 34
1534 12 34
1535 12 34
1536 12 34
1537 12 33
1538 12 33
1539 12 34
1540 13 34
1541 13 33
1542 13 33
1543 13 33
1544 13 34
1545 13 33
1546 13 33
1547 13 33
1548 13 33
1549 13 33
1550 13 33
1551 14 33
1552 14 33
1553 14 33
1554 14 33
1555 14 33
1556 14 33
1557 15 33
1558 15 33
1559 15 33
1560 16 33
1561 17 33
1562 17 33
1563 17 33
1564 18 33
1565 18 33
1566 18 33
1567 18 33
1568 18 33
1569 19 33
1570 19 33
1571 19 33
1572 19 33
1573 19 33
1574 19 33
1575 19 33
1576 19 33
1577 19 33
1578 19 33
1579 19 33
1580 20 33
1581 20 33
1582 20 33
1583 20 33
1584 20 33
1585 20 33
1586 20 33
1587 21 33
1588 21 33
1589 22 33
1590 23 33
1591 23 33
1592 23 33
1593 23 33
1594 23 33
1595 23 33
1596 23 33
1597 24 33
1598 24 33
1599 24 33
1600 24 33
1601 24 33
1602 25 33
1603 27 33
1604 27 33
1605 27 33
1606 27 33
1607 28 33
1608 28 33
1609 28 33
1610 29 33
1611 29 33
1612 29 33
1613 29 33
1614 29 33
1615 29 33
1616 29 33
1617 30 32
1618 34 32
1619 34 33
1620 35 32
1621 39 32
1622 43 32
1623 53 32
1624 53 32
1625 55 32
1626 56 32
1627 57 32
1628 57 32
1629 62 32
1630 62 32
1631 62 32
1632 65 32
1633 67 32
1634 67 32
1635 67 32
1636 69 32
1637 69 32
1638 73 32
1639 73 32
1640 73 32
1641 81 32
1642 100 32
