0 0 0
1 0 0
2 0 0
3 0 0
4 0 0
5 0 0
6 0 0
7 0 0
8 0 0
9 0 0
10 0 20
11 0 16
12 0 14
13 0 12
14 0 12
15 0 11
16 0 10
17 0 9
18 0 8
19 0 8
20 0 7
21 0 7
22 0 7
23 0 7
24 0 7
25 0 7
26 0 7
27 0 7
28 0 6
29 0 6
30 0 6
31 0 6
32 0 6
33 0 6
34 0 5
35 0 5
36 0 5
37 0 5
38 0 5
39 0 5
40 0 5
41 0 5
42 0 5
43 0 5
44 0 5
45 0 5
46 0 5
47 0 4
48 0 4
49 0 4
50 0 4
51 0 4
52 0 4
53 0 4
54 0 4
55 0 4
56 0 4
57 0 4
58 0 4
59 0 4
60 0 4
61 0 4
62 0 4
63 0 7
64 0 7
65 0 7
66 0 7
67 0 7
68 0 6
69 0 10
70 0 10
71 0 10
72 0 10
73 0 9
74 0 9
75 0 9
76 0 9
77 0 9
78 0 9
79 0 9
80 0 9
81 0 9
82 0 9
83 0 9
84 0 8
85 0 8
86 0 8
87 0 11
88 0 11
89 0 10
90 0 10
91 0 10
92 0 10
93 0 10
94 0 10
95 0 10
96 0 10
97 0 10
98 0 12
99 0 11
100 0 11
101 0 11
102 0 11
103 0 11
104 0 11
105 0 11
106 0 11
107 0 11
108 0 11
109 0 11
110 0 11
111 0 11
112 0 11
113 0 11
114 0 11
115 0 11
116 0 10
117 0 10
118 0 10
119 0 10
120 0 10
121 0 10
122 0 10
123 0 10
124 0 10
125 0 10
126 0 10
127 0 10
128 0 10
129 0 10
130 0 10
131 0 10
132 0 10
133 0 10
134 0 10
135 0 10
136 0 10
137 0 10
138 0 10
139 0 9
140 0 9
141 0 9
142 0 9
143 0 9
144 0 9
145 0 9
146 0 9
147 0 9
148 0 9
149 0 9
150 0 9
151 0 9
152 0 8
153 0 8
154 0 8
155 0 8
156 0 8
157 0 8
158 0 8
159 0 8
160 0 8
161 0 8
162 0 8
163 0 8
164 0 8
165 0 8
166 0 8
167 0 8
168 0 8
169 0 8
170 0 8
171 0 8
172 0 8
173 0 8
174 0 8
175 0 8
176 0 8
177 0 8
178 0 8
179 0 8
180 0 8
181 0 8
182 0 8
183 0 8
184 0 8
185 0 8
186 0 8
187 0 8
188 0 8
189 0 8
190 0 8
191 0 8
192 0 8
193 0 7
194 0 7
195 0 7
196 0 7
197 0 7
198 0 7
199 0 7
200 0 7
201 0 7
202 0 7
203 0 7
204 0 7
205 0 7
206 0 7
207 0 7
208 0 7
209 0 7
210 0 7
211 0 7
212 0 7
213 0 7
214 0 7
215 0 7
216 0 7
217 0 7
218 0 7
219 0 7
220 0 6
221 0 6
222 0 6
223 0 6
224 0 6
225 0 6
226 0 6
227 0 6
228 0 6
229 0 6
230 0 6
231 0 6
232 0 6
233 0 6
234 0 6
235 0 6
236 0 6
237 0 6
238 0 6
239 0 6
240 0 6
241 0 6
242 0 6
243 0 6
244 0 6
245 0 6
246 0 6
247 0 6
248 0 6
249 0 6
250 0 6
251 0 6
252 0 6
253 0 7
254 0 7
255 0 7
256 0 7
257 0 7
258 0 7
259 0 7
260 0 7
261 0 7
262 0 7
263 0 7
264 0 7
265 0 7
266 0 7
267 0 7
268 0 7
269 0 7
270 0 7
271 0 7
272 0 7
273 0 7
274 0 6
275 0 6
276 0 6
277 0 6
278 0 6
279 0 6
280 0 6
281 0 6
282 0 6
283 0 6
284 0 6
285 0 6
286 0 6
287 0 6
288 0 6
289 0 6
290 0 6
291 0 6
292 0 6
293 0 6
294 0 6
295 0 6
296 0 6
297 0 6
298 0 6
299 0 6
300 0 6
301 0 6
302 0 6
303 0 7
304 0 7
305 0 8
306 0 8
307 0 9
308 0 9
309 0 9
310 0 9
311 0 9
312 0 9
313 0 9
314 0 9
315 0 9
316 0 9
317 0 9
318 0 9
319 0 8
320 0 8
321 0 8
322 0 8
323 0 8
324 0 8
325 0 8
326 0 8
327 0 8
328 0 8
329 0 8
330 0 8
331 0 8
332 0 8
333 0 8
334 0 8
335 0 8
336 0 9
337 0 10
338 0 11
339 0 11
340 0 11
341 0 11
342 0 11
343 0 11
344 0 11
345 0 11
346 0 10
347 0 10
348 0 10
349 0 10
350 0 10
351 0 10
352 0 10
353 0 10
354 0 10
355 0 10
356 0 10
357 0 10
358 0 10
359 0 10
360 0 10
361 0 10
362 0 10
363 0 10
364 0 10
365 0 10
366 0 10
367 0 10
368 0 10
369 0 10
370 0 10
371 0 10
372 0 10
373 0 10
374 0 10
375 0 10
376 0 10
377 0 10
378 0 10
379 0 10
380 0 10
381 0 10
382 0 10
383 0 10
384 0 10
385 0 10
386 0 10
387 0 10
388 0 10
389 0 10
390 0 10
391 0 10
392 0 10
393 0 10
394 0 10
395 0 10
396 0 10
397 0 10
398 0 10
399 0 10
400 0 9
401 0 9
402 0 9
403 0 9
404 0 9
405 0 9
406 0 9
407 0 9
408 0 9
409 0 9
410 0 9
411 0 9
412 0 9
413 0 9
414 0 9
415 0 9
416 0 9
417 0 9
418 0 9
419 0 9
420 0 9
421 0 9
422 0 9
423 0 9
424 0 9
425 0 9
426 0 9
427 0 9
428 0 9
429 0 9
430 0 9
431 0 9
432 0 9
433 0 9
434 0 9
435 0 9
436 0 9
437 0 9
438 0 9
439 0 9
440 0 9
441 0 9
442 0 9
443 0 9
444 0 9
445 0 9
446 0 9
447 0 9
448 0 9
449 0 9
450 0 9
451 0 9
452 0 9
453 0 9
454 0 9
455 0 9
456 0 9
457 0 9
458 0 9
459 0 9
460 0 9
461 0 9
462 0 9
463 0 9
464 0 9
465 0 9
466 0 9
467 0 9
468 0 9
469 0 9
470 0 9
471 0 9
472 0 9
473 0 9
474 0 9
475 0 9
476 0 9
477 0 9
478 0 9
479 0 9
480 0 9
481 0 9
482 0 9
483 0 9
484 0 9
485 0 9
486 0 8
487 0 8
488 0 8
489 0 8
490 0 8
491 0 8
492 0 8
493 0 8
494 0 8
495 0 8
496 0 8
497 0 8
498 0 8
499 0 8
500 0 8
501 0 8
502 0 8
503 0 8
504 0 8
505 0 8
506 0 8
507 0 8
508 0 9
509 0 9
510 0 9
511 0 9
512 0 9
513 0 9
514 0 9
515 0 9
516 0 8
517 0 8
518 0 8
519 0 8
520 0 8
521 0 8
522 0 8
523 0 8
524 0 8
525 0 8
526 0 8
527 0 8
528 0 8
529 0 9
530 0 9
531 0 9
532 0 9
533 0 9
534 0 9
535 0 9
536 0 9
537 0 9
538 0 9
539 0 9
540 0 9
541 0 9
542 0 9
543 0 9
544 0 9
545 0 9
546 0 9
547 0 9
548 0 9
549 0 8
550 0 8
551 0 8
552 0 8
553 0 8
554 0 8
555 0 8
556 0 8
557 0 8
558 0 8
559 0 8
560 0 8
561 0 8
562 0 8
563 0 8
564 0 8
565 0 8
566 0 8
567 0 8
568 0 8
569 0 8
570 0 8
571 0 8
572 0 8
573 0 8
574 0 8
575 0 8
576 0 8
577 0 8
578 0 8
579 0 8
580 0 8
581 0 9
582 0 9
583 0 9
584 0 8
585 0 8
586 0 8
587 0 8
588 0 8
589 0 8
590 0 8
591 0 8
592 0 8
593 0 8
594 0 8
595 0 8
596 0 9
597 0 9
598 0 9
599 0 9
600 0 9
601 0 10
602 0 10
603 0 10
604 0 10
605 0 10
606 0 10
607 0 10
608 0 10
609 0 10
610 0 10
611 0 10
612 0 10
613 0 10
614 0 10
615 0 10
616 0 10
617 0 10
618 0 10
619 0 10
620 0 10
621 0 10
622 0 11
623 0 11
624 0 11
625 0 11
626 0 11
627 0 11
628 0 11
629 0 11
630 0 11
631 0 11
632 0 12
633 0 12
634 0 12
635 0 12
636 0 11
637 0 11
638 0 11
639 0 12
640 0 12
641 0 12
642 0 12
643 0 12
644 0 12
645 0 12
646 0 12
647 0 12
648 0 12
649 0 12
650 0 12
651 0 12
652 0 12
653 0 12
654 0 12
655 0 12
656 0 13
657 0 13
658 0 13
659 0 13
660 0 13
661 0 13
662 0 13
663 0 13
664 0 13
665 0 13
666 0 12
667 0 12
668 0 12
669 0 13
670 0 13
671 0 13
672 0 13
673 0 13
674 0 13
675 0 13
676 0 13
677 0 13
678 0 13
679 0 13
680 0 13
681 0 13
682 0 13
683 0 13
684 0 13
685 0 13
686 0 13
687 0 13
688 0 13
689 0 13
690 0 13
691 0 13
692 0 13
693 0 13
694 0 13
695 0 13
696 0 13
697 0 13
698 0 13
699 0 13
700 0 13
701 0 13
702 0 13
703 0 13
704 0 13
705 0 13
706 0 13
707 0 13
708 0 13
709 0 13
710 0 13
711 0 13
712 0 13
713 0 13
714 0 13
715 0 12
716 0 12
717 0 12
718 0 12
719 0 12
720 0 12
721 0 12
722 0 12
723 0 13
724 0 13
725 0 13
726 0 13
727 0 13
728 0 13
729 0 13
730 0 13
731 0 13
732 0 13
733 0 13
734 0 13
735 0 13
736 0 13
737 0 13
738 0 13
739 0 13
740 0 13
741 0 13
742 0 13
743 0 13
744 0 14
745 0 14
746 0 14
747 0 14
748 0 14
749 0 14
750 0 14
751 0 14
752 0 14
753 0 14
754 0 14
755 0 14
756 0 14
757 0 14
758 0 14
759 0 14
760 0 14
761 0 14
762 0 14
763 0 14
764 0 14
765 0 14
766 0 14
767 0 14
768 0 14
769 0 14
770 0 14
771 0 14
772 0 14
773 0 14
774 0 14
775 0 14
776 0 14
777 0 14
778 0 14
779 0 14
780 0 14
781 0 14
782 0 14
783 0 14
784 0 14
785 0 14
786 0 14
787 0 14
788 0 13
789 0 13
790 0 13
791 0 13
792 0 13
793 0 13
794 0 13
795 0 13
796 0 13
797 0 13
798 0 13
799 0 13
800 0 13
801 0 13
802 0 13
803 0 13
804 0 13
805 0 13
806 0 13
807 0 13
808 0 13
809 0 13
810 0 13
811 0 13
812 0 13
813 0 13
814 0 13
815 0 13
816 0 13
817 0 13
818 0 13
819 0 13
820 0 13
821 0 13
822 0 13
823 0 13
824 0 13
825 0 13
826 0 13
827 0 13
828 0 13
829 0 13
830 0 13
831 0 13
832 0 13
833 0 13
834 0 13
835 0 13
836 0 13
837 0 13
838 0 13
839 0 13
840 0 13
841 0 13
842 0 13
843 0 13
844 0 13
845 0 13
846 0 13
847 0 13
848 0 13
849 0 13
850 0 13
851 0 13
852 0 13
853 0 13
854 0 13
855 0 13
856 0 13
857 0 13
858 0 13
859 0 13
860 0 13
861 0 13
862 0 13
863 0 13
864 0 13
865 0 13
866 0 13
867 0 13
868 0 13
869 0 13
870 0 13
871 0 13
872 0 13
873 0 13
874 0 13
875 0 13
876 0 13
877 0 13
878 0 13
879 0 13
880 0 13
881 0 13
882 0 13
883 0 13
884 0 13
885 0 13
886 0 13
887 0 13
888 0 13
889 0 13
890 0 13
891 0 13
892 0 13
893 0 13
894 0 13
895 0 13
896 0 13
897 0 13
898 0 13
899 0 13
900 0 13
901 0 13
902 0 13
903 0 13
904 0 13
905 0 13
906 0 13
907 0 13
908 0 13
909 0 13
910 0 13
911 0 13
912 0 13
913 0 13
914 0 13
915 0 13
916 0 13
917 0 13
918 0 13
919 0 13
920 0 13
921 0 14
922 0 14
923 0 14
924 0 13
925 0 13
926 0 14
927 0 14
928 0 14
929 0 14
930 0 14
931 0 14
932 0 14
933 0 14
934 0 14
935 0 14
936 0 14
937 0 14
938 0 14
939 0 14
940 0 14
941 0 14
942 0 14
943 0 14
944 0 14
945 0 14
946 0 14
947 0 14
948 0 14
949 0 14
950 0 14
951 0 14
952 0 14
953 0 14
954 0 14
955 0 14
956 0 14
957 0 14
958 0 14
959 0 14
960 0 14
961 0 14
962 0 14
963 0 14
964 0 14
965 0 14
966 0 14
967 0 14
968 0 14
969 0 14
970 0 14
971 0 14
972 0 14
973 0 14
974 0 14
975 0 14
976 0 14
977 0 14
978 0 14
979 0 14
980 0 15
981 0 15
982 0 15
983 0 15
984 0 15
985 0 15
986 0 15
987 0 15
988 0 15
989 0 15
990 0 16
991 0 16
992 0 16
993 0 16
994 0 16
995 0 16
996 0 16
997 0 16
998 0 16
999 0 16
1000 0 16
1001 0 15
1002 0 16
1003 0 16
1004 0 16
1005 0 16
1006 0 16
1007 0 16
1008 0 16
1009 0 16
1010 0 16
1011 0 16
1012 0 16
1013 0 16
1014 0 16
1015 0 16
1016 0 16
1017 0 16
1018 0 16
1019 0 16
1020 0 16
1021 0 16
1022 0 16
1023 0 16
1024 0 16
1025 0 17
1026 0 17
1027 0 17
1028 0 17
1029 0 17
1030 0 16
1031 0 16
1032 0 16
1033 0 17
1034 0 17
1035 0 17
1036 0 17
1037 0 17
1038 0 17
1039 0 17
1040 0 17
1041 0 17
1042 0 17
1043 0 17
1044 0 17
1045 0 17
1046 0 17
1047 0 17
1048 0 17
1049 0 17
1050 0 17
1051 0 17
1052 0 17
1053 0 17
1054 0 17
1055 0 17
1056 0 17
1057 0 17
1058 0 17
1059 0 17
1060 0 17
1061 0 17
1062 0 17
1063 0 17
1064 0 17
1065 0 17
1066 0 17
1067 0 17
1068 1 17
1069 1 17
1070 1 17
1071 1 17
1072 1 17
1073 1 17
1074 1 17
1075 1 17
1076 1 17
1077 1 17
1078 1 18
1079 1 18
1080 1 18
1081 1 18
1082 1 18
1083 1 18
1084 1 18
1085 1 18
1086 1 18
1087 1 18
1088 1 18
1089 1 18
1090 1 19
1091 1 18
1092 1 18
1093 1 18
1094 1 19
1095 1 19
1096 1 19
1097 1 19
1098 1 19
1099 1 19
1100 1 18
1101 1 18
1102 1 18
1103 1 18
1104 1 18
1105 1 18
1106 1 18
1107 1 18
1108 1 18
1109 1 19
1110 1 19
1111 1 19
1112 1 19
1113 1 18
1114 1 18
1115 1 18
1116 1 18
1117 1 18
1118 1 18
1119 1 18
1120 1 18
1121 1 19
1122 1 19
1123 1 19
1124 1 19
1125 1 19
1126 1 19
1127 1 19
1128 1 19
1129 1 19
1130 1 19
1131 1 19
1132 1 19
1133 1 19
1134 1 19
1135 1 19
1136 1 19
1137 1 19
1138 1 19
1139 1 19
1140 1 20
1141 1 19
1142 1 19
1143 1 19
1144 1 20
1145 1 20
1146 1 20
1147 1 20
1148 1 20
1149 1 20
1150 1 20
1151 1 20
1152 1 20
1153 1 20
1154 1 20
1155 1 20
1156 1 20
1157 1 20
1158 1 20
1159 1 20
1160 1 20
1161 1 20
1162 1 20
1163 1 20
1164 1 20
1165 1 21
1166 1 21
1167 1 21
1168 1 21
1169 1 21
1170 1 21
1171 1 21
1172 1 21
1173 1 21
1174 1 21
1175 1 22
1176 1 22
1177 1 22
1178 1 22
1179 1 22
1180 1 22
1181 1 22
1182 1 22
1183 1 22
1184 1 22
1185 1 22
1186 1 22
1187 1 22
1188 1 22
1189 1 22
1190 1 22
1191 1 22
1192 1 22
1193 1 22
1194 1 22
1195 1 22
1196 1 23
1197 1 23
1198 1 23
1199 1 23
1200 1 23
1201 1 23
1202 1 23
1203 1 23
1204 1 23
1205 1 23
1206 1 23
1207 1 23
1208 1 23
1209 1 23
1210 1 23
1211 1 23
1212 1 23
1213 1 23
1214 1 23
1215 1 23
1216 1 23
1217 1 23
1218 1 23
1219 1 23
1220 1 23
1221 1 23
1222 1 23
1223 1 23
1224 1 23
1225 1 23
1226 1 23
1227 1 23
1228 1 23
1229 1 23
1230 1 23
1231 1 23
1232 1 24
1233 1 23
1234 1 23
1235 1 24
1236 1 24
1237 1 24
1238 1 24
1239 1 24
1240 1 24
1241 1 24
1242 1 24
1243 1 24
1244 1 24
1245 1 24
1246 1 24
1247 1 24
1248 1 24
1249 1 24
1250 1 24
1251 1 24
1252 1 24
1253 1 24
1254 1 24
1255 1 24
1256 1 24
1257 2 24
1258 2 24
1259 2 24
1260 2 24
1261 2 25
1262 2 25
1263 2 25
1264 2 25
1265 2 25
1266 2 25
1267 2 25
1268 2 25
1269 2 25
1270 2 25
1271 2 25
1272 2 25
1273 2 25
1274 2 25
1275 2 25
1276 2 25
1277 2 25
1278 2 25
1279 2 25
1280 2 25
1281 2 25
1282 2 25
1283 2 25
1284 2 25
1285 2 25
1286 2 25
1287 2 25
1288 2 25
1289 2 25
1290 2 26
1291 2 26
1292 2 26
1293 2 26
1294 2 26
1295 2 26
1296 2 26
1297 2 26
1298 2 26
1299 2 26
1300 2 26
1301 2 26
1302 2 26
1303 2 26
1304 2 26
1305 2 26
1306 2 26
1307 2 26
1308 2 26
1309 2 26
1310 2 26
1311 2 26
1312 2 26
1313 2 26
1314 2 26
1315 2 26
1316 2 27
1317 2 27
1318 2 27
1319 2 27
1320 2 27
1321 2 27
1322 2 27
1323 2 27
1324 2 27
1325 2 27
1326 2 27
1327 2 27
1328 2 27
1329 2 27
1330 2 27
1331 2 27
1332 2 27
1333 2 27
1334 2 27
1335 2 27
1336 2 27
1337 2 27
1338 3 28
1339 3 28
1340 3 28
1341 3 28
1342 3 28
1343 3 28
1344 3 28
1345 3 28
1346 3 28
1347 3 28
1348 3 28
1349 3 28
1350 3 28
1351 3 28
1352 3 28
1353 3 29
1354 3 29
1355 3 29
1356 3 29
1357 3 29
1358 3 29
1359 3 29
1360 3 29
1361 3 29
1362 3 29
1363 3 29
1364 3 29
1365 3 29
1366 3 29
1367 3 29
1368 3 29
1369 3 29
1370 3 29
1371 3 29
1372 3 29
1373 3 29
1374 3 29
1375 3 29
1376 3 29
1377 3 29
1378 4 29
1379 4 29
1380 4 29
1381 4 29
1382 4 29
1383 4 29
1384 4 29
1385 4 30
1386 4 30
1387 4 30
1388 4 30
1389 4 30
1390 4 30
1391 4 30
1392 4 30
1393 4 30
1394 4 30
1395 4 30
1396 4 30
1397 4 30
1398 4 30
1399 4 30
1400 4 30
1401 4 30
1402 4 30
1403 4 30
1404 4 30
1405 4 31
1406 5 31
1407 5 31
1408 5 31
1409 5 31
1410 5 31
1411 5 31
1412 5 31
1413 5 31
1414 5 31
1415 5 31
1416 5 31
1417 5 31
1418 5 31
1419 5 31
1420 5 31
1421 5 31
1422 5 31
1423 5 32
1424 5 31
1425 5 31
1426 5 31
1427 5 32
1428 5 32
1429 5 32
1430 5 32
1431 5 32
1432 5 32
1433 5 32
1434 5 32
1435 5 32
1436 5 32
1437 5 32
1438 5 32
1439 5 32
1440 5 32
1441 6 32
1442 6 32
1443 6 33
1444 6 33
1445 6 33
1446 6 33
1447 6 33
1448 6 33
1449 6 33
1450 6 33
1451 6 33
1452 6 33
1453 6 33
1454 6 33
1455 6 33
1456 6 33
1457 6 33
1458 7 33
1459 7 33
1460 7 33
1461 7 33
1462 7 33
1463 7 33
1464 7 33
1465 7 34
1466 7 34
1467 7 34
1468 7 34
1469 7 34
1470 7 34
1471 7 34
1472 7 34
1473 8 34
1474 8 34
1475 8 34
1476 8 34
1477 8 34
1478 8 34
1479 8 34
1480 8 34
1481 8 34
1482 8 34
1483 8 34
1484 8 34
1485 8 34
1486 8 34
1487 8 34
1488 8 34
1489 8 35
1490 8 35
1491 8 35
1492 8 35
1493 8 35
1494 9 35
1495 9 35
1496 9 35
1497 9 35
1498 9 35
1499 9 35
1500 9 35
1501 9 35
1502 9 35
1503 9 35
1504 9 35
1505 9 35
1506 9 35
1507 10 35
1508 10 35
1509 10 35
1510 10 35
1511 10 35
1512 10 35
1513 10 35
1514 10 35
1515 10 35
1516 10 35
1517 10 35
1518 10 35
1519 11 35
1520 11 35
1521 11 35
1522 11 35
1523 11 35
1524 11 35
1525 11 35
1526 11 35
1527 11 35
1528 11 35
1529 11 35
1530 11 35
1531 11 36
1532 11 36
1533 11 36
1534 12 36
1535 12 36
1536 12 36
1537 12 36
1538 12 36
1539 12 36
1540 13 36
1541 13 36
1542 13 36
1543 13 36
1544 13 36
1545 13 36
1546 13 36
1547 13 37
1548 13 37
1549 13 37
1550 13 37
1551 14 37
1552 14 37
1553 14 37
1554 14 37
1555 14 37
1556 14 37
1557 15 37
1558 15 37
1559 15 37
1560 16 37
1561 17 37
1562 17 37
1563 17 37
1564 18 37
1565 18 37
1566 18 37
1567 18 38
1568 18 38
1569 19 38
1570 19 38
1571 19 38
1572 19 38
1573 19 38
1574 19 38
1575 19 38
1576 19 38
1577 19 38
1578 19 38
1579 19 38
1580 20 38
1581 20 38
1582 20 38
1583 20 38
1584 20 38
1585 20 38
1586 20 38
1587 21 38
1588 21 38
1589 22 38
1590 23 38
1591 23 38
1592 23 38
1593 23 38
1594 23 38
1595 23 39
1596 23 39
1597 24 39
1598 24 39
1599 24 39
1600 24 39
1601 24 39
1602 25 39
1603 27 39
1604 27 39
1605 27 39
1606 27 39
1607 28 39
1608 28 39
1609 28 39
1610 29 39
1611 29 39
1612 29 39
1613 29 39
1614 29 40
1615 29 40
1616 29 40
1617 30 40
1618 34 40
1619 34 40
1620 35 40
1621 39 40
1622 43 40
1623 53 40
1624 53 40
1625 55 40
1626 56 40
1627 57 40
1628 57 40
1629 62 40
1630 62 40
1631 62 40
1632 65 40
1633 67 41
1634 67 41
1635 67 41
1636 69 41
1637 69 41
1638 73 41
1639 73 41
1640 73 41
1641 81 41
1642 100 41
