0 0 0
1 0 0
2 0 0
3 0 0
4 0 0
5 0 0
6 0 0
7 0 0
8 0 0
9 0 0
10 0 0
11 0 0
12 0 0
13 0 0
14 0 0
15 0 0
16 0 0
17 0 0
18 0 0
19 0 0
20 0 0
21 0 0
22 0 0
23 0 0
24 0 0
25 0 0
26 0 0
27 0 0
28 0 0
29 0 0
30 0 0
31 0 0
32 0 0
33 0 0
34 0 0
35 0 0
36 0 0
37 0 0
38 0 0
39 0 0
40 0 0
41 0 0
42 0 0
43 0 0
44 0 0
45 0 0
46 0 0
47 0 0
48 0 0
49 0 0
50 0 0
51 0 0
52 0 0
53 0 0
54 0 0
55 0 0
56 0 0
57 0 0
58 0 0
59 0 0
60 0 0
61 0 0
62 0 0
63 0 0
64 0 0
65 0 0
66 0 0
67 0 0
68 0 0
69 0 0
70 0 0
71 0 0
72 0 0
73 0 0
74 0 0
75 0 0
76 0 0
77 0 0
78 0 0
79 0 0
80 0 0
81 0 0
82 0 0
83 0 0
84 0 0
85 0 0
86 0 0
87 0 0
88 0 0
89 0 0
90 0 0
91 0 0
92 0 0
93 0 0
94 0 0
95 0 0
96 0 0
97 0 0
98 0 0
99 0 0
100 0 0
101 0 0
102 0 0
103 0 0
104 0 0
105 0 0
106 0 0
107 0 0
108 0 0
109 0 0
110 0 0
111 0 0
112 0 0
113 0 0
114 0 0
115 0 0
116 0 0
117 0 0
118 0 0
119 0 0
120 0 0
121 0 0
122 0 0
123 0 0
124 0 0
125 0 0
126 0 0
127 0 0
128 0 0
129 0 0
130 0 0
131 0 0
132 0 0
133 0 0
134 0 0
135 0 0
136 0 0
137 0 0
138 0 0
139 0 0
140 0 0
141 0 0
142 0 0
143 0 0
144 0 0
145 0 0
146 0 0
147 0 0
148 0 0
149 0 0
150 0 0
151 0 0
152 0 0
153 0 0
154 0 0
155 0 0
156 0 0
157 0 0
158 0 0
159 0 0
160 0 0
161 0 0
162 0 0
163 0 0
164 0 0
165 0 0
166 0 0
167 0 0
168 0 0
169 0 0
170 0 0
171 0 0
172 0 0
173 0 0
174 0 0
175 0 0
176 0 0
177 0 0
178 0 0
179 0 0
180 0 0
181 0 0
182 0 0
183 0 0
184 0 0
185 0 0
186 0 0
187 0 0
188 0 0
189 0 0
190 0 0
191 0 0
192 0 0
193 0 0
194 0 0
195 0 0
196 0 0
197 0 0
198 0 0
199 0 0
200 0 0
201 0 0
202 0 0
203 0 0
204 0 0
205 0 0
206 0 0
207 0 0
208 0 0
209 0 0
210 0 0
211 0 0
212 0 0
213 0 0
214 0 0
215 0 0
216 0 0
217 0 0
218 0 0
219 0 0
220 0 0
221 0 0
222 0 0
223 0 0
224 0 0
225 0 0
226 0 0
227 0 0
228 0 0
229 0 0
230 0 0
231 0 0
232 0 0
233 0 0
234 0 0
235 0 0
236 0 0
237 0 0
238 0 0
239 0 0
240 0 0
241 0 0
242 0 0
243 0 0
244 0 0
245 0 0
246 0 0
247 0 0
248 0 0
249 0 0
250 0 0
251 0 0
252 0 0
253 0 1
254 0 1
255 0 1
256 0 1
257 0 1
258 0 1
259 0 1
260 0 1
261 0 1
262 0 1
263 0 1
264 0 1
265 0 1
266 0 1
267 0 1
268 0 1
269 0 1
270 0 1
271 0 1
272 0 1
273 0 1
274 0 1
275 0 1
276 0 1
277 0 1
278 0 1
279 0 1
280 0 1
281 0 1
282 0 1
283 0 1
284 0 1
285 0 1
286 0 1
287 0 1
288 0 1
289 0 1
290 0 1
291 0 1
292 0 1
293 0 1
294 0 1
295 0 1
296 0 1
297 0 1
298 0 1
299 0 1
300 0 1
301 0 1
302 0 1
303 0 2
304 0 2
305 0 2
306 0 2
307 0 2
308 0 2
309 0 2
310 0 2
311 0 2
312 0 2
313 0 2
314 0 2
315 0 2
316 0 2
317 0 2
318 0 2
319 0 1
320 0 1
321 0 1
322 0 1
323 0 1
324 0 1
325 0 1
326 0 1
327 0 1
328 0 1
329 0 1
330 0 1
331 0 1
332 0 1
333 0 1
334 0 1
335 0 1
336 0 2
337 0 2
338 0 3
339 0 3
340 0 3
341 0 3
342 0 3
343 0 3
344 0 3
345 0 3
346 0 3
347 0 3
348 0 3
349 0 3
350 0 3
351 0 3
352 0 3
353 0 3
354 0 3
355 0 3
356 0 3
357 0 3
358 0 3
359 0 3
360 0 3
361 0 3
362 0 3
363 0 3
364 0 3
365 0 3
366 0 3
367 0 3
368 0 3
369 0 3
370 0 3
371 0 3
372 0 3
373 0 3
374 0 3
375 0 3
376 0 3
377 0 3
378 0 3
379 0 3
380 0 3
381 0 3
382 0 3
383 0 3
384 0 3
385 0 3
386 0 3
387 0 3
388 0 3
389 0 3
390 0 3
391 0 3
392 0 3
393 0 3
394 0 3
395 0 3
396 0 3
397 0 3
398 0 3
399 0 3
400 0 3
401 0 3
402 0 3
403 0 3
404 0 3
405 0 3
406 0 3
407 0 3
408 0 3
409 0 3
410 0 3
411 0 3
412 0 3
413 0 3
414 0 3
415 0 3
416 0 3
417 0 3
418 0 3
419 0 3
420 0 3
421 0 3
422 0 3
423 0 3
424 0 3
425 0 3
426 0 3
427 0 3
428 0 3
429 0 3
430 0 3
431 0 3
432 0 3
433 0 2
434 0 2
435 0 2
436 0 2
437 0 2
438 0 2
439 0 2
440 0 2
441 0 2
442 0 2
443 0 2
444 0 2
445 0 2
446 0 2
447 0 2
448 0 2
449 0 2
450 0 2
451 0 2
452 0 2
453 0 2
454 0 2
455 0 2
456 0 2
457 0 2
458 0 2
459 0 2
460 0 2
461 0 2
462 0 2
463 0 2
464 0 2
465 0 2
466 0 2
467 0 2
468 0 2
469 0 2
470 0 2
471 0 2
472 0 2
473 0 2
474 0 2
475 0 2
476 0 2
477 0 2
478 0 2
479 0 2
480 0 2
481 0 2
482 0 2
483 0 2
484 0 2
485 0 2
486 0 2
487 0 2
488 0 2
489 0 2
490 0 2
491 0 2
492 0 2
493 0 2
494 0 2
495 0 2
496 0 2
497 0 2
498 0 2
499 0 2
500 0 2
501 0 2
502 0 2
503 0 2
504 0 2
505 0 2
506 0 2
507 0 2
508 0 2
509 0 2
510 0 2
511 0 2
512 0 2
513 0 2
514 0 2
515 0 2
516 0 2
517 0 2
518 0 2
519 0 2
520 0 2
521 0 2
522 0 2
523 0 2
524 0 2
525 0 2
526 0 2
527 0 2
528 0 2
529 0 3
530 0 3
531 0 3
532 0 3
533 0 3
534 0 3
535 0 3
536 0 3
537 0 3
538 0 3
539 0 3
540 0 3
541 0 3
542 0 3
543 0 3
544 0 3
545 0 3
546 0 3
547 0 3
548 0 3
549 0 2
550 0 2
551 0 2
552 0 2
553 0 2
554 0 2
555 0 2
556 0 2
557 0 2
558 0 2
559 0 2
560 0 2
561 0 2
562 0 2
563 0 2
564 0 2
565 0 2
566 0 2
567 0 2
568 0 2
569 0 2
570 0 2
571 0 2
572 0 2
573 0 2
574 0 2
575 0 2
576 0 2
577 0 2
578 0 2
579 0 2
580 0 2
581 0 2
582 0 2
583 0 2
584 0 2
585 0 2
586 0 2
587 0 2
588 0 2
589 0 2
590 0 2
591 0 2
592 0 2
593 0 2
594 0 2
595 0 2
596 0 2
597 0 3
598 0 3
599 0 3
600 0 3
601 0 3
602 0 3
603 0 4
604 0 4
605 0 4
606 0 4
607 0 4
608 0 4
609 0 4
610 0 4
611 0 4
612 0 4
613 0 4
614 0 4
615 0 4
616 0 4
617 0 4
618 0 4
619 0 4
620 0 4
621 0 4
622 0 5
623 0 5
624 0 5
625 0 5
626 0 5
627 0 5
628 0 5
629 0 5
630 0 5
631 0 5
632 0 6
633 0 6
634 0 6
635 0 6
636 0 5
637 0 5
638 0 5
639 0 6
640 0 6
641 0 6
642 0 6
643 0 6
644 0 6
645 0 6
646 0 6
647 0 6
648 0 6
649 0 6
650 0 6
651 0 6
652 0 6
653 0 6
654 0 6
655 0 6
656 0 6
657 0 6
658 0 6
659 0 6
660 0 6
661 0 6
662 0 6
663 0 6
664 0 6
665 0 6
666 0 6
667 0 6
668 0 6
669 0 7
670 0 7
671 0 7
672 0 7
673 0 7
674 0 7
675 0 7
676 0 7
677 0 7
678 0 7
679 0 7
680 0 7
681 0 7
682 0 7
683 0 7
684 0 7
685 0 7
686 0 7
687 0 7
688 0 7
689 0 7
690 0 7
691 0 7
692 0 7
693 0 7
694 0 7
695 0 7
696 0 7
697 0 7
698 0 7
699 0 7
700 0 7
701 0 7
702 0 7
703 0 7
704 0 7
705 0 7
706 0 7
707 0 7
708 0 7
709 0 7
710 0 7
711 0 7
712 0 7
713 0 7
714 0 7
715 0 7
716 0 7
717 0 7
718 0 7
719 0 7
720 0 7
721 0 7
722 0 7
723 0 7
724 0 7
725 0 7
726 0 7
727 0 7
728 0 7
729 0 7
730 0 7
731 0 7
732 0 7
733 0 8
734 0 8
735 0 8
736 0 8
737 0 8
738 0 9
739 0 9
740 0 9
741 0 9
742 0 9
743 0 9
744 0 10
745 0 10
746 0 10
747 0 10
748 0 10
749 0 10
750 0 10
751 0 10
752 0 10
753 0 9
754 0 9
755 0 10
756 0 10
757 0 10
758 0 10
759 0 10
760 0 10
761 0 10
762 0 10
763 0 10
764 0 10
765 0 10
766 0 10
767 0 10
768 0 10
769 0 10
770 0 10
771 0 10
772 0 10
773 0 10
774 0 10
775 0 10
776 0 10
777 0 10
778 0 10
779 0 10
780 0 10
781 0 10
782 0 10
783 0 10
784 0 10
785 0 10
786 0 10
787 0 10
788 0 9
789 0 9
790 0 9
791 0 9
792 0 9
793 0 9
794 0 9
795 0 9
796 0 9
797 0 9
798 0 9
799 0 9
800 0 9
801 0 9
802 0 9
803 0 9
804 0 10
805 0 10
806 0 10
807 0 10
808 0 10
809 0 10
810 0 10
811 0 10
812 0 10
813 0 10
814 0 10
815 0 10
816 0 10
817 0 10
818 0 10
819 0 10
820 0 10
821 0 10
822 0 10
823 0 10
824 0 10
825 0 11
826 0 11
827 0 11
828 0 11
829 0 11
830 0 11
831 0 11
832 0 11
833 0 12
834 0 12
835 0 12
836 0 12
837 0 12
838 0 12
839 0 12
840 0 12
841 0 12
842 0 12
843 0 12
844 0 12
845 0 12
846 0 12
847 0 12
848 0 12
849 0 12
850 0 12
851 0 12
852 0 12
853 0 12
854 0 12
855 0 12
856 0 12
857 0 12
858 0 12
859 0 12
860 0 12
861 0 12
862 0 12
863 0 12
864 0 12
865 0 12
866 0 12
867 0 12
868 0 12
869 0 12
870 0 12
871 0 12
872 0 12
873 0 12
874 0 12
875 0 12
876 0 12
877 0 12
878 0 12
879 0 12
880 0 12
881 0 12
882 0 12
883 0 12
884 0 12
885 0 12
886 0 12
887 0 12
888 0 12
889 0 12
890 0 12
891 0 12
892 0 12
893 0 12
894 0 12
895 0 12
896 0 12
897 0 12
898 0 13
899 0 13
900 0 13
901 0 14
902 0 14
903 0 14
904 0 14
905 0 14
906 0 14
907 0 14
908 0 14
909 0 14
910 0 14
911 0 14
912 0 14
913 0 14
914 0 14
915 0 14
916 0 14
917 0 14
918 0 14
919 0 14
920 0 14
921 0 14
922 0 14
923 0 14
924 0 14
925 0 14
926 0 14
927 0 14
928 0 15
929 0 15
930 0 15
931 0 15
932 0 15
933 0 15
934 0 15
935 0 15
936 0 15
937 0 15
938 0 15
939 0 15
940 0 15
941 0 15
942 0 15
943 0 15
944 0 15
945 0 15
946 0 15
947 0 15
948 0 15
949 0 15
950 0 15
951 0 15
952 0 15
953 0 15
954 0 15
955 0 15
956 0 15
957 0 15
958 0 15
959 0 15
960 0 15
961 0 15
962 0 15
963 0 15
964 0 15
965 0 15
966 0 15
967 0 15
968 0 15
969 0 15
970 0 15
971 0 15
972 0 15
973 0 15
974 0 15
975 0 15
976 0 15
977 0 15
978 0 15
979 0 15
980 0 16
981 0 16
982 0 16
983 0 16
984 0 16
985 0 16
986 0 16
987 0 16
988 0 17
989 0 17
990 0 17
991 0 17
992 0 17
993 0 17
994 0 17
995 0 17
996 0 17
997 0 17
998 0 17
999 0 17
1000 0 17
1001 0 18
1002 0 18
1003 0 18
1004 0 18
1005 0 18
1006 0 18
1007 0 18
1008 0 18
1009 0 18
1010 0 18
1011 0 18
1012 0 18
1013 0 18
1014 0 18
1015 0 18
1016 0 18
1017 0 18
1018 0 18
1019 0 19
1020 0 19
1021 0 19
1022 0 19
1023 0 19
1024 0 19
1025 0 19
1026 0 19
1027 0 19
1028 0 19
1029 0 19
1030 0 19
1031 0 19
1032 0 19
1033 0 19
1034 0 19
1035 0 19
1036 0 19
1037 0 19
1038 0 19
1039 0 19
1040 0 19
1041 0 19
1042 0 19
1043 0 19
1044 0 19
1045 0 19
1046 0 19
1047 0 19
1048 0 19
1049 0 19
1050 0 19
1051 0 19
1052 0 19
1053 0 19
1054 0 19
1055 0 19
1056 0 19
1057 0 19
1058 0 19
1059 0 19
1060 0 19
1061 0 19
1062 0 19
1063 0 19
1064 0 20
1065 0 19
1066 0 19
1067 0 19
1068 1 20
1069 1 20
1070 1 20
1071 1 20
1072 1 20
1073 1 20
1074 1 20
1075 1 20
1076 1 20
1077 1 20
1078 1 20
1079 1 20
1080 1 20
1081 1 21
1082 1 21
1083 1 21
1084 1 21
1085 1 21
1086 1 21
1087 1 21
1088 1 21
1089 1 21
1090 1 22
1091 1 22
1092 1 22
1093 1 22
1094 1 22
1095 1 22
1096 1 22
1097 1 22
1098 1 22
1099 1 23
1100 1 23
1101 1 23
1102 1 23
1103 1 23
1104 1 23
1105 1 23
1106 1 23
1107 1 23
1108 1 23
1109 1 23
1110 1 23
1111 1 23
1112 1 23
1113 1 23
1114 1 23
1115 1 23
1116 1 23
1117 1 23
1118 1 23
1119 1 23
1120 1 23
1121 1 23
1122 1 23
1123 1 23
1124 1 23
1125 1 23
1126 1 23
1127 1 23
1128 1 23
1129 1 23
1130 1 23
1131 1 23
1132 1 23
1133 1 23
1134 1 23
1135 1 24
1136 1 24
1137 1 24
1138 1 24
1139 1 24
1140 1 24
1141 1 24
1142 1 24
1143 1 24
1144 1 24
1145 1 24
1146 1 24
1147 1 24
1148 1 25
1149 1 25
1150 1 25
1151 1 25
1152 1 25
1153 1 25
1154 1 25
1155 1 25
1156 1 25
1157 1 25
1158 1 25
1159 1 25
1160 1 25
1161 1 25
1162 1 25
1163 1 25
1164 1 25
1165 1 26
1166 1 26
1167 1 26
1168 1 26
1169 1 26
1170 1 26
1171 1 26
1172 1 26
1173 1 26
1174 1 26
1175 1 26
1176 1 26
1177 1 26
1178 1 26
1179 1 26
1180 1 26
1181 1 26
1182 1 26
1183 1 26
1184 1 26
1185 1 26
1186 1 27
1187 1 27
1188 1 27
1189 1 27
1190 1 27
1191 1 27
1192 1 27
1193 1 27
1194 1 27
1195 1 27
1196 1 27
1197 1 27
1198 1 27
1199 1 27
1200 1 27
1201 1 27
1202 1 27
1203 1 27
1204 1 28
1205 1 28
1206 1 28
1207 1 28
1208 1 28
1209 1 28
1210 1 28
1211 1 28
1212 1 28
1213 1 28
1214 1 28
1215 1 28
1216 1 28
1217 1 28
1218 1 28
1219 1 28
1220 1 28
1221 1 28
1222 1 28
1223 1 28
1224 1 28
1225 1 28
1226 1 28
1227 1 28
1228 1 28
1229 1 29
1230 1 29
1231 1 28
1232 1 29
1233 1 29
1234 1 29
1235 1 29
1236 1 29
1237 1 29
1238 1 29
1239 1 29
1240 1 29
1241 1 29
1242 1 29
1243 1 29
1244 1 29
1245 1 29
1246 1 29
1247 1 29
1248 1 29
1249 1 29
1250 1 29
1251 1 29
1252 1 29
1253 1 29
1254 1 29
1255 1 29
1256 1 29
1257 2 29
1258 2 29
1259 2 29
1260 2 29
1261 2 29
1262 2 29
1263 2 30
1264 2 30
1265 2 30
1266 2 30
1267 2 30
1268 2 30
1269 2 30
1270 2 30
1271 2 30
1272 2 30
1273 2 30
1274 2 30
1275 2 30
1276 2 30
1277 2 30
1278 2 30
1279 2 30
1280 2 30
1281 2 30
1282 2 30
1283 2 30
1284 2 30
1285 2 30
1286 2 30
1287 2 30
1288 2 30
1289 2 30
1290 2 30
1291 2 30
1292 2 30
1293 2 30
1294 2 30
1295 2 30
1296 2 30
1297 2 30
1298 2 31
1299 2 31
1300 2 31
1301 2 31
1302 2 31
1303 2 31
1304 2 31
1305 2 31
1306 2 31
1307 2 31
1308 2 31
1309 2 31
1310 2 31
1311 2 31
1312 2 31
1313 2 31
1314 2 31
1315 2 31
1316 2 31
1317 2 31
1318 2 31
1319 2 31
1320 2 31
1321 2 31
1322 2 31
1323 2 32
1324 2 32
1325 2 32
1326 2 32
1327 2 31
1328 2 32
1329 2 32
1330 2 32
1331 2 32
1332 2 32
1333 2 32
1334 2 32
1335 2 32
1336 2 32
1337 2 32
1338 3 32
1339 3 32
1340 3 32
1341 3 32
1342 3 32
1343 3 32
1344 3 32
1345 3 32
1346 3 33
1347 3 33
1348 3 33
1349 3 33
1350 3 33
1351 3 33
1352 3 33
1353 3 33
1354 3 33
1355 3 33
1356 3 33
1357 3 33
1358 3 33
1359 3 34
1360 3 34
1361 3 34
1362 3 34
1363 3 34
1364 3 34
1365 3 34
1366 3 34
1367 3 34
1368 3 34
1369 3 34
1370 3 34
1371 3 34
1372 3 34
1373 3 34
1374 3 34
1375 3 34
1376 3 34
1377 3 34
1378 4 34
1379 4 34
1380 4 34
1381 4 34
1382 4 34
1383 4 35
1384 4 35
1385 4 35
1386 4 35
1387 4 35
1388 4 35
1389 4 35
1390 4 35
1391 4 35
1392 4 35
1393 4 35
1394 4 35
1395 4 35
1396 4 35
1397 4 35
1398 4 35
1399 4 35
1400 4 35
1401 4 35
1402 4 35
1403 4 35
1404 4 36
1405 4 36
1406 5 36
1407 5 36
1408 5 36
1409 5 36
1410 5 36
1411 5 36
1412 5 36
1413 5 36
1414 5 36
1415 5 36
1416 5 36
1417 5 36
1418 5 36
1419 5 37
1420 5 37
1421 5 37
1422 5 36
1423 5 37
1424 5 36
1425 5 36
1426 5 36
1427 5 37
1428 5 37
1429 5 37
1430 5 37
1431 5 37
1432 5 37
1433 5 37
1434 5 37
1435 5 37
1436 5 37
1437 5 37
1438 5 37
1439 5 37
1440 5 37
1441 6 38
1442 6 38
1443 6 38
1444 6 38
1445 6 38
1446 6 38
1447 6 38
1448 6 38
1449 6 38
1450 6 38
1451 6 38
1452 6 38
1453 6 38
1454 6 38
1455 6 38
1456 6 38
1457 6 38
1458 7 38
1459 7 38
1460 7 38
1461 7 38
1462 7 38
1463 7 39
1464 7 39
1465 7 39
1466 7 39
1467 7 39
1468 7 39
1469 7 39
1470 7 39
1471 7 39
1472 7 39
1473 8 39
1474 8 39
1475 8 39
1476 8 39
1477 8 39
1478 8 39
1479 8 40
1480 8 40
1481 8 40
1482 8 40
1483 8 40
1484 8 40
1485 8 40
1486 8 40
1487 8 40
1488 8 40
1489 8 40
1490 8 40
1491 8 40
1492 8 40
1493 8 40
1494 9 40
1495 9 40
1496 9 40
1497 9 40
1498 9 40
1499 9 40
1500 9 40
1501 9 40
1502 9 40
1503 9 40
1504 9 40
1505 9 40
1506 9 40
1507 10 40
1508 10 40
1509 10 40
1510 10 40
1511 10 40
1512 10 41
1513 10 41
1514 10 41
1515 10 41
1516 10 41
1517 10 41
1518 10 41
1519 11 41
1520 11 41
1521 11 41
1522 11 41
1523 11 41
1524 11 41
1525 11 41
1526 11 41
1527 11 41
1528 11 41
1529 11 41
1530 11 41
1531 11 41
1532 11 41
1533 11 41
1534 12 42
1535 12 42
1536 12 42
1537 12 42
1538 12 42
1539 12 42
1540 13 42
1541 13 42
1542 13 42
1543 13 42
1544 13 42
1545 13 42
1546 13 42
1547 13 42
1548 13 42
1549 13 42
1550 13 43
1551 14 43
1552 14 43
1553 14 43
1554 14 43
1555 14 43
1556 14 43
1557 15 43
1558 15 43
1559 15 43
1560 16 43
1561 17 43
1562 17 43
1563 17 43
1564 18 43
1565 18 43
1566 18 43
1567 18 43
1568 18 43
1569 19 43
1570 19 43
1571 19 43
1572 19 43
1573 19 43
1574 19 43
1575 19 43
1576 19 43
1577 19 43
1578 19 43
1579 19 43
1580 20 43
1581 20 43
1582 20 43
1583 20 43
1584 20 43
1585 20 43
1586 20 43
1587 21 43
1588 21 43
1589 22 43
1590 23 43
1591 23 43
1592 23 43
1593 23 43
1594 23 43
1595 23 43
1596 23 43
1597 24 44
1598 24 44
1599 24 44
1600 24 44
1601 24 44
1602 25 44
1603 27 44
1604 27 44
1605 27 44
1606 27 44
1607 28 44
1608 28 44
1609 28 44
1610 29 44
1611 29 44
1612 29 44
1613 29 44
1614 29 44
1615 29 44
1616 29 44
1617 30 44
1618 34 44
1619 34 44
1620 35 44
1621 39 44
1622 43 44
1623 53 44
1624 53 44
1625 55 44
1626 56 44
1627 57 44
1628 57 44
1629 62 44
1630 62 44
1631 62 44
1632 65 44
1633 67 44
1634 67 44
1635 67 44
1636 69 44
1637 69 44
1638 73 44
1639 73 44
1640 73 44
1641 81 44
1642 100 44
