0 0 0
1 0 0
2 0 0
3 0 0
4 0 0
5 0 0
6 0 0
7 0 0
8 0 0
9 0 0
10 0 0
11 0 0
12 0 0
13 0 0
14 0 0
15 0 0
16 0 0
17 0 0
18 0 0
19 0 0
20 0 0
21 0 0
22 0 0
23 0 0
24 0 0
25 0 0
26 0 0
27 0 0
28 0 0
29 0 0
30 0 0
31 0 0
32 0 0
33 0 0
34 0 0
35 0 0
36 0 0
37 0 0
38 0 0
39 0 0
40 0 0
41 0 0
42 0 0
43 0 0
44 0 0
45 0 0
46 0 0
47 0 0
48 0 0
49 0 0
50 0 0
51 0 0
52 0 0
53 0 0
54 0 0
55 0 0
56 0 0
57 0 0
58 0 0
59 0 0
60 0 0
61 0 0
62 0 0
63 0 0
64 0 0
65 0 0
66 0 0
67 0 0
68 0 0
69 0 0
70 0 0
71 0 0
72 0 0
73 0 0
74 0 0
75 0 0
76 0 0
77 0 0
78 0 0
79 0 0
80 0 0
81 0 0
82 0 0
83 0 0
84 0 0
85 0 0
86 0 0
87 0 0
88 0 0
89 0 0
90 0 0
91 0 0
92 0 0
93 0 0
94 0 0
95 0 0
96 0 0
97 0 0
98 0 0
99 0 0
100 0 0
101 0 0
102 0 0
103 0 0
104 0 0
105 0 0
106 0 0
107 0 0
108 0 0
109 0 0
110 0 0
111 0 0
112 0 0
113 0 0
114 0 0
115 0 0
116 0 0
117 0 0
118 0 0
119 0 0
120 0 0
121 0 0
122 0 0
123 0 0
124 0 0
125 0 0
126 0 0
127 0 0
128 0 0
129 0 0
130 0 0
131 0 0
132 0 0
133 0 0
134 0 0
135 0 0
136 0 0
137 0 0
138 0 0
139 0 0
140 0 0
141 0 0
142 0 0
143 0 0
144 0 0
145 0 0
146 0 0
147 0 0
148 0 0
149 0 0
150 0 0
151 0 0
152 0 0
153 0 0
154 0 0
155 0 0
156 0 0
157 0 0
158 0 0
159 0 0
160 0 0
161 0 0
162 0 0
163 0 0
164 0 0
165 0 0
166 0 0
167 0 0
168 0 0
169 0 0
170 0 0
171 0 0
172 0 0
173 0 0
174 0 0
175 0 0
176 0 0
177 0 0
178 0 0
179 0 0
180 0 0
181 0 0
182 0 0
183 0 0
184 0 0
185 0 0
186 0 0
187 0 0
188 0 0
189 0 0
190 0 0
191 0 0
192 0 0
193 0 0
194 0 0
195 0 0
196 0 0
197 0 0
198 0 0
199 0 0
200 0 0
201 0 0
202 0 0
203 0 0
204 0 0
205 0 0
206 0 0
207 0 0
208 0 0
209 0 0
210 0 0
211 0 0
212 0 0
213 0 0
214 0 0
215 0 0
216 0 0
217 0 0
218 0 0
219 0 0
220 0 0
221 0 0
222 0 0
223 0 0
224 0 0
225 0 0
226 0 0
227 0 0
228 0 0
229 0 0
230 0 0
231 0 0
232 0 0
233 0 0
234 0 0
235 0 0
236 0 0
237 0 0
238 0 0
239 0 0
240 0 0
241 0 0
242 0 0
243 0 0
244 0 0
245 0 0
246 0 0
247 0 0
248 0 0
249 0 0
250 0 0
251 0 0
252 0 0
253 0 0
254 0 0
255 0 0
256 0 0
257 0 0
258 0 0
259 0 0
260 0 0
261 0 0
262 0 0
263 0 0
264 0 0
265 0 0
266 0 0
267 0 0
268 0 0
269 0 0
270 0 0
271 0 0
272 0 0
273 0 0
274 0 0
275 0 0
276 0 0
277 0 0
278 0 0
279 0 0
280 0 0
281 0 0
282 0 0
283 0 0
284 0 0
285 0 0
286 0 0
287 0 0
288 0 0
289 0 0
290 0 0
291 0 0
292 0 0
293 0 0
294 0 0
295 0 0
296 0 0
297 0 0
298 0 0
299 0 0
300 0 0
301 0 0
302 0 0
303 0 0
304 0 0
305 0 0
306 0 0
307 0 0
308 0 0
309 0 0
310 0 0
311 0 0
312 0 0
313 0 0
314 0 0
315 0 0
316 0 0
317 0 0
318 0 0
319 0 0
320 0 0
321 0 0
322 0 0
323 0 0
324 0 0
325 0 0
326 0 0
327 0 0
328 0 0
329 0 0
330 0 0
331 0 0
332 0 0
333 0 0
334 0 0
335 0 0
336 0 0
337 0 0
338 0 0
339 0 0
340 0 0
341 0 0
342 0 0
343 0 0
344 0 0
345 0 0
346 0 0
347 0 0
348 0 0
349 0 0
350 0 0
351 0 0
352 0 0
353 0 0
354 0 0
355 0 0
356 0 0
357 0 0
358 0 0
359 0 0
360 0 0
361 0 0
362 0 0
363 0 0
364 0 0
365 0 0
366 0 0
367 0 0
368 0 0
369 0 0
370 0 0
371 0 0
372 0 0
373 0 0
374 0 0
375 0 0
376 0 0
377 0 0
378 0 0
379 0 0
380 0 0
381 0 0
382 0 0
383 0 0
384 0 0
385 0 0
386 0 0
387 0 0
388 0 0
389 0 0
390 0 0
391 0 0
392 0 0
393 0 0
394 0 0
395 0 0
396 0 0
397 0 0
398 0 0
399 0 0
400 0 0
401 0 0
402 0 0
403 0 0
404 0 0
405 0 0
406 0 0
407 0 0
408 0 0
409 0 0
410 0 0
411 0 0
412 0 0
413 0 0
414 0 0
415 0 0
416 0 0
417 0 0
418 0 0
419 0 0
420 0 0
421 0 0
422 0 0
423 0 0
424 0 0
425 0 0
426 0 0
427 0 0
428 0 0
429 0 0
430 0 0
431 0 0
432 0 0
433 0 0
434 0 0
435 0 0
436 0 0
437 0 0
438 0 0
439 0 0
440 0 0
441 0 0
442 0 0
443 0 0
444 0 0
445 0 0
446 0 0
447 0 0
448 0 0
449 0 0
450 0 0
451 0 0
452 0 0
453 0 0
454 0 0
455 0 0
456 0 0
457 0 0
458 0 0
459 0 0
460 0 0
461 0 0
462 0 0
463 0 0
464 0 0
465 0 0
466 0 0
467 0 0
468 0 0
469 0 0
470 0 0
471 0 0
472 0 0
473 0 0
474 0 0
475 0 0
476 0 0
477 0 0
478 0 0
479 0 0
480 0 0
481 0 0
482 0 0
483 0 0
484 0 0
485 0 0
486 0 0
487 0 0
488 0 0
489 0 0
490 0 0
491 0 0
492 0 0
493 0 0
494 0 0
495 0 0
496 0 0
497 0 0
498 0 0
499 0 0
500 0 0
501 0 0
502 0 0
503 0 0
504 0 0
505 0 0
506 0 0
507 0 0
508 0 0
509 0 0
510 0 0
511 0 0
512 0 0
513 0 0
514 0 0
515 0 0
516 0 0
517 0 0
518 0 0
519 0 0
520 0 0
521 0 0
522 0 0
523 0 0
524 0 0
525 0 0
526 0 0
527 0 0
528 0 0
529 0 0
530 0 0
531 0 0
532 0 0
533 0 0
534 0 0
535 0 0
536 0 0
537 0 1
538 0 1
539 0 1
540 0 1
541 0 1
542 0 1
543 0 1
544 0 1
545 0 1
546 0 1
547 0 1
548 0 1
549 0 2
550 0 2
551 0 2
552 0 2
553 0 2
554 0 2
555 0 2
556 0 2
557 0 2
558 0 2
559 0 2
560 0 2
561 0 2
562 0 2
563 0 2
564 0 2
565 0 2
566 0 2
567 0 2
568 0 2
569 0 2
570 0 2
571 0 2
572 0 2
573 0 2
574 0 2
575 0 2
576 0 2
577 0 2
578 0 2
579 0 2
580 0 2
581 0 2
582 0 2
583 0 3
584 0 3
585 0 3
586 0 3
587 0 3
588 0 3
589 0 3
590 0 3
591 0 3
592 0 3
593 0 3
594 0 4
595 0 4
596 0 4
597 0 4
598 0 4
599 0 4
600 0 4
601 0 5
602 0 5
603 0 5
604 0 5
605 0 5
606 0 5
607 0 6
608 0 6
609 0 6
610 0 6
611 0 6
612 0 6
613 0 6
614 0 6
615 0 6
616 0 6
617 0 6
618 0 6
619 0 6
620 0 6
621 0 6
622 0 6
623 0 7
624 0 7
625 0 7
626 0 7
627 0 7
628 0 7
629 0 7
630 0 7
631 0 7
632 0 8
633 0 8
634 0 8
635 0 8
636 0 7
637 0 7
638 0 7
639 0 8
640 0 8
641 0 8
642 0 8
643 0 8
644 0 8
645 0 8
646 0 8
647 0 8
648 0 8
649 0 8
650 0 8
651 0 8
652 0 8
653 0 8
654 0 8
655 0 8
656 0 9
657 0 9
658 0 9
659 0 9
660 0 9
661 0 9
662 0 9
663 0 9
664 0 9
665 0 9
666 0 9
667 0 9
668 0 9
669 0 9
670 0 9
671 0 9
672 0 9
673 0 9
674 0 9
675 0 9
676 0 8
677 0 8
678 0 8
679 0 8
680 0 8
681 0 8
682 0 8
683 0 8
684 0 8
685 0 8
686 0 8
687 0 8
688 0 8
689 0 8
690 0 8
691 0 8
692 0 8
693 0 8
694 0 8
695 0 8
696 0 8
697 0 8
698 0 8
699 0 8
700 0 8
701 0 8
702 0 8
703 0 8
704 0 8
705 0 8
706 0 8
707 0 8
708 0 8
709 0 8
710 0 8
711 0 8
712 0 8
713 0 8
714 0 8
715 0 8
716 0 8
717 0 8
718 0 8
719 0 8
720 0 8
721 0 8
722 0 8
723 0 8
724 0 8
725 0 8
726 0 8
727 0 8
728 0 8
729 0 8
730 0 8
731 0 8
732 0 8
733 0 8
734 0 8
735 0 8
736 0 8
737 0 8
738 0 8
739 0 8
740 0 8
741 0 9
742 0 9
743 0 9
744 0 9
745 0 9
746 0 9
747 0 9
748 0 9
749 0 9
750 0 9
751 0 9
752 0 9
753 0 9
754 0 9
755 0 9
756 0 9
757 0 9
758 0 9
759 0 9
760 0 9
761 0 9
762 0 9
763 0 9
764 0 9
765 0 9
766 0 9
767 0 9
768 0 9
769 0 9
770 0 9
771 0 9
772 0 9
773 0 9
774 0 9
775 0 9
776 0 9
777 0 9
778 0 9
779 0 9
780 0 9
781 0 9
782 0 9
783 0 9
784 0 9
785 0 9
786 0 9
787 0 9
788 0 9
789 0 9
790 0 9
791 0 9
792 0 9
793 0 9
794 0 9
795 0 9
796 0 8
797 0 8
798 0 8
799 0 8
800 0 8
801 0 8
802 0 8
803 0 8
804 0 8
805 0 8
806 0 8
807 0 8
808 0 8
809 0 8
810 0 8
811 0 8
812 0 8
813 0 8
814 0 8
815 0 8
816 0 8
817 0 8
818 0 8
819 0 8
820 0 8
821 0 8
822 0 8
823 0 8
824 0 8
825 0 9
826 0 9
827 0 9
828 0 9
829 0 9
830 0 9
831 0 9
832 0 9
833 0 9
834 0 9
835 0 9
836 0 9
837 0 9
838 0 9
839 0 9
840 0 9
841 0 9
842 0 9
843 0 9
844 0 9
845 0 9
846 0 9
847 0 9
848 0 9
849 0 9
850 0 9
851 0 9
852 0 9
853 0 9
854 0 9
855 0 9
856 0 9
857 0 9
858 0 9
859 0 9
860 0 9
861 0 9
862 0 9
863 0 9
864 0 9
865 0 9
866 0 9
867 0 9
868 0 9
869 0 9
870 0 9
871 0 9
872 0 9
873 0 9
874 0 9
875 0 9
876 0 9
877 0 9
878 0 9
879 0 9
880 0 9
881 0 9
882 0 9
883 0 9
884 0 9
885 0 9
886 0 9
887 0 9
888 0 9
889 0 9
890 0 9
891 0 9
892 0 9
893 0 9
894 0 9
895 0 9
896 0 9
897 0 9
898 0 9
899 0 9
900 0 9
901 0 9
902 0 9
903 0 9
904 0 9
905 0 9
906 0 9
907 0 9
908 0 9
909 0 9
910 0 9
911 0 9
912 0 9
913 0 9
914 0 9
915 0 9
916 0 9
917 0 9
918 0 9
919 0 9
920 0 9
921 0 9
922 0 9
923 0 9
924 0 9
925 0 9
926 0 9
927 0 9
928 0 9
929 0 9
930 0 9
931 0 9
932 0 9
933 0 9
934 0 9
935 0 9
936 0 9
937 0 9
938 0 9
939 0 9
940 0 9
941 0 9
942 0 9
943 0 9
944 0 9
945 0 9
946 0 9
947 0 9
948 0 9
949 0 9
950 0 9
951 0 9
952 0 9
953 0 9
954 0 9
955 0 9
956 0 9
957 0 9
958 0 9
959 0 9
960 0 9
961 0 9
962 0 9
963 0 9
964 0 9
965 0 9
966 0 9
967 0 9
968 0 9
969 0 9
970 0 9
971 0 9
972 0 9
973 0 9
974 0 9
975 0 9
976 0 9
977 0 9
978 0 9
979 0 9
980 0 9
981 0 9
982 0 9
983 0 9
984 0 9
985 0 9
986 0 9
987 0 9
988 0 9
989 0 9
990 0 9
991 0 9
992 0 9
993 0 9
994 0 9
995 0 9
996 0 9
997 0 9
998 0 9
999 0 9
1000 0 9
1001 0 9
1002 0 9
1003 0 9
1004 0 9
1005 0 9
1006 0 9
1007 0 9
1008 0 9
1009 0 9
1010 0 9
1011 0 9
1012 0 9
1013 0 9
1014 0 9
1015 0 9
1016 0 9
1017 0 9
1018 0 9
1019 0 9
1020 0 9
1021 0 9
1022 0 9
1023 0 9
1024 0 10
1025 0 10
1026 0 10
1027 0 10
1028 0 10
1029 0 10
1030 0 10
1031 0 10
1032 0 10
1033 0 10
1034 0 10
1035 0 10
1036 0 10
1037 0 10
1038 0 10
1039 0 10
1040 0 10
1041 0 10
1042 0 10
1043 0 10
1044 0 10
1045 0 10
1046 0 10
1047 0 10
1048 0 10
1049 0 10
1050 0 10
1051 0 10
1052 0 10
1053 0 10
1054 0 10
1055 0 11
1056 0 11
1057 0 11
1058 0 11
1059 0 11
1060 0 11
1061 0 11
1062 0 11
1063 0 11
1064 0 11
1065 0 11
1066 0 11
1067 0 11
1068 1 11
1069 1 11
1070 1 11
1071 1 11
1072 1 11
1073 1 11
1074 1 11
1075 1 11
1076 1 11
1077 1 11
1078 1 11
1079 1 11
1080 1 11
1081 1 11
1082 1 11
1083 1 11
1084 1 11
1085 1 11
1086 1 11
1087 1 12
1088 1 12
1089 1 12
1090 1 12
1091 1 12
1092 1 12
1093 1 12
1094 1 12
1095 1 12
1096 1 12
1097 1 12
1098 1 12
1099 1 12
1100 1 13
1101 1 13
1102 1 13
1103 1 13
1104 1 13
1105 1 13
1106 1 13
1107 1 13
1108 1 13
1109 1 13
1110 1 13
1111 1 13
1112 1 13
1113 1 13
1114 1 13
1115 1 13
1116 1 13
1117 1 14
1118 1 14
1119 1 14
1120 1 14
1121 1 14
1122 1 14
1123 1 14
1124 1 14
1125 1 14
1126 1 14
1127 1 14
1128 1 14
1129 1 14
1130 1 14
1131 1 14
1132 1 14
1133 1 14
1134 1 14
1135 1 14
1136 1 14
1137 1 14
1138 1 14
1139 1 14
1140 1 14
1141 1 14
1142 1 14
1143 1 14
1144 1 14
1145 1 15
1146 1 15
1147 1 15
1148 1 14
1149 1 14
1150 1 14
1151 1 14
1152 1 14
1153 1 14
1154 1 14
1155 1 14
1156 1 14
1157 1 14
1158 1 14
1159 1 15
1160 1 15
1161 1 15
1162 1 15
1163 1 15
1164 1 15
1165 1 15
1166 1 15
1167 1 15
1168 1 15
1169 1 15
1170 1 15
1171 1 15
1172 1 15
1173 1 15
1174 1 15
1175 1 15
1176 1 15
1177 1 15
1178 1 15
1179 1 15
1180 1 15
1181 1 15
1182 1 15
1183 1 15
1184 1 15
1185 1 15
1186 1 15
1187 1 15
1188 1 15
1189 1 15
1190 1 15
1191 1 15
1192 1 15
1193 1 15
1194 1 15
1195 1 15
1196 1 16
1197 1 15
1198 1 15
1199 1 16
1200 1 16
1201 1 16
1202 1 16
1203 1 16
1204 1 16
1205 1 16
1206 1 16
1207 1 16
1208 1 16
1209 1 16
1210 1 16
1211 1 16
1212 1 16
1213 1 16
1214 1 16
1215 1 16
1216 1 16
1217 1 16
1218 1 16
1219 1 16
1220 1 16
1221 1 16
1222 1 16
1223 1 16
1224 1 16
1225 1 16
1226 1 16
1227 1 16
1228 1 16
1229 1 16
1230 1 16
1231 1 16
1232 1 16
1233 1 17
1234 1 17
1235 1 17
1236 1 17
1237 1 17
1238 1 17
1239 1 17
1240 1 17
1241 1 17
1242 1 17
1243 1 17
1244 1 17
1245 1 17
1246 1 17
1247 1 17
1248 1 17
1249 1 17
1250 1 17
1251 1 17
1252 1 17
1253 1 17
1254 1 17
1255 1 17
1256 1 17
1257 2 17
1258 2 17
1259 2 17
1260 2 17
1261 2 17
1262 2 17
1263 2 17
1264 2 17
1265 2 17
1266 2 17
1267 2 17
1268 2 17
1269 2 17
1270 2 17
1271 2 17
1272 2 17
1273 2 17
1274 2 17
1275 2 17
1276 2 17
1277 2 17
1278 2 17
1279 2 17
1280 2 17
1281 2 17
1282 2 17
1283 2 17
1284 2 17
1285 2 17
1286 2 17
1287 2 17
1288 2 17
1289 2 17
1290 2 17
1291 2 17
1292 2 18
1293 2 18
1294 2 18
1295 2 18
1296 2 18
1297 2 18
1298 2 18
1299 2 18
1300 2 18
1301 2 18
1302 2 18
1303 2 18
1304 2 18
1305 2 18
1306 2 18
1307 2 18
1308 2 18
1309 2 18
1310 2 18
1311 2 18
1312 2 18
1313 2 18
1314 2 18
1315 2 18
1316 2 18
1317 2 18
1318 2 18
1319 2 18
1320 2 19
1321 2 19
1322 2 19
1323 2 19
1324 2 19
1325 2 19
1326 2 19
1327 2 19
1328 2 19
1329 2 19
1330 2 19
1331 2 20
1332 2 20
1333 2 19
1334 2 19
1335 2 19
1336 2 20
1337 2 20
1338 3 20
1339 3 20
1340 3 20
1341 3 20
1342 3 20
1343 3 20
1344 3 20
1345 3 20
1346 3 20
1347 3 20
1348 3 20
1349 3 20
1350 3 20
1351 3 21
1352 3 21
1353 3 21
1354 3 21
1355 3 21
1356 3 21
1357 3 21
1358 3 21
1359 3 21
1360 3 21
1361 3 21
1362 3 21
1363 3 21
1364 3 21
1365 3 21
1366 3 21
1367 3 22
1368 3 22
1369 3 22
1370 3 22
1371 3 22
1372 3 22
1373 3 22
1374 3 22
1375 3 22
1376 3 22
1377 3 22
1378 4 22
1379 4 22
1380 4 22
1381 4 22
1382 4 22
1383 4 22
1384 4 22
1385 4 22
1386 4 22
1387 4 22
1388 4 22
1389 4 22
1390 4 22
1391 4 22
1392 4 22
1393 4 22
1394 4 22
1395 4 22
1396 4 22
1397 4 22
1398 4 23
1399 4 23
1400 4 23
1401 4 23
1402 4 23
1403 4 23
1404 4 23
1405 4 23
1406 5 23
1407 5 23
1408 5 23
1409 5 23
1410 5 24
1411 5 24
1412 5 24
1413 5 24
1414 5 24
1415 5 24
1416 5 24
1417 5 24
1418 5 24
1419 5 24
1420 5 24
1421 5 24
1422 5 24
1423 5 24
1424 5 24
1425 5 24
1426 5 24
1427 5 24
1428 5 24
1429 5 24
1430 5 24
1431 5 24
1432 5 24
1433 5 24
1434 5 24
1435 5 24
1436 5 25
1437 5 25
1438 5 25
1439 5 25
1440 5 25
1441 6 25
1442 6 25
1443 6 25
1444 6 25
1445 6 26
1446 6 26
1447 6 26
1448 6 26
1449 6 26
1450 6 26
1451 6 26
1452 6 26
1453 6 26
1454 6 26
1455 6 26
1456 6 26
1457 6 26
1458 7 26
1459 7 26
1460 7 27
1461 7 27
1462 7 27
1463 7 27
1464 7 27
1465 7 27
1466 7 27
1467 7 27
1468 7 27
1469 7 28
1470 7 28
1471 7 28
1472 7 28
1473 8 28
1474 8 28
1475 8 28
1476 8 28
1477 8 28
1478 8 28
1479 8 28
1480 8 28
1481 8 28
1482 8 28
1483 8 28
1484 8 28
1485 8 28
1486 8 28
1487 8 28
1488 8 28
1489 8 28
1490 8 29
1491 8 29
1492 8 29
1493 8 29
1494 9 29
1495 9 29
1496 9 29
1497 9 29
1498 9 29
1499 9 29
1500 9 29
1501 9 29
1502 9 29
1503 9 29
1504 9 29
1505 9 29
1506 9 29
1507 10 29
1508 10 29
1509 10 29
1510 10 29
1511 10 29
1512 10 30
1513 10 30
1514 10 30
1515 10 30
1516 10 30
1517 10 30
1518 10 30
1519 11 30
1520 11 30
1521 11 30
1522 11 30
1523 11 30
1524 11 30
1525 11 30
1526 11 30
1527 11 31
1528 11 31
1529 11 31
1530 11 31
1531 11 31
1532 11 31
1533 11 31
1534 12 31
1535 12 31
1536 12 31
1537 12 31
1538 12 32
1539 12 32
1540 13 32
1541 13 32
1542 13 32
1543 13 32
1544 13 32
1545 13 32
1546 13 32
1547 13 32
1548 13 32
1549 13 32
1550 13 32
1551 14 32
1552 14 32
1553 14 32
1554 14 32
1555 14 32
1556 14 32
1557 15 33
1558 15 33
1559 15 33
1560 16 33
1561 17 33
1562 17 33
1563 17 33
1564 18 33
1565 18 33
1566 18 33
1567 18 33
1568 18 33
1569 19 33
1570 19 33
1571 19 33
1572 19 33
1573 19 33
1574 19 33
1575 19 33
1576 19 33
1577 19 33
1578 19 33
1579 19 34
1580 20 34
1581 20 34
1582 20 34
1583 20 34
1584 20 34
1585 20 34
1586 20 34
1587 21 34
1588 21 34
1589 22 34
1590 23 34
1591 23 34
1592 23 34
1593 23 34
1594 23 34
1595 23 34
1596 23 34
1597 24 35
1598 24 35
1599 24 35
1600 24 35
1601 24 35
1602 25 35
1603 27 35
1604 27 35
1605 27 35
1606 27 35
1607 28 35
1608 28 35
1609 28 35
1610 29 35
1611 29 35
1612 29 35
1613 29 35
1614 29 35
1615 29 36
1616 29 36
1617 30 36
1618 34 36
1619 34 36
1620 35 36
1621 39 36
1622 43 36
1623 53 36
1624 53 36
1625 55 36
1626 56 36
1627 57 36
1628 57 37
1629 62 37
1630 62 37
1631 62 37
1632 65 37
1633 67 37
1634 67 37
1635 67 37
1636 69 37
1637 69 37
1638 73 37
1639 73 37
1640 73 37
1641 81 37
1642 100 37
