0 0 0
1 0 0
2 0 0
3 0 0
4 0 0
5 0 0
6 0 0
7 0 0
8 0 0
9 0 0
10 0 20
11 0 16
12 0 14
13 0 12
14 0 12
15 0 11
16 0 10
17 0 9
18 0 8
19 0 8
20 0 7
21 0 7
22 0 7
23 0 7
24 0 7
25 0 7
26 0 7
27 0 7
28 0 6
29 0 6
30 0 6
31 0 12
32 0 12
33 0 12
34 0 11
35 0 11
36 0 11
37 0 11
38 0 11
39 0 11
40 0 10
41 0 10
42 0 10
43 0 10
44 0 10
45 0 10
46 0 10
47 0 9
48 0 9
49 0 9
50 0 9
51 0 9
52 0 9
53 0 9
54 0 9
55 0 9
56 0 8
57 0 8
58 0 8
59 0 8
60 0 8
61 0 8
62 0 8
63 0 7
64 0 7
65 0 7
66 0 7
67 0 7
68 0 6
69 0 6
70 0 6
71 0 6
72 0 6
73 0 6
74 0 6
75 0 6
76 0 6
77 0 6
78 0 6
79 0 6
80 0 6
81 0 6
82 0 6
83 0 6
84 0 5
85 0 5
86 0 5
87 0 5
88 0 5
89 0 5
90 0 5
91 0 5
92 0 5
93 0 5
94 0 5
95 0 5
96 0 5
97 0 5
98 0 4
99 0 4
100 0 4
101 0 4
102 0 4
103 0 4
104 0 4
105 0 4
106 0 4
107 0 4
108 0 4
109 0 4
110 0 4
111 0 4
112 0 4
113 0 4
114 0 4
115 0 4
116 0 4
117 0 4
118 0 4
119 0 4
120 0 4
121 0 4
122 0 4
123 0 4
124 0 4
125 0 4
126 0 4
127 0 4
128 0 4
129 0 4
130 0 4
131 0 4
132 0 4
133 0 4
134 0 4
135 0 4
136 0 4
137 0 4
138 0 4
139 0 3
140 0 3
141 0 3
142 0 3
143 0 3
144 0 3
145 0 3
146 0 3
147 0 3
148 0 3
149 0 3
150 0 3
151 0 3
152 0 3
153 0 3
154 0 3
155 0 3
156 0 3
157 0 3
158 0 3
159 0 3
160 0 3
161 0 3
162 0 3
163 0 3
164 0 3
165 0 3
166 0 3
167 0 3
168 0 3
169 0 3
170 0 3
171 0 3
172 0 3
173 0 3
174 0 3
175 0 3
176 0 3
177 0 3
178 0 3
179 0 3
180 0 3
181 0 3
182 0 3
183 0 3
184 0 3
185 0 3
186 0 3
187 0 3
188 0 3
189 0 3
190 0 3
191 0 3
192 0 3
193 0 3
194 0 3
195 0 3
196 0 3
197 0 3
198 0 3
199 0 3
200 0 2
201 0 2
202 0 2
203 0 2
204 0 2
205 0 2
206 0 2
207 0 2
208 0 2
209 0 2
210 0 2
211 0 2
212 0 2
213 0 2
214 0 2
215 0 2
216 0 2
217 0 2
218 0 2
219 0 2
220 0 2
221 0 2
222 0 2
223 0 2
224 0 2
225 0 2
226 0 2
227 0 2
228 0 2
229 0 2
230 0 2
231 0 2
232 0 2
233 0 3
234 0 3
235 0 3
236 0 3
237 0 3
238 0 3
239 0 3
240 0 3
241 0 3
242 0 3
243 0 3
244 0 3
245 0 3
246 0 3
247 0 3
248 0 3
249 0 3
250 0 3
251 0 3
252 0 3
253 0 3
254 0 3
255 0 3
256 0 3
257 0 3
258 0 3
259 0 3
260 0 3
261 0 3
262 0 3
263 0 3
264 0 3
265 0 3
266 0 3
267 0 3
268 0 3
269 0 3
270 0 3
271 0 3
272 0 3
273 0 3
274 0 3
275 0 3
276 0 3
277 0 3
278 0 3
279 0 3
280 0 3
281 0 3
282 0 3
283 0 3
284 0 3
285 0 3
286 0 3
287 0 3
288 0 3
289 0 3
290 0 3
291 0 3
292 0 4
293 0 4
294 0 4
295 0 4
296 0 4
297 0 4
298 0 4
299 0 4
300 0 4
301 0 4
302 0 5
303 0 5
304 0 5
305 0 6
306 0 6
307 0 7
308 0 8
309 0 8
310 0 8
311 0 8
312 0 8
313 0 8
314 0 8
315 0 8
316 0 8
317 0 8
318 0 8
319 0 7
320 0 7
321 0 7
322 0 7
323 0 7
324 0 7
325 0 7
326 0 7
327 0 7
328 0 7
329 0 7
330 0 7
331 0 7
332 0 7
333 0 7
334 0 7
335 0 7
336 0 7
337 0 8
338 0 9
339 0 9
340 0 9
341 0 9
342 0 9
343 0 9
344 0 10
345 0 10
346 0 10
347 0 9
348 0 9
349 0 9
350 0 9
351 0 9
352 0 9
353 0 9
354 0 9
355 0 9
356 0 9
357 0 9
358 0 9
359 0 9
360 0 9
361 0 9
362 0 9
363 0 9
364 0 9
365 0 9
366 0 9
367 0 9
368 0 10
369 0 11
370 0 11
371 0 11
372 0 11
373 0 11
374 0 11
375 0 11
376 0 11
377 0 11
378 0 11
379 0 11
380 0 11
381 0 11
382 0 11
383 0 11
384 0 11
385 0 11
386 0 11
387 0 11
388 0 11
389 0 11
390 0 11
391 0 11
392 0 11
393 0 11
394 0 11
395 0 12
396 0 12
397 0 12
398 0 12
399 0 12
400 0 12
401 0 12
402 0 12
403 0 12
404 0 12
405 0 12
406 0 12
407 0 12
408 0 12
409 0 12
410 0 12
411 0 12
412 0 12
413 0 13
414 0 13
415 0 13
416 0 13
417 0 13
418 0 13
419 0 13
420 0 13
421 0 13
422 0 13
423 0 13
424 0 13
425 0 13
426 0 13
427 0 12
428 0 12
429 0 12
430 0 12
431 0 12
432 0 12
433 0 13
434 0 13
435 0 13
436 0 13
437 0 14
438 0 13
439 0 13
440 0 13
441 0 14
442 0 15
443 0 15
444 0 15
445 0 15
446 0 15
447 0 15
448 0 15
449 0 15
450 0 15
451 0 15
452 0 15
453 0 15
454 0 15
455 0 15
456 0 15
457 0 15
458 0 15
459 0 15
460 0 15
461 0 15
462 0 15
463 0 15
464 0 15
465 0 15
466 0 15
467 0 15
468 0 15
469 0 15
470 0 15
471 0 15
472 0 15
473 0 15
474 0 15
475 0 15
476 0 15
477 0 15
478 0 15
479 0 15
480 0 15
481 0 15
482 0 15
483 0 15
484 0 15
485 0 15
486 0 15
487 0 15
488 0 15
489 0 15
490 0 15
491 0 15
492 0 15
493 0 15
494 0 15
495 0 15
496 0 15
497 0 16
498 0 16
499 0 16
500 0 16
501 0 16
502 0 16
503 0 16
504 0 16
505 0 16
506 0 17
507 0 17
508 0 16
509 0 16
510 0 16
511 0 16
512 0 17
513 0 17
514 0 17
515 0 17
516 0 17
517 0 17
518 0 17
519 0 18
520 0 18
521 0 18
522 0 18
523 0 18
524 0 18
525 0 18
526 0 19
527 0 19
528 0 19
529 0 19
530 0 19
531 0 19
532 0 19
533 0 19
534 0 19
535 0 19
536 0 19
537 0 20
538 0 20
539 0 20
540 0 20
541 0 20
542 0 20
543 0 20
544 0 20
545 0 20
546 0 20
547 0 21
548 0 21
549 0 21
550 0 21
551 0 21
552 0 21
553 0 21
554 0 21
555 0 22
556 0 22
557 0 22
558 0 22
559 0 22
560 0 22
561 0 22
562 0 22
563 0 22
564 0 21
565 0 21
566 0 21
567 0 21
568 0 21
569 0 21
570 0 21
571 0 21
572 0 21
573 0 21
574 0 21
575 0 21
576 0 21
577 0 21
578 0 21
579 0 21
580 0 21
581 0 21
582 0 21
583 0 21
584 0 21
585 0 21
586 0 21
587 0 21
588 0 21
589 0 21
590 0 21
591 0 21
592 0 21
593 0 21
594 0 21
595 0 21
596 0 21
597 0 22
598 0 22
599 0 22
600 0 22
601 0 22
602 0 22
603 0 22
604 0 22
605 0 22
606 0 22
607 0 23
608 0 23
609 0 23
610 0 23
611 0 23
612 0 23
613 0 23
614 0 23
615 0 23
616 0 23
617 0 23
618 0 23
619 0 22
620 0 22
621 0 23
622 0 23
623 0 24
624 0 24
625 0 23
626 0 23
627 0 23
628 0 24
629 0 24
630 0 24
631 0 24
632 0 24
633 0 24
634 0 24
635 0 24
636 0 24
637 0 24
638 0 24
639 0 24
640 0 24
641 0 24
642 0 24
643 0 24
644 0 24
645 0 24
646 0 24
647 0 24
648 0 24
649 0 24
650 0 24
651 0 24
652 0 24
653 0 24
654 0 25
655 0 25
656 0 25
657 0 25
658 0 25
659 0 25
660 0 25
661 0 25
662 0 25
663 0 25
664 0 25
665 0 25
666 0 25
667 0 25
668 0 25
669 0 25
670 0 25
671 0 25
672 0 25
673 0 25
674 0 25
675 0 25
676 0 25
677 0 25
678 0 25
679 0 25
680 0 25
681 0 25
682 0 25
683 0 25
684 0 25
685 0 25
686 0 25
687 0 24
688 0 24
689 0 24
690 0 24
691 0 24
692 0 24
693 0 24
694 0 24
695 0 24
696 0 24
697 0 24
698 0 24
699 0 24
700 0 24
701 0 24
702 0 24
703 0 24
704 0 24
705 0 24
706 0 24
707 0 24
708 0 24
709 0 24
710 0 24
711 0 24
712 0 24
713 0 24
714 0 24
715 0 25
716 0 25
717 0 25
718 0 24
719 0 24
720 0 25
721 0 25
722 0 25
723 0 25
724 0 25
725 0 25
726 0 25
727 0 25
728 0 25
729 0 25
730 0 25
731 0 25
732 0 25
733 0 25
734 0 25
735 0 25
736 0 25
737 0 25
738 0 25
739 0 25
740 0 25
741 0 25
742 0 25
743 0 25
744 0 25
745 0 25
746 0 25
747 0 25
748 0 25
749 0 25
750 0 25
751 0 26
752 0 26
753 0 26
754 0 26
755 0 26
756 0 26
757 0 26
758 0 26
759 0 26
760 0 26
761 0 26
762 0 26
763 0 26
764 0 26
765 0 26
766 0 26
767 0 26
768 0 26
769 0 26
770 0 26
771 0 26
772 0 26
773 0 26
774 0 26
775 0 26
776 0 26
777 0 26
778 0 26
779 0 26
780 0 26
781 0 26
782 0 26
783 0 26
784 0 26
785 0 26
786 0 26
787 0 26
788 0 25
789 0 25
790 0 25
791 0 25
792 0 25
793 0 25
794 0 25
795 0 25
796 0 25
797 0 25
798 0 25
799 0 25
800 0 25
801 0 25
802 0 25
803 0 25
804 0 25
805 0 25
806 0 25
807 0 25
808 0 25
809 0 25
810 0 25
811 0 25
812 0 25
813 0 25
814 0 26
815 0 26
816 0 26
817 0 26
818 0 26
819 0 26
820 0 26
821 0 26
822 0 26
823 0 26
824 0 26
825 0 26
826 0 26
827 0 26
828 0 26
829 0 26
830 0 25
831 0 25
832 0 25
833 0 26
834 0 26
835 0 26
836 0 26
837 0 26
838 0 26
839 0 26
840 0 26
841 0 26
842 0 26
843 0 26
844 0 26
845 0 26
846 0 26
847 0 26
848 0 26
849 0 26
850 0 26
851 0 26
852 0 26
853 0 26
854 0 25
855 0 25
856 0 25
857 0 25
858 0 25
859 0 25
860 0 25
861 0 25
862 0 25
863 0 25
864 0 25
865 0 25
866 0 25
867 0 25
868 0 25
869 0 25
870 0 25
871 0 25
872 0 25
873 0 25
874 0 25
875 0 25
876 0 25
877 0 25
878 0 25
879 0 25
880 0 25
881 0 25
882 0 25
883 0 25
884 0 25
885 0 25
886 0 25
887 0 25
888 0 25
889 0 25
890 0 25
891 0 25
892 0 25
893 0 25
894 0 25
895 0 25
896 0 26
897 0 26
898 0 26
899 0 25
900 0 26
901 0 26
902 0 26
903 0 26
904 0 26
905 0 26
906 0 26
907 0 26
908 0 25
909 0 25
910 0 25
911 0 25
912 0 25
913 0 25
914 0 25
915 0 25
916 0 25
917 0 25
918 0 25
919 0 25
920 0 26
921 0 26
922 0 26
923 0 26
924 0 26
925 0 26
926 0 26
927 0 26
928 0 26
929 0 26
930 0 26
931 0 26
932 0 26
933 0 26
934 0 26
935 0 26
936 0 26
937 0 26
938 0 26
939 0 26
940 0 26
941 0 26
942 0 26
943 0 26
944 0 26
945 0 26
946 0 26
947 0 26
948 0 26
949 0 26
950 0 26
951 0 26
952 0 26
953 0 26
954 0 26
955 0 26
956 0 26
957 0 26
958 0 26
959 0 26
960 0 26
961 0 26
962 0 26
963 0 26
964 0 26
965 0 26
966 0 26
967 0 26
968 0 26
969 0 26
970 0 26
971 0 26
972 0 26
973 0 26
974 0 26
975 0 26
976 0 26
977 0 27
978 0 27
979 0 26
980 0 26
981 0 26
982 0 26
983 0 26
984 0 26
985 0 26
986 0 26
987 0 26
988 0 26
989 0 26
990 0 26
991 0 26
992 0 26
993 0 26
994 0 26
995 0 26
996 0 26
997 0 26
998 0 26
999 0 26
1000 0 26
1001 0 26
1002 0 26
1003 0 26
1004 0 26
1005 0 27
1006 0 27
1007 0 27
1008 0 27
1009 0 27
1010 0 27
1011 0 27
1012 0 26
1013 0 26
1014 0 26
1015 0 26
1016 0 26
1017 0 26
1018 0 26
1019 0 26
1020 0 26
1021 0 26
1022 0 26
1023 0 26
1024 0 26
1025 0 26
1026 0 26
1027 0 26
1028 0 26
1029 0 26
1030 0 26
1031 0 26
1032 0 26
1033 0 26
1034 0 26
1035 0 26
1036 0 26
1037 0 26
1038 0 26
1039 0 26
1040 0 26
1041 0 26
1042 0 27
1043 0 27
1044 0 27
1045 0 27
1046 0 27
1047 0 27
1048 0 27
1049 0 27
1050 0 27
1051 0 27
1052 0 26
1053 0 26
1054 0 27
1055 0 27
1056 0 27
1057 0 27
1058 0 27
1059 0 27
1060 0 27
1061 0 27
1062 0 27
1063 0 27
1064 0 27
1065 0 27
1066 0 27
1067 0 27
1068 1 27
1069 1 27
1070 1 27
1071 1 27
1072 1 27
1073 1 27
1074 1 27
1075 1 27
1076 1 27
1077 1 27
1078 1 28
1079 1 28
1080 1 28
1081 1 28
1082 1 28
1083 1 28
1084 1 28
1085 1 28
1086 1 28
1087 1 28
1088 1 29
1089 1 28
1090 1 29
1091 1 29
1092 1 29
1093 1 29
1094 1 29
1095 1 29
1096 1 29
1097 1 29
1098 1 29
1099 1 29
1100 1 29
1101 1 29
1102 1 29
1103 1 29
1104 1 29
1105 1 29
1106 1 29
1107 1 29
1108 1 29
1109 1 29
1110 1 29
1111 1 29
1112 1 29
1113 1 29
1114 1 29
1115 1 29
1116 1 29
1117 1 29
1118 1 29
1119 1 29
1120 1 29
1121 1 29
1122 1 29
1123 1 29
1124 1 29
1125 1 29
1126 1 29
1127 1 29
1128 1 29
1129 1 29
1130 1 29
1131 1 29
1132 1 30
1133 1 30
1134 1 30
1135 1 29
1136 1 30
1137 1 30
1138 1 30
1139 1 30
1140 1 30
1141 1 30
1142 1 30
1143 1 30
1144 1 30
1145 1 30
1146 1 30
1147 1 30
1148 1 30
1149 1 30
1150 1 31
1151 1 31
1152 1 31
1153 1 31
1154 1 31
1155 1 30
1156 1 30
1157 1 30
1158 1 30
1159 1 31
1160 1 31
1161 1 31
1162 1 31
1163 1 31
1164 1 31
1165 1 31
1166 1 31
1167 1 31
1168 1 31
1169 1 31
1170 1 31
1171 1 31
1172 1 31
1173 1 31
1174 1 30
1175 1 31
1176 1 31
1177 1 31
1178 1 31
1179 1 31
1180 1 31
1181 1 31
1182 1 31
1183 1 31
1184 1 31
1185 1 31
1186 1 31
1187 1 31
1188 1 31
1189 1 31
1190 1 31
1191 1 31
1192 1 31
1193 1 31
1194 1 31
1195 1 31
1196 1 31
1197 1 31
1198 1 31
1199 1 31
1200 1 31
1201 1 31
1202 1 31
1203 1 31
1204 1 31
1205 1 31
1206 1 31
1207 1 31
1208 1 31
1209 1 31
1210 1 31
1211 1 31
1212 1 31
1213 1 31
1214 1 31
1215 1 31
1216 1 31
1217 1 31
1218 1 31
1219 1 31
1220 1 31
1221 1 31
1222 1 31
1223 1 31
1224 1 31
1225 1 31
1226 1 31
1227 1 31
1228 1 31
1229 1 31
1230 1 31
1231 1 31
1232 1 31
1233 1 31
1234 1 31
1235 1 31
1236 1 31
1237 1 31
1238 1 31
1239 1 31
1240 1 31
1241 1 31
1242 1 31
1243 1 31
1244 1 31
1245 1 31
1246 1 31
1247 1 31
1248 1 31
1249 1 31
1250 1 31
1251 1 31
1252 1 31
1253 1 31
1254 1 31
1255 1 31
1256 1 31
1257 2 31
1258 2 31
1259 2 31
1260 2 31
1261 2 31
1262 2 31
1263 2 31
1264 2 31
1265 2 31
1266 2 31
1267 2 31
1268 2 31
1269 2 31
1270 2 31
1271 2 31
1272 2 31
1273 2 31
1274 2 31
1275 2 31
1276 2 31
1277 2 31
1278 2 31
1279 2 31
1280 2 31
1281 2 31
1282 2 31
1283 2 31
1284 2 31
1285 2 31
1286 2 31
1287 2 31
1288 2 31
1289 2 31
1290 2 31
1291 2 31
1292 2 31
1293 2 31
1294 2 31
1295 2 31
1296 2 31
1297 2 31
1298 2 31
1299 2 31
1300 2 31
1301 2 31
1302 2 31
1303 2 31
1304 2 31
1305 2 31
1306 2 31
1307 2 31
1308 2 31
1309 2 31
1310 2 31
1311 2 31
1312 2 31
1313 2 31
1314 2 31
1315 2 31
1316 2 31
1317 2 31
1318 2 31
1319 2 31
1320 2 31
1321 2 31
1322 2 31
1323 2 31
1324 2 31
1325 2 31
1326 2 31
1327 2 31
1328 2 31
1329 2 31
1330 2 31
1331 2 31
1332 2 31
1333 2 31
1334 2 31
1335 2 31
1336 2 31
1337 2 31
1338 3 31
1339 3 31
1340 3 31
1341 3 31
1342 3 31
1343 3 31
1344 3 31
1345 3 31
1346 3 31
1347 3 31
1348 3 31
1349 3 31
1350 3 31
1351 3 31
1352 3 31
1353 3 31
1354 3 31
1355 3 31
1356 3 31
1357 3 31
1358 3 31
1359 3 31
1360 3 31
1361 3 31
1362 3 31
1363 3 31
1364 3 31
1365 3 31
1366 3 31
1367 3 31
1368 3 31
1369 3 31
1370 3 31
1371 3 31
1372 3 31
1373 3 31
1374 3 31
1375 3 31
1376 3 31
1377 3 31
1378 4 31
1379 4 31
1380 4 31
1381 4 31
1382 4 31
1383 4 31
1384 4 31
1385 4 31
1386 4 31
1387 4 31
1388 4 31
1389 4 31
1390 4 31
1391 4 31
1392 4 31
1393 4 31
1394 4 31
1395 4 31
1396 4 31
1397 4 31
1398 4 31
1399 4 31
1400 4 31
1401 4 31
1402 4 31
1403 4 31
1404 4 31
1405 4 31
1406 5 31
1407 5 31
1408 5 31
1409 5 31
1410 5 31
1411 5 31
1412 5 31
1413 5 31
1414 5 31
1415 5 31
1416 5 31
1417 5 31
1418 5 31
1419 5 31
1420 5 31
1421 5 31
1422 5 31
1423 5 31
1424 5 31
1425 5 31
1426 5 31
1427 5 30
1428 5 31
1429 5 31
1430 5 31
1431 5 31
1432 5 31
1433 5 31
1434 5 31
1435 5 31
1436 5 30
1437 5 30
1438 5 30
1439 5 30
1440 5 30
1441 6 30
1442 6 30
1443 6 30
1444 6 30
1445 6 30
1446 6 30
1447 6 30
1448 6 30
1449 6 30
1450 6 30
1451 6 30
1452 6 30
1453 6 30
1454 6 30
1455 6 30
1456 6 30
1457 6 30
1458 7 30
1459 7 30
1460 7 30
1461 7 30
1462 7 30
1463 7 30
1464 7 30
1465 7 29
1466 7 29
1467 7 29
1468 7 29
1469 7 29
1470 7 29
1471 7 29
1472 7 29
1473 8 29
1474 8 29
1475 8 29
1476 8 29
1477 8 29
1478 8 29
1479 8 29
1480 8 29
1481 8 29
1482 8 29
1483 8 29
1484 8 29
1485 8 29
1486 8 29
1487 8 29
1488 8 29
1489 8 29
1490 8 29
1491 8 29
1492 8 29
1493 8 29
1494 9 29
1495 9 29
1496 9 29
1497 9 29
1498 9 29
1499 9 29
1500 9 29
1501 9 29
1502 9 29
1503 9 29
1504 9 29
1505 9 29
1506 9 29
1507 10 29
1508 10 29
1509 10 29
1510 10 29
1511 10 29
1512 10 29
1513 10 28
1514 10 28
1515 10 28
1516 10 28
1517 10 28
1518 10 28
1519 11 28
1520 11 28
1521 11 28
1522 11 28
1523 11 28
1524 11 28
1525 11 28
1526 11 28
1527 11 28
1528 11 28
1529 11 28
1530 11 28
1531 11 28
1532 11 28
1533 11 28
1534 12 28
1535 12 28
1536 12 28
1537 12 28
1538 12 28
1539 12 28
1540 13 28
1541 13 28
1542 13 28
1543 13 28
1544 13 28
1545 13 28
1546 13 28
1547 13 28
1548 13 28
1549 13 28
1550 13 28
1551 14 28
1552 14 28
1553 14 28
1554 14 28
1555 14 28
1556 14 28
1557 15 27
1558 15 27
1559 15 27
1560 16 27
1561 17 27
1562 17 27
1563 17 27
1564 18 27
1565 18 27
1566 18 27
1567 18 27
1568 18 27
1569 19 27
1570 19 27
1571 19 27
1572 19 27
1573 19 27
1574 19 27
1575 19 27
1576 19 27
1577 19 27
1578 19 27
1579 19 27
1580 20 27
1581 20 27
1582 20 27
1583 20 27
1584 20 27
1585 20 27
1586 20 27
1587 21 27
1588 21 27
1589 22 27
1590 23 27
1591 23 27
1592 23 27
1593 23 27
1594 23 27
1595 23 27
1596 23 27
1597 24 27
1598 24 27
1599 24 27
1600 24 27
1601 24 27
1602 25 27
1603 27 27
1604 27 27
1605 27 27
1606 27 27
1607 28 26
1608 28 26
1609 28 26
1610 29 26
1611 29 26
1612 29 26
1613 29 26
1614 29 26
1615 29 26
1616 29 26
1617 30 26
1618 34 26
1619 34 26
1620 35 26
1621 39 26
1622 43 26
1623 53 26
1624 53 26
1625 55 26
1626 56 26
1627 57 26
1628 57 26
1629 62 26
1630 62 26
1631 62 26
1632 65 26
1633 67 26
1634 67 26
1635 67 26
1636 69 26
1637 69 26
1638 73 26
1639 73 26
1640 73 26
1641 81 26
1642 100 26
